-108.67085793655727
-65.26743706352001
-56.73657097182642
-38.88573042504694
-26.88423580048658
-18.48301939038310
-12.49366586328068
-8.71312553373660
-6.14958640876821
-4.03028739750056
-2.78525840502771
-1.89354907037568
-1.30360520920594
-0.91607738240447
-0.62490017073684
-0.42428071152295
-0.29976433268537
-0.23221454661052
-0.15823409604868
-0.13031396858436
-0.10768071085704
-0.08539513052414
-0.07516973801743
-0.07326183110154
-0.05651056580264
-0.04308273385985
-0.04255999781835
-0.04768316580169
-0.06523053550788
-0.05466511290734
-0.03994132410596
-0.03010414551046
-0.02617912489167
-0.02122042493791
-0.01760528579524
-0.02688201938620
-0.02341299220739
-0.01908900303319
-0.03034997765626
-0.03644810862849
-0.02713373694778
-0.01555493479499
-662.89259591620305
-8.89769560617238
-1289.57278102972577
-1241.18804890899128
-1180.51250408810915
-1055.46503715762788
-1044.64416161718918
-930.21801365607485
-727.18295972260114
-596.85656162930377
-474.57170553258231
-395.64915881460303
-336.86523272883011
-305.11179691959831
-209.85905132669964
-196.44204203106872
-132.00690609632025
-100.51867754407357
-96.37717800219534
-39.82839548451364
-24.14633889846667
-30.26225077449914
-16.07892333338290
-8.47248774337033
-4.05052269382777
-2.28143908969555
-3.54291199117611
-4.84563630077353
-2.68237397637534
-3.05116385017115
-5.04774395487898
-3.18682883757930
-1.46377248541247
-0.92346224810792
-413.20462935144207
-378.34845016439732
-357.83816171373212
-366.41073366848087
-379.12066595989910
-359.27218931082155
-327.54837612821615
-323.79311878601510
-309.66857474563676
-264.55801624130510
-254.79245292248939
-235.25050869559846
-195.74349158465392
-157.78772085730765
-134.34643166676406
-106.17139477391171
-132.75415950491816
-154.44705760443878
-134.93586762388162
-107.65770012736357
-93.48920912550270
-65.94605285204491
-73.45754327397036
-75.91781241934376
