-10.00000000000000
-8.00000000000000
-6.50000000000000
-6.65000000000000
-6.78500000000000
-6.80650000000000
-4.02585000000000
-4.12326500000000
-2.61093850000000
-2.64984465000000
-2.68486018500000
-0.11637416650000
-1.10473674985000
-1.09426307486500
0.21516323262150
-0.50635309064065
2.34428221842342
2.00985399658107
1.00886859692297
1.40798173723067
1.56718356350760
4.31046520715684
3.17941868644116
2.56147681779704
4.30532913601734
3.57479622241561
2.71731660017404
3.84558494015664
3.86102644614098
4.17492380152688
2.95743142137419
1.76168827923677
0.78551945131309
-0.19303249381822
-0.97372924443639
-0.57635631999275
3.08127931200652
2.27315138080587
1.74583624272528
2.27125261845275
1.94412735660748
2.34971462094673
1.51474315885206
6.66326884296685
6.19694195867017
5.67724776280315
4.70952298652284
5.03857068787055
4.23471361908350
6.31124225717515
4.88011803145763
3.19210622831187
4.47289560548068
6.92560604493261
5.03304544043935
3.22974089639542
2.10676680675588
1.69609012608029
1.52648111347226
2.27383300212503
1.24644970191253
1.62180473172128
2.05962425854915
1.85366183269423
3.96829564942481
4.47146608448233
2.92431947603410
1.53188752843069
0.87869877558762
0.69082889802886
0.82174600822597
0.83957140740337
0.55561426666304
0.40005283999673
1.56004755599706
1.90404280039735
1.51363852035762
1.56227466832186
4.40604720148967
2.96544248134070
2.56889823320663
1.51200840988597
0.96080756889737
0.26472681200764
1.23825413080687
0.81442871772618
0.93298584595357
1.33968726135821
0.60571853522239
6.74514668170015
7.27063201353014
5.74356881217712
5.06921193095941
4.06229073786347
6.15606166407712
6.64045549766941
5.27640994790247
8.64876895311222
8.68389205780100
8.51550285202090
6.86395256681881
10.07755731013693
9.66980157912324
15.70282142121092
14.83253927908982
16.04928535118084
14.24435681606276
13.91992113445648
16.72792902101083
15.55513611890975
17.99962250701878
16.69966025631690
16.92969423068521
21.53672480761669
32.08305232685503
33.57474709416952
29.71727238475257
31.14554514627731
30.43099063164959
28.18789156848463
25.86910241163616
25.08219217047255
23.37397295342529
22.83657565808277
21.35291809227449
23.91762628304704
23.12586365474234
21.61327728926810
21.95194956034129
24.15675460430717
24.94107914387645
27.64697122948881
29.88227410653992
28.79404669588593
28.81464202629734
35.83317782366761
35.84986004130085
31.76487403717076
31.28838663345369
33.45954797010832
32.41359317309749
30.37223385578774
33.73501047020897
32.36150942318807
32.22535848086927
42.00282263278234
43.40254036950411
40.66228633255370
42.79605769929833
42.81645192936850
42.93480673643165
42.94132606278848
46.34719345650964
42.91247411085867
40.22122669977281
44.09910402979553
41.68919362681598
46.62027426413438
42.85824683772094
57.77242215394885
58.39517993855397
74.55566194469857
87.00009575022872
96.90008617520584
120.71007755768527
136.13906980191675
167.62516282172507
200.86264653955257
