-10.00000000000000
-8.90000000000000
-7.71000000000000
-5.43900000000000
-5.29510000000000
-2.76559000000000
-3.38903100000000
-3.75012790000000
-2.47511511000000
-3.02760359900000
-2.12484323910000
-2.31235891519000
-2.08112302367100
-1.77301072130390
-1.49570964917351
-2.54613868425616
-3.39152481583054
-2.15237233424749
-2.03713510082274
-2.43342159074047
-1.79007943166642
-1.21107148849978
-0.98996433964980
-1.89096790568482
-1.60187111511634
-2.04168400360470
-2.93751560324423
-2.14376404291981
-1.42938763862783
0.21355112523495
-0.40780398728854
-0.46702358855969
0.07967877029628
-0.72828910673335
-0.15546019606001
-0.23991417645401
-0.91592275880861
1.77566951707225
3.29810256536503
3.86829230882852
2.98146307794567
4.08331677015110
3.67498509313599
3.30748658382239
2.77673792544015
2.19906413289614
1.57915771960653
1.22124194764587
2.39911775288129
2.95920597759316
2.66328537983384
1.29695684185046
1.66726115766541
1.10053504189887
0.19048153770898
-0.22856661606191
1.19429004554428
0.37486104098985
0.83737493689086
-0.04636255679822
-0.44172630111840
0.10244632899344
-0.10779830390590
0.10298152648469
1.49268337383622
2.24341503645260
3.21907353280734
4.19716617952660
2.97744956157394
3.67970460541655
4.21173414487489
3.49056073038741
2.34150465734866
2.20735419161380
1.28661877245242
0.75795689520718
1.98216120568646
0.98394508511781
4.58555057660603
3.82699551894543
3.54429596705089
6.48986637034580
5.34087973331122
4.20679175998010
5.08611258398209
8.47750132558388
7.22975119302549
7.00677607372294
5.80609846635065
6.42548861971558
5.48293975774403
4.63464578196962
4.07118120377266
5.96406308339539
5.36765677505586
5.63089109755027
5.16780198779524
3.95102178901572
2.85591961011415
6.47032764910273
6.52329488419246
7.77096539577321
8.69386885619589
6.62448197057630
5.36203377351867
5.82583039616681
6.24324735655013
4.71892262089511
4.54703035880560
4.29232732292504
4.66309459063254
6.79678513156928
13.61710661841235
13.15539595657112
11.63985636091401
12.37587072482261
14.63828365234035
12.47445528710631
11.62700975839568
10.66430878255611
13.49787790430050
11.64809011387045
12.38328110248341
11.94495299223507
12.45045769301156
15.00541192371041
14.10487073133937
15.49438365820543
13.44494529238489
16.70045076314640
16.03040568683176
23.42736511814859
26.38462860633373
26.84616574570036
27.46154917113032
28.01539425401729
25.31385482861556
23.68246934575401
24.51422241117861
26.36280017006075
22.92652015305467
23.63386813774920
21.87048132397429
19.48343319157686
17.23508987241917
17.41158088517725
21.67042279665953
25.90338051699357
30.41304246529422
31.97173821876480
32.47456439688832
32.02710795719948
31.32439716147953
27.69195744533158
26.22276170079843
28.90048553071858
36.21043697764673
40.48939327988206
36.64045395189385
36.57640855670447
40.01876770103403
49.31689093093063
52.38520183783756
61.14668165405381
62.53201348864843
60.47881213978359
59.53093092580524
59.97783783322471
55.98005404990224
51.98204864491202
55.98384378042082
63.98545940237874
63.18691346214086
66.36822211592678
65.63139990433410
71.16825991390070
81.15143392251062
82.43629053025957
81.49266147723361
81.54339532951026
82.98905579655923
87.79015021690330
95.11113519521297
101.40002167569168
102.66001950812252
110.99401755731026
132.49461580157924
135.04515422142131
145.24063879927917
141.21657491935125
129.39491742741612
126.15542568467451
125.63988311620707
127.27589480458637
127.24830532412774
140.82347479171497
176.74112731254348
