-10.00000000000000
-8.90000000000000
-7.71000000000000
-5.43900000000000
-5.29510000000000
-2.76559000000000
-3.38903100000000
-3.75012790000000
-2.47511511000000
-3.02760359900000
-2.12484323910000
-2.31235891519000
-2.08112302367100
-1.77301072130390
-1.49570964917351
-2.54613868425616
-3.39152481583054
-2.15237233424749
-2.03713510082274
-2.53342159074047
-2.28007943166642
-3.15207148849978
-2.23686433964980
-2.81317790568482
-3.33186011511634
-2.89867410360470
-3.20880669324423
-3.98792602391981
-2.88913342152783
-2.10022007937505
-2.59019807143754
-0.43117826429379
-0.68806043786441
-1.01925439407797
-1.41732895467017
-1.87559605920315
-2.08803645328284
-2.87923280795456
-2.29130952715910
-2.76217857444319
-2.78596071699887
-2.80736464529898
-3.22662818076909
-2.50396536269218
-2.55356882642296
-2.69821194378066
-2.62839074940260
-2.86555167446234
-2.97899650701610
-2.98109685631449
-0.48298717068304
-1.03468845361474
-1.43121960825327
0.81190235257206
0.73071211731485
0.65764090558337
8.19187681502503
6.57268913352253
5.61542022017028
4.65387819815325
5.48849037833793
4.33964134050413
5.50567720645372
4.05510948580835
6.14959853722751
10.03463868350476
8.43117481515428
8.58805733363886
7.12925160027497
5.71632644024747
5.04469379622273
4.34022441660045
5.20620197494041
4.18558177744637
2.86702359970173
1.88032123973156
2.29228911575840
2.16306020418256
3.04675418376431
7.44207876538788
6.29787088884909
15.16808379996418
13.55127541996776
12.99614787797099
11.09653309017389
14.38687978115650
12.84819180304085
12.76337262273676
12.38703536046309
13.64833182441678
13.18349864197510
15.16514877777759
14.84863389999984
12.96377050999985
11.66739345899987
11.00065411309988
10.90058870178989
15.31052983161091
15.37947684844981
17.34152916360483
17.20737624724435
17.38663862251991
18.04797476026792
19.04317728424113
18.13885955581702
21.72497360023532
21.35247624021179
25.51722861619061
28.86550575457155
29.07895517911440
30.27105966120296
31.74395369508267
36.66955832557440
37.10260249301696
36.69234224371526
40.22310801934374
39.80079721740937
41.02071749566844
56.01864574610160
56.51678117149144
60.26510305434229
82.83859274890807
84.55473347401727
92.59926012661555
92.63933411395399
91.97540070255859
89.87786063230273
86.59007456907246
85.53106711216520
85.87796040094869
91.59016436085382
85.93114792476844
89.83803313229160
89.65422981906244
96.18880683715619
88.06992615344058
83.86293353809651
79.47664018428686
78.62897616585818
85.56607854927236
87.50947069434513
88.05852362491061
96.15267126241956
102.13740413617759
104.42366372255984
107.48129735030386
109.83316761527348
112.34985085374613
116.21486576837151
115.89337919153436
119.40404127238094
121.36363714514285
134.02727343062855
131.92454608756572
130.03209147880915
132.32888233092825
132.19599409783544
136.57639468805189
134.61875521924671
141.45687969732205
145.41119172758985
159.17007255483088
165.05306529934782
163.44775876941304
164.90298289247175
163.01268460322459
163.81141614290212
164.93027452861190
171.43724707575072
180.29352236817564
181.36417013135807
177.62775311822227
172.86497780640005
178.37848002576007
178.44063202318407
173.89656882086567
169.60691193877909
191.64622074490120
184.88159867041108
171.99343880336997
162.39409492303298
157.45468543072971
151.90921688765673
147.41829519889106
149.37646567900194
156.43881911110174
156.29493719999158
156.86544347999242
169.67889913199318
184.51100921879387
203.85990829691451
197.97391746722306
203.67652572050076
196.10887314845070
189.09798583360563
178.58818725024508
180.52936852522060
183.87643167269854
178.58878850542868
177.22990965488583
176.40691868939726
172.76622682045755
155.28960413841182
139.26064372457063
125.63457935211356
113.77112141690220
102.79400927521199
94.81460834769079
94.03314751292172
85.52983276162955
126.97684948546660
