-97.93864462023242
-101.30549946651973
-132.14232371629217
-138.48051101547486
-147.28316650912237
-145.63548290598348
-156.31864689244151
-164.08861920174422
-179.10621243602998
-205.82726096887956
-206.36542368702493
-189.77742705208360
-219.38201713450229
-223.31995811153718
-241.62831112578067
-265.54224409118149
-283.86107625375263
-292.82154539351961
-306.68008679126194
-315.72430184502883
-344.47934061130582
-358.50416517424617
-355.99723994063083
-341.03431798750586
-347.69962535038866
-341.06401747066900
-391.00409404043324
-369.82754522718733
-360.50684395804370
-338.60120513113503
-334.03980763464534
-329.96465957331668
-329.22928950651504
-334.94512220936087
-360.35667635043092
-358.30036289641544
-453.20912237989205
-465.70602717843133
-556.31963923003480
-541.23625168707804
-555.71038765579726
-608.26500905335365
-604.72343061685956
-598.05408967236792
-601.66598531122816
-631.93434163113841
-609.96390902436906
-625.82255670672953
-655.36034823784166
-646.92309276580477
-682.65349006230440
-663.96178336852586
-634.22028121003052
-640.46592306561683
-629.72209548681246
-625.11623589437477
-622.62905401643877
-618.91493371416720
-627.44717363806672
-618.19909039368906
-613.40848772464460
-603.09003539952687
-605.49562560375023
-624.67133451484142
-607.12792334414019
-734.66710330542708
-712.05482731794166
-686.00492266117772
-651.15367393039492
-704.86624874512279
-720.33337755236596
-670.60214426716664
-694.53132840416788
-707.18942751961879
-694.40208959649920
-804.22902446959097
-804.11087087632552
-888.24930567425054
-876.57648694985312
-856.90978809848446
-819.51814403931235
-777.99730862691604
-771.11128406926605
-763.67666934563886
-724.66079001599235
-697.89316805600276
-664.89412751558643
-669.61655675976613
-675.45688669663184
-671.01541997135860
-671.03406021273065
-667.26561317217977
-639.39328699878558
-620.81620925755135
-619.92342952252625
-832.99093230278413
-819.79956280700708
-816.43208998568093
-795.38508662903678
-778.10352402754722
-763.43563011518302
-758.60195693345383
-700.90420873290850
-637.28564683040520
-649.86220393041776
-658.06760029659779
-661.78425435898725
-665.28413373472165
-610.79498881707514
-566.35351414346519
-591.30686958813612
-587.18303530577975
-550.14527563426668
-545.36984378344243
-493.64338913145343
-503.43239428055421
-504.78904098665697
-464.87885167831644
-472.71209846026483
-454.07934805724705
-426.26927735635934
-409.28438494098788
-583.53663565046963
-571.55710500983628
-534.93073953399971
-493.33287527639288
-455.34481663337090
-429.38677690211335
-435.22026856284538
-401.68165585476379
-374.33890737355824
-359.26367068910548
-373.07010840241861
-343.04028093379452
-319.52500218055269
-298.10057435544417
-282.34509557262550
-311.01265668593680
-317.44765680065018
-326.02298774433052
-347.54894861755554
-318.32576773997749
-291.00393684225890
-270.33206480503713
-287.28163231683885
-320.54676870242929
-327.99555234302386
-327.04040105926737
-334.78651332820726
-361.27271091182615
-379.10287043660583
-373.89107831530816
-384.03158476049873
-394.73274612868238
-393.16444018629886
-376.73925164657089
-394.72044568739597
-405.95162697623130
-420.73992154955494
-434.35041718449071
-429.51118487082744
-439.58077093891205
-461.49653666683309
-478.68371632853768
-494.79770844091456
-512.45340590821593
-511.06328680168855
-502.05686987128291
-512.12774273325613
-507.27447266208037
-506.42428571598452
-493.60662615852806
-482.83221627260639
-467.81756781761635
-462.19106629369986
-477.70519849687690
-482.62484667258155
-497.63966912849651
-500.88181190126323
-480.33944588028970
-453.62524507338532
-463.57279173158133
-467.13106970328232
-437.89844269712097
-420.58052391711283
-409.49827960277076
-421.14848274154548
-409.26018149472708
-402.37133382830064
-379.37487032450679
-368.59327946016282
-361.33436749403268
-331.96166845192357
-348.77118137312425
-327.23164477499648
-328.50613242317337
-350.00511255783317
-351.92115804492119
-378.02523886703699
-394.69520642289604
-422.79041855665304
-399.44050461464155
-370.69190125215209
-376.13786653449154
-356.70603334148717
-353.58046269809688
-321.12559686534860
-351.02106130879372
-340.94800561865048
-335.24302018256572
-337.20613438752650
-345.33718472652492
-332.47273385380680
-321.23745032134758
-303.68282792678434
-283.22783187268254
-264.91503365725629
-294.73621558479647
-286.68109395930946
-261.33852483126913
-261.57997306183194
-282.21653467013232
-299.85228893725480
-309.92361694706904
-285.80461303171808
-258.88854547658582
-232.11827582900119
-224.34554697886591
-244.43816021666291
-230.60980031951419
-253.09463453502661
-228.68359208869654
-234.41228257764982
-248.92122444896140
-231.30128438584697
-216.06525290268439
-209.76252743993467
-200.09229156205285
-189.65425526905088
-173.67948931200968
-153.52854107165049
-135.60312699105356
-128.21964599602973
-121.76721783647673
-119.00411713039152
-130.57578303848334
-147.52893300512116
-161.44675504916364
-151.48888578731643
-140.96297656966712
-137.76161891239565
-122.09404609636954
-110.96433076581357
-103.92060848896784
-100.59265949922570
-92.26176390701207
-86.88482219610914
-92.20132397157438
-86.05578344034140
-79.22192725455403
-80.79447238315623
-87.09227603789623
-101.41203154821325
-115.49152518723743
-130.43214279938212
-164.97038941953701
-151.22257389271888
-150.35300675813343
-152.71372098798531
-159.54972778729274
-152.15836455003898
-140.75139486932881
-151.96152308875298
-141.34944759661701
-123.81260738852923
-114.37775245825269
-104.75187636654744
-90.82263569683184
-81.12950495533562
-75.24288981400123
-66.49735345090332
-59.45687541766704
-53.84924329562281
-47.14535577840607
-42.28368174767273
-39.25463454123526
-36.52342626859387
-47.82591756909819
-43.54241254809800
-39.57884093707567
-39.41929260715509
-29.03821603413862
-45.63672335350699
-43.31709474404922
-41.41585927697584
-36.92111504765565
-33.86524686689987
-32.15815409995191
-35.15497638634543
-37.67665858759602
-31.52148690304766
-37.02828532331570
-35.55269784203720
-38.31781656809039
-39.32204326727114
-40.93393835162144
-33.60591362773711
-35.80708101054845
-40.52219342926460
-46.22850672793054
-49.14654065159151
-49.83798614808177
-53.73248158816347
-53.43143778282975
-50.17256022183353
-44.74058582746058
-45.27740100092140
-42.23084772073984
-51.71620357992553
-50.27017445291488
-48.18473657580876
-42.76585737115209
-39.70127579311466
-39.19576920803112
-42.24591309492139
-40.70457180758659
-44.63644972891409
-42.26682253164917
-37.66178250766219
-33.80650692411507
-29.95436310982784
-25.81090363285341
-27.42131516908021
-28.04160747757688
-34.27955386672615
-27.42397004509376
-31.41107632579111
-30.57788912929661
-28.05700970106391
-41.92321497598910
-44.18699135693512
-50.61273558396524
-45.33060338831486
-40.24271057521534
-36.51299379580750
-30.77344413482696
-23.72145716673995
-30.06394296835504
-27.18275433545927
-36.00604240563748
-33.15374427355023
-29.60136309855385
-30.69467208640411
-34.79426922994726
-42.28058871702273
-28.89004828540028
-50.04782313541560
-41.22899665852537
-55.27893540903135
-58.38286615806698
-53.94329108573989
-65.93973525895291
-49.80535915469672
-46.02827415959867
-45.30049532807377
-39.72622162520784
-31.39999886093066
-40.06515586561493
-52.72752909819886
-62.41589363459102
-73.39336415651283
-90.93333822196735
-115.92810464780516
-106.53462869998177
-122.91901686949018
-140.17533799846080
-152.60634939545685
-176.66420626922633
-167.73234268081404
-153.44708257161150
-144.45863009087577
-200.82912304533096
-189.50078570400672
-207.57883895913059
-223.74053347191895
-228.95864648582824
-248.09025793953094
-262.88568616968843
-237.35277807799514
-215.78956989452587
-194.13879325120442
-188.00722840358645
-183.59172478458677
-169.47648723254278
-156.45866349837860
-172.93517846426221
-164.24342486096793
-151.64256238192766
-177.99608366392673
-166.86262805522964
-168.22619309553397
-160.70134222783059
-171.41467830386500
-176.34199233433824
-174.41995777494975
-180.49927918249085
-160.83646204878079
-144.12265426092159
-125.64865768050099
-131.92219198322704
-121.12454376936891
-106.73186808104676
-90.07858296861744
-77.33555101546706
-71.07808013916583
-60.46723137451072
-59.28290483236494
-53.88005993828786
-53.04551134972239
-39.57150266717964
-31.30249799734785
-23.14144724986556
-18.00260509892025
-6.56422525175361
-4.39898510483783
-7.52353142046599
-8.81974707010865
-10.59797196520671
-15.33586529051784
-14.70303656301946
-11.46253919337948
-13.84355024096737
-13.64369454374939
-14.77703500687587
-11.95885518250599
-12.17173998494910
-15.94048746674459
-17.23458965995157
-18.52798774824236
-21.77043755839453
-19.93598518770038
-22.19122667897032
-22.51628338205848
-21.82981441033940
-19.13436140364814
-17.68953753040882
-18.96736022656708
-15.03228439204477
-16.27931456867594
-15.64861094722459
-11.86732697460934
-11.97921902215097
-8.94707022798990
-5.67211346281393
-7.34126781896294
-12.17548450691728
-17.71059549411568
-14.85633935231477
-15.67798872906322
-14.35843300198408
-9.59041859588016
-2.82095886580489
-7.25014907795553
-9.02933450878138
-7.25653588900426
-4.32568460046891
-7.61949014411299
-6.78234241851159
-8.31337621589242
-11.64580062493904
-13.69615384863010
-16.17418944245873
-3.97777812699618
-3.15704437530602
-5.40957846119735
2.01475261256808
-6.79017031255219
-4.57794031646662
-3.33063553605876
1.00808658782146
6.46823453824929
7.40664618019534
7.20028650056999
7.53565546665446
7.79337047531845
12.64865320447653
13.47834283491053
12.93703172933994
2.14940023420277
-4.81047604096247
-16.69736472287098
-28.13034058286869
-30.04757972683710
-45.59560609947009
-54.02432941553474
-60.53084752092533
-48.65847447764011
-44.18547846294862
-57.00890898590587
-64.24634429656258
-78.69036874701376
-89.21577979305987
-90.80127085151652
-98.91808651286490
-102.34155541562285
-87.87619490793047
-76.97571074014681
-74.43495979499878
-90.70275884992664
-85.65466597414800
-74.73279769436697
-63.60668422173914
-52.07031917220566
-49.33778318437751
-43.32362068032358
-69.32179612277848
-62.72748966192448
-51.72520958480830
-44.04860460499384
-38.62081816391880
-32.48856041345142
-28.22021234191199
-41.17362658341090
-36.90754551662194
-38.00830995247326
-33.34603017790648
-35.91925407170600
-31.63791224899027
-39.15486625531271
-43.88925261820739
-45.67224292051675
-48.62702989067393
-50.58061323316232
-42.32745139039952
-44.61977299396715
-36.29087911218755
-32.80132203859639
-33.18383438865968
-32.09580077686337
-27.05314023157697
-27.70132336710511
-29.37511039381596
-27.90060910225554
-24.01727856491364
-22.46293176253560
-21.70788185299685
-16.84673890928931
-18.85558744954082
-8.54983941954097
-9.56555802951677
2.08220655694243
-3.93469956418560
-3.73749777646484
-2.65926036359698
-2.75692651833467
-11.14124415646848
-8.32290062846375
-7.51975051154953
-17.46010457191375
-20.96004919366588
-16.83229965320794
-40.23128885844947
-32.85812322452527
-34.97725270660329
-34.61470007954495
-35.54790166505152
-30.26789593505435
-34.29448086660357
-40.79067684530690
-39.74655440748630
-40.84544190302896
-46.84925494201646
-50.82994180341673
-50.00958536281111
-51.34479676599231
-60.81508075133296
-57.53832428429204
-56.55886927478622
-64.41101298851947
-61.12575983930342
-60.98508055535710
-56.47992402558764
-53.66990387645809
-48.18350169451639
-49.27861322663308
-59.75945299094397
-56.88810518237882
-54.25816659348865
-57.44299011166282
-52.49585815701813
-55.14589515142355
-46.63769697530020
-43.21580211263008
-45.34979787403134
-45.09773579579915
-39.11259136641241
-28.28172095939770
-31.22097754462023
-30.82419233947758
-40.16094443069600
-29.85434446500300
-43.36664921976553
-44.01008480911527
-39.37209977802314
-43.58256649518663
-42.19918689989218
-36.46070048375051
-36.91135372392058
-42.10537617259745
-28.33895554533222
-38.46095963783434
-39.61228378265344
-52.42259230302184
-46.46778279329700
-38.39884065446770
-37.95810674264915
-35.34347352216457
-30.49368450899478
-22.45041310676214
-25.98025561421565
-20.59096662050433
-22.01905531676202
-20.19131630707007
-21.10723471031250
-21.53401170293234
-11.98229902139590
-14.63392374849859
-22.76257777134752
-21.51037982966818
-19.57023507087864
-32.76964890442588
-33.43520526205591
-42.80357968336850
-39.73060565628089
-37.30688662291620
-35.69101954234869
-32.35613928033391
-28.48520161926902
-12.90973859355347
-15.89009307638476
-17.22755651841772
-28.07673109262926
-26.97653432534329
-24.12518862410804
-29.35120898132779
-27.19830606651697
-29.23879965863429
-36.06834566532713
-37.03061223175302
-35.83244662548143
-32.91605714987127
-39.43251551569756
-48.07486827710777
-40.29515810935751
-34.36984944483907
-28.92422994517829
-26.74186554888867
-29.41601041520066
-23.94915899368254
-19.11384004459351
-6.34206034172097
-10.05265636557721
-9.22038073859125
-15.22279954265667
-20.28798900513615
-20.14178817975934
-16.30784056486086
-15.10889467181662
-18.73870836967934
-27.49959836350708
-17.79809673476850
-26.92192948461446
-20.15069772741439
-13.96691628271992
-12.77180434710644
-13.82223692872245
-23.26835159222147
-13.69044845891130
-38.27191189794159
-44.73482069644755
-55.94435779439254
-55.33168359452844
-53.73235964948699
-47.25101094117655
-36.48304357938247
-28.51549617862756
-14.30215996782477
-14.77228778995256
-4.51343195531660
-2.52036479361963
-6.19863524568419
-12.34992474036692
-6.92232188150090
-4.38952455298829
7.08248445740068
19.38681913302886
6.24574435236164
4.78941898665364
1.38735377135916
2.32808202191981
13.88029127461418
15.20523781973469
13.07406113580257
9.48843566911852
17.17689270523371
17.55813827324073
21.51487535976436
19.04226614117803
17.07518995145757
15.48712306189573
23.39692418661275
19.50620032424565
29.23386321334757
27.27643074143573
23.12741067597632
30.28959748548350
31.42189910840418
32.66398354188952
42.48694326047013
52.00248838047784
60.13190563136864
56.18505169635233
53.89126764819459
47.33024642229686
52.81807113197739
47.38107436711018
41.09560094958823
44.43411811396831
27.28909873015278
6.42173338125787
16.70876167797906
25.71966520300748
25.91180623490148
30.93205600071961
48.03627425609321
44.91485473285603
48.57016315767851
46.37930268589284
41.54094360958946
48.43916700336029
39.97781649421495
50.63988253893280
51.15178218388873
31.46849179610668
28.69884417525921
42.19816434327436
13.54758277568862
20.56083143215553
16.21085429461750
0.61285392927572
-3.06670094957826
-19.08186187262799
-5.46448630956228
14.55065114501556
23.16121388501472
30.51038437768388
23.30083053501739
1.49754879601090
8.01807933054415
7.55793317960003
13.80070343692801
20.06347449731328
12.53968759006651
15.64957461917056
7.63579645579612
6.20342526752626
-7.21730189574647
0.31751111834739
6.13153316187989
10.36589176123777
15.13771392579167
19.04481134668456
3.26081297930703
11.07842234366605
21.35135400169505
23.58562154933506
24.10337841574437
30.58933309506628
23.49710100424966
16.69188049289935
21.90752458728279
31.34158541440928
27.86339843996568
24.16830577465928
20.76357097778597
7.09669912563275
6.26804622948916
6.50277335948456
6.39736140086803
8.75425699042437
6.04090097731096
6.09636443430464
6.49275613239763
3.67680208303103
2.74538354858276
2.17667177889053
-2.16407957398980
-2.87041283440875
-5.93223511648661
-2.44683056549349
18.65983913850448
19.04115382584300
15.55720201937971
34.01736666165254
26.76984177226368
23.28322076715450
21.17915132197455
6.41216727283413
5.06108625810157
0.55704064910841
-5.59293161266864
-6.31002464240113
-6.70448712941478
-9.48327091902156
-9.01053642804394
-11.92996814188399
-7.73619480349931
-4.38105490357986
-10.39173002317276
-16.38190104791194
-15.49543614633135
-20.37222527335781
-32.05194264374871
-32.15655051945372
-28.88012720990974
-41.71458811886261
-40.83778409201551
-18.38039952976957
-19.43318714978116
-18.72386955015166
-14.65219937703234
-20.18639243792585
-19.44821449695225
-18.07622756519675
6.78953486820790
1.80119104714360
1.98763398708978
0.22431495521549
-0.40670825662879
-1.95476743793496
0.23279476926552
0.59958486388728
0.43515578375919
-0.30700784526836
-0.31067481585195
21.76618325035483
45.08732067326939
67.45258208392764
62.14633343594949
56.09028315367676
51.38369937015508
46.89779243347049
46.53351126358721
44.57609008657386
42.68797711703873
35.67559285963295
31.64742190153547
28.51696885819189
27.01093036006865
21.26985086585862
19.96742705041994
21.13321357529401
44.24537198439743
35.66726290865654
55.77444299762611
49.25000683100639
49.00038625141473
47.14491433572215
64.33967316872524
60.80148845387782
71.85350508899083
62.94921262272318
58.35404040521421
73.51761755750026
63.08850668087099
54.70937238490968
43.33834728292103
57.12204933742814
55.48168399227956
73.66026486549788
72.04522237014055
64.35008173138284
80.74461093684589
69.90250253834316
78.23850976120470
67.96881730341478
85.75744315109634
76.68594789223985
71.71405112631074
63.19369454326907
76.18902324773396
91.76495426839446
63.62696368456638
57.58641858998230
73.39445359156242
66.44450534812094
71.33824249105433
63.27681580664809
57.93252092572315
54.46288322742080
70.28111143851100
64.32262851671531
56.38038598676461
51.41078512605294
47.14529834656484
44.08991876595504
43.70584590174167
46.57506651785045
33.38419764282838
26.03735086763832
27.17547209207364
23.09743716428384
47.36919742489646
42.45647698294098
37.74341531237582
55.39033468583985
64.60412226705836
71.16643897474422
87.24178697610134
70.16236614637722
60.91506926591917
58.53818890885906
56.89259614306707
58.53327277683024
48.41909144493592
68.90590222418592
64.57634133290514
64.69579520149119
59.65557082012842
50.52917893795761
46.91912050607699
36.55443552381394
52.33045502750736
60.63324237091440
55.17008279468956
45.81404872089886
54.01695757420529
38.53282745170220
56.12410211438242
46.87531280153041
63.43175004065007
53.07464919310859
41.25108139638202
63.49295856846562
54.95051645964080
45.74347819069002
40.01895346487601
56.12143433163359
66.79166458784843
54.80974762909914
49.17409089542224
38.85401346501526
30.18837177441664
28.90893094326966
6.07333619130045
4.15385744838356
-1.26860374807151
21.29488687775066
14.12905652143510
35.88678643058553
56.83436191927308
38.91801243688284
35.86727651766392
24.69052565565631
43.24736070698908
42.60295340572683
35.86506555068838
18.69028118591257
12.22711444963901
28.28480407823488
17.81811675391076
38.70205435566582
35.27404190616411
28.69201991366704
23.52363395486753
44.29111624757506
33.77838205372394
48.28668440689572
38.06251001915300
53.04980402550601
44.33966226140361
38.85213689959906
31.65286727226106
28.80483849544356
20.44514325049610
15.62904133467150
17.12606913870914
35.87903154759029
53.00531441138905
46.64677019188215
63.49837090189592
59.48936295958951
52.45140586065853
70.52375629030928
62.73200422747028
49.42899109180056
41.29000769713045
40.71130420685582
53.35696658579879
46.90106765759782
64.55757265271630
59.06185264995615
53.08513889227186
46.59963472575744
44.32972760752896
61.96558857857615
54.11030171132973
43.01917126350241
38.10197135205087
29.62529687847157
22.14398508683009
8.59361951074617
27.27174019166123
25.11285555175813
18.58786515302587
6.66186022519097
19.64426050640436
38.11985453052633
56.68248828106584
47.53473750191107
39.39103908064033
52.40557998399407
49.05353499836855
39.89377492969891
31.26284830560497
29.19974276455380
45.26496677765066
37.79057528779535
34.10145693727831
31.76148133970008
50.43610541771393
36.81154308251544
52.27335773925908
65.83876980006148
54.01127756021649
66.49872414547136
58.56717548158105
71.74775855242719
65.50426591357331
57.62031101522520
55.21958891205354
70.88195592215091
56.62540385970351
66.28876009784031
57.01717824089093
68.20236643732412
47.55724732235184
62.01753188565887
74.62977233538115
50.45249066392921
31.89147276895451
46.70471901630827
62.97848856571068
55.56124507742651
29.31778791586278
21.12376804552581
12.25506073654253
30.15842630318589
27.04841765639556
27.98016966975621
10.60653310640228
8.27197917413508
28.35998132656288
47.55549949654947
40.68771670114867
53.13225896000279
48.52034846194709
64.68662605288500
75.50661641231314
88.96530512105370
84.72284665737966
95.95460371849396
89.52764331323216
101.74940340774968
91.83159748650490
81.69039833067099
63.51805299245737
80.71522850370002
56.32714901810758
36.15272677209938
28.71119570298746
48.15155650224710
25.11724425547915
45.69553221418764
59.83849259682452
74.75479297124942
67.36748687491989
86.39251729827298
80.95376749213956
92.44800395611495
105.60710544695665
123.86864112653635
111.50134726369575
80.90446809712704
94.26870922599832
110.57984316971825
118.01929423728146
111.99315406995299
123.89421931214204
136.61781505310785
124.09872786679178
108.46110880674014
91.31347251908593
98.83494322965571
87.63757746681281
94.17659825623366
88.16433165797251
101.29148568257779
91.02855729965745
82.51703346076512
89.07513856260786
66.93893766096565
82.89622984079546
94.46436537413437
88.62678553484662
101.60220561582490
95.94102611059999
104.93948737311219
78.98222512980186
72.59205327750963
84.89840354438869
96.13661899161924
89.48413620316671
66.42349180439703
40.01914109776313
61.01423268769739
81.10077077975468
97.11556337396846
107.97169530760553
121.95381812132801
106.09623811466672
121.37356437436019
127.65005810475905
124.49861311024223
98.97900849783960
109.78987771787457
121.19705539938694
113.09795965626250
120.40013368637113
111.81416006183225
104.32299681956455
111.74171586051111
103.33044245994402
95.12504837185186
100.25724188886203
113.03239058147372
98.73470831542555
93.29022083227747
88.10253157127923
73.77054768404676
56.94552634015843
47.19410908915960
36.12390283631498
58.76459065857697
80.16624130917069
88.55207940058352
91.77432013177446
94.27822099407187
103.57289540721754
116.82080542257671
127.34645042510999
133.39653755939270
139.95448946306030
153.42969724738870
133.85261190705978
122.55090486925809
108.10164371372596
121.81481762993087
125.92087097989483
117.43511260024155
129.83906428518878
119.03152201780654
128.33848594386592
101.44196135167574
110.95281126721092
122.56702789399594
126.67597502617298
117.84819835695507
98.86157853989910
103.45701974538470
97.65014057073796
95.10744675513057
104.20671537200072
111.62343786807340
117.35502496398929
121.65971968793613
135.87153687670110
147.88911300647300
151.88751342902046
148.53776891806766
157.57134541942867
150.84505360120195
154.08190697710802
133.64910078115952
143.88093672697738
142.64357381321528
119.16950567996359
115.37926018563631
98.15966528949625
106.26749868509486
109.78279848113777
101.65043700353495
106.93516851643304
105.71547739349052
95.78607197698071
91.42948594190037
104.06301145852842
103.15916893021409
106.22897110501637
111.91464483709719
109.27237132016565
97.51400275112684
109.16666687176024
118.60771063386741
104.74964721362569
101.13326243387145
113.94184708792034
112.21214508722045
99.58533191221834
116.99152289972001
120.62837679822128
112.66861811100016
120.23751174259598
110.24207698899035
108.00047112332692
108.25105253387433
117.78988832660859
109.16790220918782
123.26841258520056
108.14856350620857
100.82775695037574
105.60122554611047
108.99844723272290
98.91069904509962
116.10136900176161
105.25076009182874
101.90429496700362
97.10486854236571
92.08342239019954
101.23475354619057
97.55634489918431
82.59390216059442
97.91921164098466
103.09018480658182
111.43860529898890
102.40887623614675
100.94584255323559
87.75233945260513
88.59224960113403
73.89095779420968
60.58184034121943
46.41885768367260
43.22710302547400
38.09481090108405
22.66829074813497
13.29860574087136
20.86144195455798
22.24279477956141
15.93829203024448
14.45795839739495
18.88324026391908
19.18335960822748
15.37951654508606
14.72007537858294
9.35935025385368
3.85190281379184
1.04198143847807
-6.80945951529238
-9.28459282474978
-13.58769730261760
-19.47898088872380
-15.05933447974402
-3.47656477406260
-9.32229762746356
-6.79368842921156
-1.00150205792215
-9.58963308705106
-7.59446112259440
-10.33931630150256
-10.09975874022036
-12.16977773822601
-8.04636257136043
-22.17834249031766
-27.53761208911510
-29.81439690842469
-36.21476043594720
-34.93732547700704
-36.63398735984315
-36.65187892481484
-16.46421597410701
-26.17961241014090
-25.05207077274560
-32.68768028953836
-21.04633351894998
-20.58141750290745
-25.94438910726990
-30.19948765830307
-26.50350922120179
-34.21509895854616
-39.21954960001460
-36.86872506691082
-37.20813951275078
-40.24860857646921
-34.17040139911043
-35.77353038729839
-34.74937580841742
-41.01366086840127
-36.31960540766108
-39.14847397982014
-38.58263735043340
-37.14492174340806
-33.83074333283736
-40.97741011263309
-38.96304271568501
-35.82914830102560
-37.80030934661685
-27.75399056280636
-24.87435912845973
-32.35816724587073
-37.68653855732225
-48.30743610597165
-47.03809899529588
-48.75720679011103
-52.52367334342287
-53.05132739768078
-52.70826448271402
-54.55312931796639
-58.23245984725066
-57.51006747520944
-54.58325094249178
-52.07413127886582
-52.49447745640511
-47.67314191267405
-48.81564331667465
-52.23246503595379
-52.78632862269602
-51.13987415365389
-54.02622627913878
-52.83381299512561
-53.61720337105071
-54.11506149473071
-57.96226532572985
-61.17447061214995
-63.32714947332020
-74.68842571084150
-71.20906928352294
-70.17492542798834
-75.72536713216199
-80.47647230469033
-81.04242945850255
-72.25560805176593
-75.19175331202916
-79.14273232609699
-79.51054962550181
-76.70331617162211
-81.15064990013224
-80.42321509920134
-71.27400895946754
-76.43194285427708
-78.67678670697657
-77.55452793879834
-76.30921477490270
-73.68714163266770
-65.88349228861385
-68.69896109002875
-70.43457268110366
-66.68131236244112
-72.91555723693254
-71.95312325230849
-75.11279375164838
-72.26524711382308
-71.19963455420012
-70.35353055104120
-66.63090458053551
-69.90335790286457
-59.35546094588894
-61.04389606500211
-63.34322037210532
-62.67919037910416
-62.39776811869677
-58.03724544406614
-57.20230110001528
-57.56682064270609
-60.36498893926774
-54.80277698792120
-49.58371207521953
-49.78676853554722
-52.59077152763849
-49.25520042239678
-46.14284933906690
-53.18147150327997
-45.44849442058688
-49.85810824430749
-47.76357387697023
-43.61628137432116
-38.57702723117318
-33.66044923668851
-28.74661736992120
-27.11729261852940
-30.44340251908350
-29.41757180195300
-31.23365394468540
-29.77675262245015
-29.04992929256807
-27.74222126911173
-24.18448877773303
-21.20265973240314
-23.14362975605635
-4.18705825505854
-5.79136337822415
-7.67346332926934
-9.41916256692519
-9.66866838369779
-6.38836326471244
-6.74093823249364
-12.88192981406375
-12.55510285840241
-14.48564030480136
-13.76131763917936
-14.34748736986446
-16.62358459752383
-16.68601006840830
-20.41549706995734
-17.48356937403561
-16.25021083041159
-9.59670673690613
-11.31087273050719
-7.59846276528044
2.87873727958721
3.66729780216704
-0.45881474778037
-5.66744259469309
-2.11291599964845
-3.12059630805796
-6.41343665703327
-4.05587231300428
-5.92572504639048
-7.01948929147579
-14.78089418656348
-17.80080776322535
-12.31718850608857
-7.88472754075311
-10.88292424978350
-9.03575545616347
-17.15763632815159
-23.96937271678851
-25.91726188886643
-31.32799427808891
-29.43705278202506
-18.54499574635476
-12.73409818612842
-6.65750581019974
11.91214733381218
12.52151216327405
5.84407050942200
10.59336218488903
12.76476038799944
10.57447303362928
2.93718141024166
1.07901873945022
1.06891073393830
29.00811449108518
22.13838378040490
18.11059561619584
9.03048368604814
4.56842197564016
7.57670610052579
27.45062627338497
29.52145077789469
28.65457677721199
34.41202196902050
28.55093999652055
27.42813169399914
37.33065509959800
31.90514906503602
30.39598904219576
27.24532782439096
39.98591522494191
56.23911278405208
39.69423990587999
49.64675318143424
42.43428722439090
44.11359301802266
59.92546958898552
66.51762010650020
58.24789846161134
74.88236795821868
80.15147348193102
91.86661277523997
92.23242497656611
97.06869698656475
84.38470544444348
74.77038178258243
85.14910791232867
77.47648366565733
72.58113930574790
76.50396663171846
68.41383146101749
72.33343177112452
61.34177585037613
68.65761710918827
62.28312746348929
66.43143386425326
61.39624675864437
65.69194188775448
65.32940907172772
58.24183137410606
64.39814195958840
79.73926301811770
84.27368365040208
86.30985201267978
79.60729935890657
90.04442555918574
106.59340284256018
92.89428031810205
83.70719334883077
71.40042108487623
62.18769093645339
72.12210768157207
75.99610168755757
68.11721846628139
61.37739388048782
56.21596211850456
53.12635873405011
64.17584857203636
58.77059804542068
52.31406358104813
49.34131047910083
35.35717067497855
34.61808714004892
45.16299006417255
52.54695589540017
58.15025367077988
74.24671372752648
69.26116878765438
77.00924581029835
84.90447612198741
87.84060295089337
102.69202224841013
103.62804210223528
106.46157549685186
114.03033456320915
116.15783830457167
129.35178428975365
113.97527375983587
101.30320591173219
100.79134486974024
98.09423915288110
88.02506898521270
100.33427362926300
115.17300655078985
100.84179875489349
97.15031937849889
89.71567031423365
83.82326765618387
93.78582326737219
89.43788696100131
89.26683907721664
79.89644753952183
73.55790750342507
65.59878505243690
70.92283638396084
65.15946796960770
81.92666166803363
73.59182662419417
89.10322870779412
82.12632025372231
74.03835453158197
66.23606373384121
59.12161690085200
50.83606650469505
51.56431862082750
38.51506023045351
56.28778359033646
71.34841046587287
90.72352404161316
108.08441113927485
116.69160684653922
99.96450678730426
92.74232541738552
102.07424061041296
109.70339923441205
126.09517464730989
113.97613574496157
118.48799121178688
125.95915203076048
136.42065833399283
117.92441006186640
103.85341864152724
113.75238759812702
100.13421017298754
76.09413476287479
83.21019974164581
68.16727418909872
58.85420787898281
73.72016743849129
55.16807583629141
44.78281801096773
42.16565536787715
55.47339413049376
77.38219351391982
72.23631663115610
70.94891498349308
59.42054093039907
51.25135813940977
49.91119520434732
44.09292789741787
40.31066478730494
46.62122677544301
62.31303344710268
56.01026994505006
48.91888734583242
41.72251923672489
42.44780896758447
59.07674999246271
51.11643081609084
56.13862926136122
45.49803099333765
39.54274100237766
43.70350506178931
45.89800377376528
39.79212328458808
56.70068632291986
51.73571361168508
43.66508704712668
63.43883868661906
79.97734611947109
76.63350683541793
72.51374137013781
68.65569722786736
72.47243463464407
78.97720179855517
68.43406939214624
80.33421399000216
82.02237964241868
70.42551182487749
58.78459389864537
57.52509683354406
45.70506743025430
36.50458866281747
39.37331958536383
34.14076612630571
32.27531145529633
25.67960449348548
29.91971766561162
30.25330820778924
18.58408613227613
11.75475493708284
17.22463726793467
15.98693504741912
32.27765303493716
31.22581184044177
31.37518017390834
32.75530387348687
30.21144748765560
48.72929047921591
46.38201850139733
62.65628012096780
62.66024741339057
65.93822516760096
63.80787178596735
82.78595345534772
80.58025731943587
94.30898510461303
84.14124712812283
72.62866802879934
80.88269288630661
81.65787939318557
87.59138671295672
83.31003571978778
71.65312420352606
72.86874883081177
69.39691221671102
74.97009976474158
66.07766482315853
56.70774541124705
67.01965670346078
59.42931343221200
66.30307748714830
70.27941155617958
75.93427863975272
81.42362140884069
82.23784221494000
85.43742329871118
84.97458418233541
91.58547645954482
89.93501719430728
86.09699946789554
100.17577948657555
102.40954634932790
100.13843998600196
86.11862802487754
89.16575608685325
92.17938565522731
98.50879054726394
100.25129358801624
104.70637709646000
107.10393786277322
98.57443707707770
99.06050560924676
98.76133050775611
101.17145463219956
99.41129292204141
96.75377690188442
95.93629154623592
92.27874310980273
93.89486490814153
92.56851126115568
93.58209851284997
97.02956066529801
102.98526000049240
90.58914797018011
86.88659435632620
88.92020926459955
78.07905341935954
66.12105067787297
61.51173186375525
55.67480827772614
54.21358719713449
59.76892474074288
55.38525609361484
50.11367563675758
49.06381046656046
60.12407489440145
53.64475600737179
55.40125441519353
51.59026260717932
46.84763725529363
46.49204458688791
45.77724057333578
44.60740003274890
37.96863163554203
37.44580985601898
39.32069198498461
41.53694293731689
36.62960878649258
47.79849911382920
49.57000655062112
48.79803673945037
47.20693794211493
46.52988616957896
47.75264391871968
49.36931032336791
47.67699966216795
43.43500189476043
39.69918262862405
37.31531935703394
44.62163949524664
56.18896231836318
54.66387560461356
50.05812859336123
47.92753125525084
48.46825762986571
47.47802807358179
45.86132500801310
44.87484447126234
43.31826797621456
52.27237865168239
51.82045422423823
47.30361629566379
44.97898585772542
42.04086077395235
40.96518076567565
61.57808965726991
53.33799673956129
51.55954210845115
48.23347228214418
47.45907471507014
47.82400133074744
58.02445213235841
55.34080705577320
74.05863934818717
70.00106769142710
64.09818553052499
60.66352337910532
54.97050613293590
51.70704618033898
49.10579626438132
45.76747069067086
56.00761712147852
61.31967021800600
67.12956568159684
67.29319900543129
66.55994484198615
58.08232842100060
53.38861359881965
73.34094673023060
66.84193431273306
60.33290839781308
50.91278911109629
60.03371138285851
57.19814529399466
55.85058649922018
53.16536445776078
49.32295814439732
45.30241468030416
56.51725114367098
48.44337930926341
46.83584995450604
44.05152152224473
53.42938489076267
61.19474875327325
67.84869136792956
77.21024549849193
70.86400532416694
65.11241094165759
56.72797389305222
65.74244861434204
62.62309511301542
60.33233429729300
65.01553945781774
54.52251295856109
47.60267165328423
55.00324335587509
49.94548357144969
42.86882485218732
38.02090085438611
36.73291409908060
55.09688381361588
42.56103074736731
34.37407166332958
49.96754634933404
44.19595659177804
50.62821542880728
48.78439137919425
55.16428730171359
45.21577294440821
40.93666419173947
39.95320659561607
64.46491875464103
58.09780858769194
47.41013452907029
34.68568534552397
39.73278801118797
64.80574109730128
55.03034743781792
54.29552225680172
55.36038702131690
54.05068316369909
40.09671464774686
41.70447254559728
34.09067356969566
31.19617702748297
25.68546534654163
39.92820225577049
41.70579307661704
43.11409190304140
33.31511974844928
28.16974296159838
52.72938554339660
56.11768957644014
45.50734556349075
37.72368141415961
27.44910154616386
17.91320603123375
18.97675372166612
3.57468185101608
10.27908163468914
9.06360953236014
22.74685413390477
14.01115979373161
37.70367399884195
45.08605314679842
34.76085735141073
29.56211362637012
26.58317257413901
27.26807734166245
42.03539947765236
29.79902095664023
20.09775580618222
12.22754963433600
11.26083958018071
1.28538808999644
-2.49370895265933
-14.18909115776137
-20.92545174857508
-18.03099839247291
7.17067404645993
-1.42823591846279
-6.90362092754960
-1.89939992084569
-10.26795993004458
-30.91280657344649
-32.33524536644929
-22.80012106357542
-22.40338704828948
-17.48978727622772
5.89947369746213
8.38079067196395
0.70134633286147
8.56903525687799
15.73669878902716
17.24949553978477
8.79077129363958
4.37278169264026
-5.09307251803470
-10.99680490680881
-0.75493507504525
-4.63381357906447
17.97687080669625
20.09231127277504
15.92516698597569
9.98515639314622
30.91588697428228
22.14274697293457
26.08078641786243
48.40544733242378
64.42985807788604
82.38050620232026
90.08806284721075
76.29260604234079
69.19353039905278
53.99911279882498
63.83060400925341
62.61515935397148
59.29519676839121
62.48506720059387
50.40436785590166
35.74353379597857
54.25289205529492
52.18826542085228
65.11152731646342
58.64063301933005
53.67985013521251
48.84049346138657
48.31114809569077
64.00879165816990
66.65521686584709
73.33135091753596
76.91291627017380
64.99609213105478
55.72758300825141
73.94208236991882
93.34435150370834
81.57910177979772
88.26456296303850
99.96575381174905
83.27546065576415
68.43377694389552
66.71349950680946
78.30049754557717
77.38468284323758
94.14650724595560
81.92635477414498
69.68738913390450
56.68160290756052
45.92075744231624
34.42000939167778
29.78958635924407
50.38577417095587
55.65310664988424
47.10885343102519
47.20553911190159
42.26170495326362
59.41116109567346
47.26444404842272
43.49303990401548
36.74249365473505
34.71597378264584
29.49308645855798
22.81196332379509
23.46763291718219
32.51359080743888
33.40821587941202
34.47364149311773
28.94578090464825
17.45179513868057
16.85883481339639
18.01076489247903
15.12015511098887
29.15957877783806
29.46523357886886
22.91826369383861
16.78953495231102
42.52043586823685
34.26328796756735
27.49904189221915
23.53876794218158
20.86832687276699
20.88742945742858
17.18528748389256
13.93930652874085
30.64334984269879
21.23848776540555
37.72570503585065
43.61484632834897
39.36386995144593
46.13906737495661
38.63128745132872
48.36543317732504
42.64667729494202
36.76895310552046
30.37834971920755
44.06132854103170
35.79856408484991
46.22105139986266
38.75536364356017
47.12125643738067
46.48295379657146
40.92792949869261
52.36991361039004
44.66075859252548
51.60858431748645
56.23080273232138
61.56670047718467
44.77796822662569
40.19185769364005
35.79544235232464
51.74373147811463
66.26279651522204
55.57334497959964
57.69519610787312
67.46963670991994
81.45857580740591
70.09661529365708
69.74894353153154
81.35717933876154
96.13438781780451
94.43454087432721
89.42957923277889
79.55070580112167
80.66835322477826
87.02878620357404
71.32559823132192
74.49811396763980
77.71741090367452
93.56923573944502
101.19849112626237
100.34732490290315
95.39816399262808
93.56267838181229
107.57050913542447
116.99002491676075
99.00284461560847
114.88508327036509
124.20905637702302
114.10149676246873
121.73708506959771
124.71746499951902
118.48727450196994
112.22753931717250
118.79548301983804
112.79806770468345
106.54102902581040
88.37251764370514
96.50004013095609
84.97937620137988
97.94001235127703
106.09572756886024
101.64695418663960
86.95456989550541
98.38216346155984
86.33636583366740
105.52318575105994
94.88484368904567
90.73868458922348
87.74083491749806
95.60781722956344
102.47560053456434
89.05745786465204
110.12216926207049
109.27283159692315
95.34503087218266
93.44642958787978
93.03682182358008
84.80167873202636
94.54867986608592
82.44638674903177
92.82722796720114
106.13869319784534
101.05663060451428
107.00032977699331
91.95753374915076
96.84301947981487
103.70205858148859
107.96422514602715
109.42516509646242
113.71608254872193
107.69523963474336
99.71824769166498
110.24610043348463
104.10969156252844
93.66687576409741
84.90260722023825
70.28025173120569
68.35214519888414
72.65736440607957
68.51200079922020
92.06064400773906
98.47064908112675
112.47733689414730
112.97510671537239
114.08051302096783
111.65812610252163
99.17866036937123
82.40427306995453
85.36959558152601
74.32679869639668
71.97910886860591
61.55350666977542
76.58918818164291
88.42228313455863
97.14828400399452
90.99211523125990
100.62513352886093
103.24207312585636
95.75402403335141
85.63440612965765
87.61476872655498
90.94904178074026
107.40815410197112
116.73653469560784
116.15071282922626
130.34451865292164
132.25916443832506
122.34901293120981
124.02291924457089
131.06558706685394
121.64558828650236
135.69701359881307
116.44460692207112
106.83853148110362
107.08718897162086
110.45171202435235
112.62132159959918
114.62591962899336
116.57639985375212
116.24009659613523
118.44780702677657
131.08683388273002
121.14089818370394
111.22546516405298
99.72912492995555
97.55514106658688
100.51072128512153
112.07986521928967
116.81357408590466
120.37977653427622
128.02650622391636
139.32376164072446
135.78193567366216
134.84031151283537
137.28877601538562
133.63477643532116
123.00639143736817
126.62322797056068
139.48898863764902
140.31360047346706
150.25645873672366
145.84663820911032
146.09181273111395
131.96356752358923
132.87965422739154
133.38391072589312
135.65890650991557
138.17434926313291
137.81726259944460
122.62831231372166
126.19308890143871
124.87275896898026
129.92015536106950
131.88706483579233
132.48428825404446
136.59076288229443
139.70505493739685
136.70459319747579
133.86157773886353
125.30720556017478
125.81420759689192
114.15300967718927
103.68945910513989
94.01009597887551
104.10535506833202
97.60551002304734
90.33786649254327
84.23095884476508
72.91545517698761
82.91233162626665
67.17906241962477
60.18093621620679
66.35706405096019
80.22142624950907
92.19560922871112
97.06425192345640
101.43980950069380
87.97706094017904
93.02601795623298
95.71379209202959
99.75312594446210
102.91034300548820
114.83183689529339
104.26213183773817
106.79081685948948
112.32903235466652
120.54920011139187
127.69888545227458
122.54541759194942
128.72842616966039
130.94081704766572
139.77021272181980
147.42075693886335
137.46127567871730
127.13414984345877
125.84599105367482
119.92999528556608
108.25357873673467
108.86118112602934
77.53372490626555
56.44520943358092
63.15221349655376
33.30238713811630
32.01011725546166
42.26461665733845
17.31138015317181
-9.05129623458919
-24.85250165244273
-54.56676423016638
-35.79339513336145
-49.46330176474507
-74.31866413270602
-65.55090871316243
-79.44562168323719
-66.14646135634145
-48.98315716698576
-33.00309816479798
-18.35103178018983
3.74869913307272
12.20987015110284
23.79638560987236
-10.06718300056465
10.18756178960901
-22.92634751377541
-24.34550237569176
-14.35464336549006
-4.52608162783188
6.63521595518334
15.27360222114915
-15.77041868585756
2.31133594492904
14.22931175150144
11.51712869037955
21.29262707733566
16.36885325621300
36.22343398028382
43.84615451773027
48.86446202873873
65.18994132662340
78.05020756577808
92.27864740597825
89.67965018108079
76.85829187473783
69.60612625554307
55.79134084144521
58.44866842190659
71.84830824448805
75.49937404526098
93.82216479074820
87.20628312034401
100.40716396638609
96.12038167328684
101.23871281999794
105.48080128047224
106.35705646996085
95.99171872248580
100.43657635072356
108.98785763871872
106.54083952859082
102.71123383530922
103.57569539968867
103.69296351334025
103.37705696950600
102.70788287056223
101.22854774055678
93.16195976279698
107.95052579828730
97.81888837659439
104.29981702605635
107.90711017292756
107.53561394957033
107.63625009681684
110.97027132154102
101.85743609845173
113.93318407179221
112.95408980672981
125.06184588622332
123.37715840853497
133.13418256977391
127.36588771766098
124.17539979920427
114.08177807513376
122.63635533641308
130.79398535986556
137.94188039412563
149.84766145875687
143.56133400639877
148.38255830406214
154.06494733777132
154.67113940651228
154.36602685760235
152.73693656953319
151.64561747170660
146.99485839419606
145.10009487865514
135.03997881544828
136.30331484909348
135.21915130034620
136.46492363892244
147.19385606374877
131.98854388771687
119.18210943192641
120.90552543300825
125.32664630279702
128.02740316549168
115.52020867306952
130.51425558700302
132.06550591898994
131.91198196159252
132.67851918277285
144.28199733441437
151.33213126950307
155.95339861179346
163.81867822947032
159.75555730906854
166.77494815573328
163.06630717267308
155.80433241470931
165.65026723829467
158.44478657114976
157.25882207109996
151.36301250617464
147.08304325705433
142.65980105533160
140.63891723612676
139.47846448714157
148.48834017841995
147.91649169743093
161.39969312135111
157.00453321691063
154.06728616688008
155.45107254461493
148.83421778969648
150.68020914279495
135.39237553441689
133.13779348023610
133.75190934977900
133.69051296638273
130.87411156442761
137.38599310255100
126.44396907129223
112.97088281403690
116.20376076313332
103.25162353959678
110.40036705290979
110.45491144302324
100.54115798621200
100.30857728407568
105.89866202550037
106.81280548938190
103.79668691930777
108.38464852411683
121.43795656496961
133.47579167843068
117.16148117882929
120.60992176886955
117.42502656302149
123.46373993270066
130.75606169814370
129.51894596947841
135.68188582246719
120.67583094910242
119.06157332982112
127.13832530188101
111.93656315548121
118.63860122276213
119.11643534488266
118.50093013770753
126.05945353878236
137.04928883270100
139.31297458240252
148.71275926764719
153.41389219791654
151.59925640243296
147.39410086681534
154.25166313565370
153.95360551872238
154.83077329404534
151.61432886351764
149.93202430756241
150.68932559864305
137.11442655947789
134.94230898796732
133.99053848684977
136.97088334513785
137.35032270118307
138.61342677163680
140.73186464734798
125.61827718770175
133.91422387595338
117.77816214027710
118.51269585282921
131.06260552373459
116.47005483032166
106.25013175777647
115.51983809829150
119.88695008538086
130.11687503363632
115.03422035941341
102.16782596635470
117.32558760765920
129.70045455276255
116.97340458896205
129.43548300379953
118.26473743468397
117.44927068172106
116.91962019826570
129.29965757878472
121.23893135971261
120.23588617506809
119.66854856662050
123.19349162009146
124.28661057174186
121.54698283984315
123.68523454901582
136.48899643162775
130.11750226388287
143.81652156598693
140.78264452461286
139.75448964741045
137.77345078086111
136.22359781987831
145.84376421052937
134.46131576906308
148.84383435082941
129.39380179621881
138.09062060846287
143.63144452944181
138.31990043307047
147.31652769197339
147.81505946571875
148.07091793392351
130.42747761864680
132.24370340530356
127.58056217285748
127.34123273124726
129.67761147876291
114.80012574262187
116.45831530306521
120.80411072654309
121.15818661819871
123.12587156539500
136.35341146552449
136.44084747803370
135.75236811437529
135.58632521128158
131.84878990758534
115.87529099949664
118.52299696357358
104.59382702442788
111.44426511183474
114.39337126264500
114.04229600062479
115.33495183063766
126.43196843765520
115.81918348970868
115.37157129894030
117.22877175111964
104.54848348289059
106.75760440458981
106.34732259063142
106.91139914047966
113.45937637879744
101.51531202457068
103.57303722450824
89.41932899233123
94.50016558716730
99.79998398419940
112.48206255198041
115.92261866291470
117.28140550632288
120.13344129988158
122.97251452157498
121.44020022730805
122.99071297414746
122.69839694221193
122.40962126535754
122.59717978497621
123.15841866429085
126.54809392434750
125.68023366284280
124.51183447832227
112.40162785850373
115.97994366164924
115.89786609182678
119.62639072805635
121.18836908802001
123.01182751417726
121.35749736494121
135.21215123463486
133.81482233373086
134.12812902353824
131.72675133421117
134.61588719739561
136.83053854937714
136.55278479524208
133.17160873803965
132.62635304471920
128.28990235550205
129.82570074879183
133.67732423216370
133.34624260900222
135.92221672136185
132.85137798182760
135.36116007889291
137.21540660105771
139.10266798139099
135.70761468435276
131.79207337029337
134.28837491311847
133.60969710212200
132.66584085867547
132.54461042165110
131.52413130844414
130.38140587572545
131.42646533461223
129.44179069114031
131.55271455551264
133.81080429627355
134.91822637609900
135.00142363726468
135.02450115582332
135.28890033257142
134.59933990630216
136.04726843969848
132.27736606618711
140.67643737871276
139.85084254712200
138.66521411012496
122.98109753460552
124.95466657043789
122.52965010401743
120.93048111980966
123.40582516942570
122.41570567475853
121.79802407012058
123.44023634986087
121.13631617100990
130.30406793804320
131.54107923830429
134.20793033361161
135.37269987251074
136.10311433740614
134.17469468508705
131.73373268050796
131.08423065846688
131.21165343002511
131.69607624565336
129.36206021391098
127.27198051369479
125.43055067693587
126.36655002765261
123.89637102491361
125.90901437932257
127.70295923450544
129.15983415817871
133.15160038963194
136.63176761178272
135.58772661393729
132.06939256947953
129.96398115457404
132.14376078464016
134.82372273171350
137.89593333792823
138.53755110863057
138.98703283627728
137.19514275784536
137.50588494832149
137.66886039082186
134.79660929714692
137.44229944038491
138.59090274860222
139.55499044877388
136.69318553380913
132.54590370395809
131.63206160972737
132.65339091039871
134.98797354936553
134.27975555574000
133.59828034228141
132.78818535421607
132.43780929789239
131.55628754340637
131.87563285718349
132.26014132930263
131.13206237724489
129.74318707665250
130.16310008126553
133.68149645817567
132.94008088440879
136.04925363744692
134.51243129998190
137.40311330586155
136.90710283027042
138.70094691904924
139.87681221016754
137.14725761792130
138.77219357506419
136.87657227070449
135.75952544922632
133.92429003890078
135.26214105062783
136.02899074117266
135.00303254844886
135.45155964604544
136.53802103397260
136.88263473695977
137.94557669824971
140.38071606720010
148.68035953190036
150.21273075406941
149.64236757967186
151.68284886152765
152.01304385403529
138.64180894057912
141.88851262328527
142.33196236987030
139.77785524610232
140.39903394168073
140.30992384746091
137.46845925048046
136.07539836970327
134.58791294886225
134.45815782036868
135.14093803647106
135.75636762724952
134.57723988028724
136.86970493597664
124.01382971761775
128.57753760457186
129.39657061977462
133.52871153529338
137.40752016004907
135.61409920255113
133.80752514855095
134.56597203383606
132.12936583160280
132.10763326622543
130.14684507439682
130.29033701967811
129.40848518364950
127.93996522287671
127.63165386113241
131.55980092241964
133.46464414349671
135.17045535775586
136.88541814662392
136.20913414160134
138.19762064355024
139.18908365405093
135.60699245737109
137.97793029102806
140.12574361863690
141.52489395493581
142.01916085982367
152.99442451496731
151.75352921957966
144.23785987521998
147.18596174185302
156.77849713407875
158.99856251278649
159.14738713020452
145.66451581743780
148.69601521406844
136.80721651561490
139.16033404747768
140.99140624431399
141.20128119022601
145.79696894965420
146.36336612700782
159.41230236094171
148.68223843393164
134.50729485783032
136.67619390624023
139.94684744723159
144.25513237163852
145.25259045532175
137.68993166306052
138.37807790070980
139.65483855057275
134.04422850292420
136.85962704880677
126.10375683060616
129.46460016384114
132.24817554783027
136.32500304468155
135.21109722171605
140.31532287888891
144.65314570583092
147.15881667627164
133.84810272502125
135.16789418126103
122.12909055427600
119.00383305722518
121.76353480516563
110.77062585100317
112.22938975275191
117.76526119058863
121.52988222445471
112.12208532845715
118.54096437024454
112.07376684633689
103.24897170505714
108.04967318444579
111.05016861411814
106.54404192135772
107.33175020240371
100.43829154494000
104.00283480345372
108.67041819448075
115.65015543538881
120.73370021198738
110.96339401189725
115.66781945238382
104.41699279666571
99.99753533393310
103.44909954151721
110.68624531494382
126.56852302530159
128.33310097033461
122.80542264818959
116.32163038524399
118.57557761591529
122.29322088942234
122.69048883494546
122.78584593560608
126.10098400348696
132.21115302438221
134.62759033616143
134.08864389406156
123.44445700747866
125.89669275038143
119.67109122203998
124.04113435477026
124.69559031690093
128.41081005761677
113.90228417156951
106.45413864254320
102.98866983074961
109.89566491209104
115.05246498977955
117.49774865797789
122.05079158482341
123.05049003400927
126.87409845597095
128.36741623489806
119.51188781166886
124.01569958164302
135.32123864623372
133.95027180488572
134.83785150734423
124.32128302943218
129.46823977582167
121.68750411842149
119.63458224923258
122.36801257970183
126.20338345332806
116.69163140481045
118.89410430218555
125.04611691799109
128.18644817020831
130.48142581254370
130.66312520380581
134.74338714330565
138.09413389037556
137.98266849614348
138.55122177493990
139.52395129165788
143.04682098827107
143.58597141665143
146.00849955080545
142.87735080876553
142.47698460360414
140.04742812007143
143.47264004060395
142.66902278075349
137.22129519667851
137.63829310764763
134.38853953164457
145.06645826493155
144.18974284313060
147.21363514968007
138.13517186739008
137.27097364748721
138.68228420973719
135.71215959014327
125.94768469017657
131.38050130963626
130.72411312037366
132.02823279773091
130.05837929491364
132.83981814317639
132.13617030954615
132.08629674858784
134.15608547940462
127.23672575006378
131.95991628033042
142.54256102769818
129.02570026317133
130.01704285096571
133.49492478672479
135.22991660217593
135.93191430192599
134.91425272454561
125.16454888935090
125.46837671471980
124.72979443414249
118.25830324427450
112.81656967478624
112.00992978694754
115.69763585488292
110.00186311504063
109.93936926913756
113.65514181779216
117.11495444786843
122.57321927869356
122.23101275111667
124.88279994727542
124.39107915476148
123.75071311272897
117.37847781763543
121.85526158591715
123.39081543087656
126.35423515001000
119.06398793564676
118.67972651578978
120.40410224686838
122.36344188277434
122.46498429120813
127.05981047156149
130.38870654372221
132.50055261879174
133.04490888891380
133.86669703755368
126.55124101599381
129.86732072415745
130.71127964646877
133.56367456359132
127.16558387075290
130.81042518907304
132.88568372148035
134.23680014349969
136.63588705098363
137.92205406913533
141.18794308242116
140.69628719036299
138.87666695586861
139.72655269937258
140.77543164294042
140.47423812426251
139.59906821805023
142.80812855153647
133.23712572394325
122.68384572374022
126.04965853097897
128.35710295597661
129.30591628889744
130.82904847638039
132.52269802338157
124.78369567681816
125.30841686072566
127.67504172039413
130.03703985357430
133.37139365876334
125.94313132539699
118.38051563224174
120.35056738694594
121.69880410974285
122.93429897268560
126.28013910698844
117.78102769561562
110.95181457619317
116.91377951708955
121.85859913847337
120.48830827268692
113.65331782893584
105.71051290990410
111.14179485316754
105.28154991833217
109.16464221090459
104.69479255353518
108.37714840751623
113.59523469143404
110.47810499038357
114.38559072921149
115.63481871043540
119.46617664164120
122.23598992546553
124.01017237611350
127.17504395327927
117.50958309137206
109.07688085118130
103.65734631928665
106.29354040543483
108.22737104781648
113.39723313960783
116.30089336152624
120.76513877231119
123.53059300540424
124.61217844776267
127.47543300045652
127.75686723217098
126.70035834207181
127.62892755733056
128.12303504601903
128.33649815873287
127.36918530616373
127.04079551652345
131.36765374137082
131.75530848784234
131.17959542516812
132.96081328869766
133.19429510303348
131.89605327849500
129.84921938719660
129.60255802125431
126.36993407274826
129.99427409321294
126.36919959239842
126.46092373234723
119.99358437509036
118.13396208365531
122.02122445679370
124.57248077173853
120.68383355720039
120.50208395030336
120.24720054024449
120.94232892934048
121.08401318660393
124.83757996946720
125.85541763278033
125.81477365188523
126.46559321074392
116.58386450855252
108.51357407927897
112.34725589409489
112.43938759673752
116.04781534372719
117.67428848486928
120.87754950306883
121.70270710147641
120.91962627907721
121.42025526704218
121.43368665816442
126.43031457650677
127.48752483820834
130.56287313347056
132.54406194252866
133.98637503553522
136.20285477015042
138.74143582871432
139.04755953459824
143.73523061354896
146.69518772848301
138.43714088927354
139.55636802658429
143.11290040055528
136.47168479333033
129.09873533562387
132.23142313919806
136.97323841196194
140.41149953370370
143.27703824793767
146.70760036269829
137.44619646001399
127.24412208382680
120.63309151191365
123.76873346060016
127.01055061043340
130.43551325074492
121.32551628643137
123.33050560501634
126.78477070027256
129.74006756560681
134.27825568889381
127.07969497923700
118.45655435985041
113.63230392429726
108.33308893250910
105.01960386599808
109.83390894251936
112.07618928867544
114.97619294643562
108.19146616682292
110.83313156679388
112.17893237083825
106.10584582534143
100.33142408941261
99.47147995217482
92.39090825318488
89.05982019626131
93.37325173054091
86.16962292163562
83.22708202254697
80.27418415437657
76.44436006606117
81.15518284595603
87.43971701115873
92.48324810051182
97.06786882199192
91.88694053254493
94.09104785542547
96.89294529360592
102.40579310305993
106.22239514961673
97.70447034629726
98.96626166248144
101.40673085323941
96.46095253499553
100.29149676747183
104.85333660514515
110.23869978132359
117.11165569636768
115.62768368428124
116.61501695205050
109.43179473545064
113.90691927851125
115.64368157073260
107.85947204959000
114.04529547159596
119.17425147909125
122.54098471763754
113.74607865431207
99.73364644980268
103.77445800231601
110.59362528727426
97.21876539550507
89.94035532791854
87.54299608981501
80.17987446981112
75.36926985965863
83.07701230490926
79.12894833808484
75.67719859698414
84.14587495687968
91.21551495548593
98.33693830186603
93.25735984745030
100.23034363540621
91.16941442083828
84.30255931483742
87.29683781753739
95.28190898179254
99.35039507525875
92.57771968006129
88.10841747263443
96.70565357816329
89.88167061105290
95.89949014993914
99.39409838762815
105.37603509796885
109.18060909411003
115.63926203735528
120.10611699264992
121.80014931952212
121.19722409402370
130.50849786867917
121.79108852366883
110.05511761897975
114.26605962249926
114.15704315808298
116.00898381665617
118.53723655959141
121.60842936596383
123.88434517820338
125.20102419315002
126.96487972138951
126.57171319639225
130.26802127690047
131.06315859092095
134.59430144091343
135.27143059802418
137.12422764611500
149.02355133524767
149.44167026573396
148.24988507028269
148.72435670360139
151.76933182776790
148.21145301373778
139.07108948802332
126.42189853806484
118.13419678505703
107.95878697446437
114.65002675363542
107.44996303584735
112.63974268418768
116.34323090158155
122.20962577576046
125.03548487607387
113.74547268425347
115.56178457728349
107.34428509673209
111.99161674065104
112.43171609656829
106.55918222494756
96.43499021354100
97.87490651621138
102.21572573309876
109.74577191571156
96.77062915331265
101.14915134332109
106.21325286812876
116.12933946469276
129.54885589451192
114.43499358030749
115.11720064152095
107.21256666350102
99.39625901732552
107.71420800952990
120.90784520170845
108.81430540619131
115.53365644869749
116.45051299861079
115.61050344527987
119.39436331993477
122.17680189220422
122.17156631699443
122.72397103279005
116.35713731835125
107.72748762353325
103.23638661908544
110.20531567661085
112.46407880631099
119.38152807952714
123.88559493183119
124.23153392794673
114.71977428030675
117.38736674173910
110.99567039933824
114.43176719178652
113.82843984036887
116.65096088663059
108.45198315619390
114.83369609767530
119.78309413995383
125.53445455437799
125.66647287885077
126.82398062885383
139.27611665947143
152.59080610988454
151.27414957800278
154.84800400455515
151.71780105954269
153.09710398838004
154.24374530726539
152.98239986278881
153.80718999154334
156.44661640772495
155.75053913590966
155.41731655562759
153.91369533581403
154.66840537891053
156.60908376466563
153.97866277157601
153.31228110106727
152.16792856293077
154.09506752734771
152.94363804609355
148.69257161164370
146.94947797107176
146.85849527169665
146.32248131425726
146.91982213143734
147.49330700199266
144.62316073415710
140.95935405916856
141.25928922133681
143.60688280199241
145.48107019030834
145.79577328990808
147.09951956306290
147.24271228132889
149.46064105945101
148.67315274574648
151.97661454326260
149.44690531620626
152.15846217223532
151.37172912874453
149.75072806498633
152.24175916541785
148.29394157497109
144.86195625855845
145.82907860429307
148.03684975134260
146.80663599564707
148.95891361048206
145.38163815919646
140.58175106362836
152.03818551630425
151.35368921549474
148.74480989300719
134.94957994928271
127.02762081555254
128.15246866220571
129.30034032050850
144.23061794079626
142.66444817706244
139.15349685543401
141.27669770264370
132.91291152249184
122.85735905669908
124.48325710256317
112.58864295682309
102.95572268531011
104.91280216020516
111.02925879947658
113.64828114568904
115.66953057608784
117.30162525781019
124.18283249594209
130.15417237693921
129.14423454438841
134.16497052725782
135.34852461359151
137.74240365381689
140.25134571758423
138.55085433581030
137.90613725729736
139.53777646538617
143.92867604887883
141.21291345794850
143.92575983169203
145.25146506866636
148.98863582917099
151.13601223033854
150.76697647492782
150.51982250226948
140.72299590785966
137.65152979242347
138.77989852000476
137.19880796521204
138.09738609573975
141.70269682027813
142.69088055715648
143.39416232616713
144.19658645535179
144.97862616411055
145.14508123433839
148.29504762781303
157.44982846479314
157.15157074881444
157.33929898952684
141.12952424099771
139.84094661525549
138.58377423996888
138.16884925286374
148.96920994657924
149.74602475891314
151.20976467375269
147.58406995504782
146.57088633644506
145.40641950841086
144.22835792491153
143.95267682582153
147.91762106847133
148.02621693187533
145.55399876286253
146.29661702053426
150.46053921478241
149.16434318402850
151.65126816686052
151.34238202274904
152.94759035685522
153.80994367738992
154.42790705428769
165.86166939948441
162.47285392034740
148.46959996395151
139.58423207072121
140.80722500061955
143.55705898404926
143.32448671907349
133.62068428867602
115.54502781201063
119.93303143992561
126.61974313066167
130.04279425027647
134.70205580791583
139.26666505965940
130.50962977658176
130.04294195166281
130.93831052345240
132.99748954585260
130.64848233961521
130.34315418639687
123.95442015362650
112.04261227544457
113.95642859570371
116.00760071932636
116.58873605938885
119.70000602870090
114.30019861364065
121.31892668347322
125.97528310218124
130.89651308845055
130.33066816301948
134.46887952367996
135.63299178049175
137.04416743439631
128.40988706134263
129.92255626370965
131.32103976971734
135.64827894762064
137.99068736873789
138.46444559816808
142.32550762548118
141.95090481498104
156.77492031543542
152.83274130742214
150.99811267165762
152.35225835648507
148.78405027188356
151.04254494904004
149.21783653042652
149.00378633952849
147.66152039956603
147.97818210594514
143.27542159132861
145.10929048318442
136.04116368898505
140.19437221016341
143.04936475372961
142.33278569465193
142.23104228199654
129.38604430447899
131.79387707612196
132.46183255614730
133.82419502733683
138.14052425184903
135.77236040306499
135.29851773812177
138.99225163828768
141.36604423265499
142.18645481352763
145.11135349187199
135.42003744226020
136.51230373893711
134.61771366984834
136.76541807816969
138.50616237920988
139.94717746645446
140.19166036851473
142.41471025541094
142.32939292040402
142.26890440719959
143.07100056072926
141.06545214897767
139.50776798623528
136.39209803337934
134.29510186351507
135.30452326925123
134.21360315985271
132.72294571397546
134.89840220264597
122.91398527442263
123.95455479998219
122.32544101444080
127.00803195934887
116.11565771024185
121.65645562071506
123.09235217560823
125.42149386592362
126.07324494254046
129.17654442568937
132.88589981965509
101.09625473373019
107.11839062474773
114.85710608892997
116.34344550679845
121.18532006272773
91.35839829149992
84.05623995182624
89.73107389099533
96.80079784421333
100.23235344591485
106.26235818522372
112.80391112761802
117.96612774778023
119.78216128484635
122.98923289485271
125.83595958108648
124.81936730212912
127.40913799309986
125.19159384428811
129.05290807886226
129.42773165992793
135.80755468190398
137.31004652370095
149.56496201034784
150.26199469673455
149.68186915077638
148.56535371496324
151.94592049920482
153.35669770534892
152.62167209963587
134.84381293734299
133.64354924144303
132.66482486082759
132.00182379244237
132.34210289388042
134.63924301089435
139.18072095192272
140.03799021664179
140.70307522226412
141.15886735723959
139.94247181243111
141.13104697283569
143.39727666108234
146.16258332702125
141.65322662626659
140.76720137041011
126.78831958171536
125.03035228169878
103.45814287271786
110.20215260300473
112.37669672359722
113.13892680109808
112.47527261958223
117.00202467666847
122.39607889508167
123.31513013940030
126.05819442855699
127.11236935566066
129.31481100082428
131.08571021427056
132.49007577989997
91.50243398573527
96.03391934182575
99.42848793449510
103.79721567030256
105.54410150433178
111.54630227350640
112.80516690730276
116.35234302131418
121.78139518014487
111.50006025507119
114.47615618319688
119.55004055120453
118.08731475538914
109.11316670747043
111.95378305046626
116.98080511518496
116.53999704189155
118.75106613946105
119.04109915869809
122.09623505939555
124.45743214035909
128.06952439830181
129.99281544269752
128.77905776865137
130.79281198841414
133.81246318782209
132.73865628589658
134.39059189868109
149.52550225194477
151.11059053817499
145.57288566666023
147.12482393235709
133.30077113464310
131.83570619104262
131.08462319352640
131.12075034522331
133.70687929790890
135.54290560705346
135.53119796081813
134.70291512704327
133.95237445224748
134.81105321721697
138.32972429881923
140.88895573102329
140.54097294186460
140.45653136531413
139.30335067425727
142.16004489464780
142.39010254755036
155.64442863712571
156.08691613578745
153.35653939189271
149.56142004223597
148.63969073790705
149.91239344375347
150.94694693883139
152.69893264986985
151.52595612171987
153.29298788292627
153.22093874960720
151.86664404874375
151.64865588840257
150.98986815811068
148.70159520729106
144.33430012633221
144.79945216924574
147.70065683707890
144.54277635058605
144.59813023805773
141.54255474418505
143.93918036420564
144.19416952456584
145.35602477919383
143.67217230344417
143.59880255420299
140.63613861649205
136.55005747659158
133.48087329544364
132.88585492159174
130.76219247479813
131.58436100068960
131.75325257695548
132.37029196342456
134.86203473880903
133.46898136165436
134.17899953896847
134.16876523822015
128.45050377735271
69.10595500541373
71.80987925584512
25.08993937409550
-19.54322741638139
-5.73445683382730
6.60559240922284
6.23916447728800
19.21780665719214
26.82261781096735
40.38661399622720
49.89478844187768
-5.69170685756509
6.98620975960572
16.35561284972689
24.88556187511645
37.58598804541140
46.42974722704673
54.14520379593500
-6.96398697655312
-7.06241809345429
4.68459958103655
26.49082512008398
38.31383078951038
47.13924224822083
56.78956826141746
69.30243251305438
6.72134285878844
21.84171960475265
30.74252376759907
41.72790254384271
49.74078764158010
69.80736078346824
75.81503880968901
81.26433226077947
90.61056283353753
95.32470902204913
100.55070128235819
105.75164714969698
107.97970948041555
113.01666074912515
58.10193713685858
4.83320101337902
-24.81778376655128
-6.54983661969961
-58.36612537706872
-39.78405713173642
-21.71997447520505
-4.67588489438790
10.09887454415164
22.25252039619781
31.44088665448864
40.64395977166211
51.62552426917826
59.95680747790736
-4.99638218326614
8.17887495334654
24.94095692468082
39.24617579959973
50.54404608858305
60.20236299933362
67.34906835107402
75.78196721954905
84.01496984634480
93.64117933789716
98.72561807772388
102.96096130093377
106.65371207464624
107.17861562476472
68.56766542629440
75.91403000978580
12.99259435914456
28.63839367077107
41.72790759087432
49.71520059863524
60.17457646890581
66.77121997299551
2.78334443223532
20.19022879088173
23.54059703021680
35.16793394226994
48.85080250064745
58.48479474816828
63.61447989435297
14.81531740248253
27.06559356436935
42.85438962397544
50.76243468573102
60.35197953760794
71.29014134948251
77.68217873047158
86.67175750237871
88.54701401470889
94.24654884706396
100.77628338241429
104.30167517648977
110.93307807495663
116.33445143541522
118.26674849507036
120.57806822441808
124.68449058195573
131.33450196313191
130.39739166506911
131.05485749041816
134.89715929296096
137.00156918644626
139.46134602443507
143.20894388462494
128.85315847188491
132.72525061245727
136.55787744609731
138.24540031395236
138.39490959964525
137.40979121263021
131.01312673569811
135.75317732804413
137.71794787174522
135.29842276592083
135.97437174064694
136.95302772136745
129.96096572266640
121.07907676595349
103.51803398903633
111.60257686887026
116.87868697802598
123.60606962694244
126.83628904028529
101.50049636285380
106.14122056985850
97.46458709912295
115.19698843858015
116.05242921426695
116.81194842757760
123.05688762452279
123.69768451497565
119.59955219622501
122.31543386089045
115.88835910519454
119.05170739793178
124.59437879900349
125.73240259076164
124.78320546207939
138.71670015950775
138.84493347329416
139.67919397901258
131.05381906724432
135.66076404980464
127.50118593465248
116.69184258581220
109.19254858391115
96.54670738814193
93.18515448506787
99.27707548983781
91.55812445086060
95.11971250191888
96.43503131989286
102.52576143754163
96.45506364235401
89.14996030548724
98.19676742128226
89.66649779107074
83.24166114459584
79.02477052177676
86.11783319461723
82.25377032745480
91.10775182173072
96.73182246064418
87.12955167761376
93.54033073532040
96.05856452452700
87.95654299980792
97.74240294185094
92.89438611824976
98.75266796383244
99.60955016691253
103.07565548208298
110.00672788470682
116.20272103900736
118.90595117227782
129.31066439270532
124.28501033797831
114.25686562059171
124.50526167866744
124.50519311439673
133.85145448306321
132.99632838886288
129.71087052898901
141.58882231366402
139.20901816468717
151.76459598921483
148.83080277478317
123.55734611745007
125.22299795527194
129.73900737675532
129.61999080983330
127.16485107329986
120.60891984648475
123.88850104138020
125.68882829581987
128.02753130851218
120.93103613800974
124.63852087855966
124.94826964786037
126.30775804913426
131.63115643148461
132.91894007430940
134.38227872050038
135.28016652138797
137.94006194148420
138.31515686296450
134.71815469418567
132.45712913207748
133.45037181423223
135.81568881100347
136.60851138449880
136.80365520504625
121.50824691877649
120.83856965032730
126.80665087847935
129.04715754640114
133.57155448845018
134.82292206887809
138.22766910592043
141.02391657255905
142.21900843894406
143.54036344559120
140.74541625224913
142.35986527317419
139.96499692598121
144.16319794765232
146.34055788231541
142.84776027958662
142.13464618367266
139.24271199042849
137.27738575025228
138.23554137794446
146.70338670841261
147.62093958480622
144.98348393622388
147.98348279802175
142.89443612950441
140.78556424787087
137.62157062954640
141.90807793095738
140.68057749953238
142.77022816749968
142.48230990942741
140.87610027467028
137.56837400393533
139.01527501179316
142.39981010728175
139.97194180159076
140.97523655301393
140.41134248450771
144.26316230563054
147.24828054886740
144.70290661036162
147.88625943993057
147.36678976757722
146.58445408911081
149.98936948766217
150.22441037510819
153.93395162045755
154.18781481893814
154.18339165965796
151.77651163001462
151.84107868738093
152.44659554985822
151.99274339764949
154.57974032995224
142.30396740647959
142.36269213917100
144.30803878353510
141.72388100730652
137.93224961079864
137.20323235126475
136.01083414392863
136.56835596825664
136.99006719305439
135.70216952970586
136.84474031718068
137.72690778829028
128.88763410008571
128.63962492033693
130.89297256818642
124.70280341589850
120.41759859490156
124.61156580760471
128.73050009793218
128.41261042315620
119.34808395469096
112.87751020656199
117.60378427352954
102.18582455385460
106.89245124627389
110.61480324850454
113.44140352572713
120.84130584372313
120.98438867971399
125.89167990648046
125.60049167770107
130.15527674871885
134.93688854983253
133.87591717288132
133.19488090269067
134.44020085483112
137.19865466139746
137.75450704844641
139.36999681127969
141.95660641684088
145.92286042563967
143.77800240141718
143.07805607342684
82.29681110780933
91.12344673204345
96.35714927337004
99.16134264523370
104.88585408862289
112.63793985399228
117.24004186051593
111.03214109178202
102.27184997523452
104.01351219046262
109.76152138258318
113.08285009004260
114.39614645836929
116.23227606427201
118.13737335102394
117.66041081641703
118.77528353743676
120.64260352207926
113.29606762611624
117.49219440045751
116.21505813559718
108.29677334309154
112.14820720355432
112.10166714514243
116.00522124053352
118.71201785498297
117.49296448683627
120.21768939371972
123.39805166033095
123.29564494087239
127.58115665378122
133.75202840761762
143.19866068274740
144.75503943944693
146.53233242578648
144.04592698194074
140.44789579002276
141.44241551413552
138.99409925350537
124.99238620954075
124.99226905496079
124.07175937383344
127.03286457106762
130.68841246053040
142.47800766433400
146.10017551971356
146.96019837361291
147.17629861795831
148.30416268089044
146.71725210449836
145.55162742708319
136.96724716080942
139.90873683197964
142.18837611651674
144.69118851031013
145.84822738536849
146.11034302203535
148.46168111241596
151.14455377644762
149.47431229863565
151.97987953838333
150.98194772570793
148.65012719772798
149.75818920537725
149.07580652022878
146.65372852811183
134.80877351511367
134.39779364651972
134.46457753141470
134.32894468678845
134.95929381703925
136.27917142426062
134.22385160791751
132.50557216405821
135.17211530977244
135.20108133774386
136.82320124210094
137.81816771706133
141.51542292785888
141.47571296849017
141.89520792651695
141.84281098861837
141.39668034348887
140.39688727865834
141.01351799983354
140.64743475724202
141.76941334183698
142.87224166353522
141.46192776355650
140.67078175363912
143.35286361709763
141.01432324582547
141.76810566596885
145.41070466407061
147.91418033242590
150.08459871722644
145.86322180245537
143.56553321215347
147.18059354469338
146.17576512837186
148.48279979551072
142.90904050539373
138.78117707813777
140.91899936913262
143.85000594723624
141.82125289890143
138.98767669082252
142.46153973003800
145.96780348386298
147.38844274638069
147.29804004292629
140.15038489584543
136.66503331848025
141.03996687338770
142.04971753277786
143.22392709828472
146.29139863655317
149.39616137838999
149.08485307802869
150.16930040345548
151.46836270954907
150.05520895088895
148.93384883775661
149.62497379143863
148.88241038758693
149.17316590085682
158.14078779469168
157.71074008054362
160.18095974725321
158.79710867741414
158.14794259622425
159.68759501310421
160.57522160492260
161.23990062857342
163.33727263942410
159.57550789534491
147.81366805798859
150.58422185844634
153.43711639602876
151.65549440596115
152.22683128137180
156.02597902264824
158.82892139015962
157.18387114932179
158.83545756661496
158.96615749961114
160.50024529475786
159.41727782639293
157.56188429128960
156.10657679912134
157.77039540533295
156.62408464022971
157.86445584376241
158.55461999706509
157.47575405423680
160.43622726499981
162.05533220514565
161.40397500865811
165.10942506647240
162.88594216474462
159.88318850529055
150.57711033049296
151.64000713502267
153.36459174064413
156.02736199231180
154.47495067726726
150.89825141511361
149.12725122080528
151.19963626415003
151.40062256807690
153.81027398216096
155.00148008468429
156.98403246072820
153.51460908402214
151.61636465440409
151.83620944886528
153.36226280584501
153.29956294511300
138.26146326417665
137.55011340828906
139.54045270531367
139.48440180117450
140.81353983572234
140.66366019994328
142.40037967239840
143.52360308179396
143.79592064790617
148.79899164353463
148.23015453356732
148.78743096379679
150.99073632168864
151.16988874547582
152.85916121317342
153.78843357374123
155.92374770775157
160.03412280888554
162.04601282222808
148.26817245918065
149.52533304123202
154.41002938668305
155.45847277535452
153.24506491199440
154.52113481390126
156.94255673529145
144.47214986518208
149.27625850949951
150.38481099870083
154.55359787290109
152.84448852927920
155.55711143988407
145.78292167990563
146.70059522485863
147.33678662482626
150.04715601239897
149.62827886979937
146.78272813558564
145.32195456737597
137.37987394160353
140.55553680535402
139.18630610539233
149.94952137348221
146.92778340900338
147.94109013209214
142.84876334458960
143.76890169903794
136.48884363287453
140.53240090346517
147.34391800109850
147.79670592421726
145.76234107686136
144.24917268931219
144.65235823629899
153.03458022743030
150.26234877938575
148.38397217707103
145.81193648116920
148.36064928712992
130.18985154637969
141.86035083648923
146.27263033368791
158.30891592065831
169.45081023632602
156.44833202374738
143.24530545162375
147.46416083842809
151.03958202303465
153.28611412811034
150.77088461306315
147.21061599508440
146.58249649651060
149.28899119311382
154.10602305493779
156.51645237596114
154.62275778240573
154.20872913921099
144.43796561094140
143.32973485319482
143.05682247847272
142.99205234525795
142.81467583749065
141.54882640931925
141.79064788092094
142.31136919291060
140.20203633180907
140.51662832643171
141.75822363093678
145.78857075748226
149.71182063521547
147.50460843183143
151.34345789134582
151.76310107865132
155.50925570179754
152.25400675825853
150.05215680175047
152.09300137831895
152.34394136558117
155.58400852079234
154.53039470772723
155.91852747783139
157.41233866730141
154.69432661998474
158.71475839287081
155.18542164837044
153.98411862937616
153.59167979209883
155.63692200685063
156.30400334770678
159.04327426709381
161.26038055562330
158.78247691163369
158.71480248310817
158.12936481191716
159.05191023419113
159.84175837386840
156.97246674172160
155.44704008153349
155.17546943371360
155.02881771747235
156.33708187410579
157.81844768930770
159.49176674842232
156.97513049923668
156.11361815493967
155.92097190979382
157.84722825565021
158.30657407893764
161.95011482749157
160.73592980244018
157.63343321163535
157.79983235066777
155.37001059840918
157.15493189804312
157.86553126811037
157.44472018968455
158.94108918857552
157.21170889651125
154.16734877305018
157.56854567784748
155.86350428183937
157.38198657392363
158.06422851966985
156.96372087379174
160.57127933211041
161.40463700195482
164.03884320282617
165.19523491966046
162.82441016519601
163.48274448646336
165.86647712889908
172.53392710914679
161.00831062654095
172.77131572826116
175.11894505009187
173.19940211737736
172.11119410992936
184.22144687893882
194.52155075565622
202.31469374525346
210.91135167022057
218.70938129195719
221.52147528919772
226.45802005687042
233.38869301373197
238.73007409559801
241.87945564744305
