-10.00000000000000
-8.00000000000000
-6.50000000000000
-6.65000000000000
-6.78500000000000
-6.80650000000000
-4.02585000000000
-4.12326500000000
-2.61093850000000
-2.64984465000000
-2.68486018500000
-0.11637416650000
-1.10473674985000
-1.09426307486500
0.21516323262150
-0.50635309064065
2.34428221842342
2.00985399658107
1.00886859692297
1.40798173723067
1.56718356350760
4.31046520715684
3.17941868644116
2.56147681779704
4.30532913601734
3.57479622241561
2.71731660017404
3.84558494015664
3.86102644614098
4.17492380152688
2.95743142137419
1.76168827923677
0.78551945131309
-0.19303249381822
-0.97372924443639
-0.57635631999275
3.08127931200652
2.27315138080587
1.74583624272528
2.27125261845275
1.94412735660748
2.34971462094673
1.51474315885206
6.66326884296685
6.19694195867017
5.67724776280315
4.70952298652284
5.03857068787055
4.23471361908350
6.31124225717515
4.88011803145763
3.19210622831187
4.47289560548068
6.92560604493261
5.03304544043935
3.22974089639542
2.10676680675588
1.69609012608029
2.72648111347226
1.85383300212503
4.26844970191253
3.24160473172128
1.91744425854915
2.32569983269423
1.49312984942481
2.04381686448233
1.23943517803410
0.51549166023069
-0.53605750579238
-1.08245175521314
-1.07420657969183
0.53321407827735
0.57989267044962
2.82190340340466
3.53971306306419
3.38574175675777
2.34716758108200
2.61245082297380
1.95120574067642
3.45608516660878
3.21047664994790
2.68942898495311
2.72048608645780
3.24843747781202
2.12359373003082
1.71123435702773
0.64011092132496
0.47609982919246
0.02848984627322
4.12564086164590
4.01307677548131
5.11176909793318
5.20059218813986
4.18053296932587
8.06247967239329
7.95623170515396
8.16060853463856
7.94454768117471
8.15009291305724
7.83508362175151
7.15157525957636
7.23641773361872
7.01277596025685
12.11149836423117
16.70034852780805
16.93031367502725
21.03728230752452
21.33355407677207
20.10019866909486
19.09017880218537
16.38116092196683
14.14304482977015
16.82874034679314
15.44586631211383
13.50127968090244
14.85115171281220
14.46603654153098
16.61943288737788
14.85748959864009
12.97174063877608
14.37456657489848
14.63710991740863
16.17339892566777
17.25605903310099
15.23045312979089
19.30740781681180
20.97666703513062
24.07900033161756
21.97110029845581
22.27399026861023
29.74659124174921
33.57193211757429
39.21473890581686
36.09326501523517
44.98393851371165
45.18554466234049
51.46699019610644
51.22029117649579
74.09826205884622
72.58843585296161
74.22959226766545
81.90663304089892
76.71596973680903
94.04437276312812
87.33993548681532
84.00594193813380
92.90534774432042
100.71481296988838
96.74333167289954
91.16899850560958
83.25209865504863
84.32688878954377
93.09419991058940
84.68477991953047
79.01630192757742
85.61467173481968
78.75320456133771
75.07788410520395
81.47009569468356
89.32308612521521
94.79077751269369
99.81169976142432
102.53052978528190
119.17747680675372
108.75972912607834
98.78375621347051
106.70538059212346
112.53484253291111
118.28135827962001
124.45322245165801
148.00790020649220
149.10711018584300
145.49639916725872
142.34675925053284
135.01208332547958
140.31087499293162
152.87978749363845
160.49180874427461
165.74262786984715
199.16836508286244
