-11.00000000000000
-10.40000000000000
-10.46000000000000
-10.41400000000000
-9.07260000000000
-8.76534000000000
-8.28880600000000
-5.15992540000000
-5.64393286000000
-5.67953957400000
-5.31158561660000
-2.88042705494000
-2.89238434944600
-3.10314591450140
-3.09283132305126
-3.98354819074613
-2.28519337167152
-2.85667403450437
-1.67100663105393
-2.50390596794854
-2.75351537115369
-1.77816383403832
-1.80034745063449
-1.42031270557104
-2.07828143501393
-1.37045329151254
-1.33340796236129
-2.20006716612516
-0.58006044951264
0.17794559543862
-0.93984896410524
-1.54586406769472
1.90872233907476
4.91785010516728
5.02606509465055
4.42345858518550
3.48111272666695
2.93300145400025
1.83970130860023
2.55573117774021
1.50015805996619
2.95014225396957
2.75512802857261
3.27961522571535
2.25165370314381
1.62648833282943
1.26383949954649
2.73745554959184
1.66370999463266
0.89733899516939
1.40760509565245
0.66684458608721
1.00016012747849
0.40014411473064
-0.03987029674243
-0.83588326706818
-0.95229494036136
-1.55706544632523
-0.40135890169271
-1.36122301152344
-1.72510071037109
-0.75259063933398
3.32266842459942
2.39040158213947
2.35136142392553
1.41622528153297
1.37460275337968
0.83714247804171
0.45342823023754
-0.29191459278622
-0.96272313350759
-0.46645082015683
-0.51980573814115
-0.96782516432704
-1.57104264789433
-2.11393838310490
-1.80254454479441
-0.72229009031497
-1.85006108128347
-2.66505497315512
-3.29854947583961
-2.56869452825565
-3.11182507543009
-0.70064256788708
0.26942168890163
-0.35752047998853
0.97823156801032
1.88040841120929
1.29236757008836
0.36313081307952
0.62681773177157
0.36413595859441
1.52772236273497
1.77495012646148
2.19745511381533
2.17770960243380
8.25993864219042
6.93394477797137
6.94055030017424
5.14649527015681
6.83184574314113
7.64866116882702
7.28379505194432
6.15541554674989
15.33987399207490
14.90588659286741
18.31529793358067
16.28376814022260
17.85539132620034
17.96985219358031
16.47286697422227
21.02558027680005
19.32302224912004
17.89072002420804
20.20164802178724
18.98148321960851
19.98333489764767
18.68500140788290
17.71650126709461
16.94485114038515
17.65036602634664
17.08532942371198
15.67679648134078
17.10911683320670
18.29820514988603
17.16838463489743
18.25154617140769
21.12639155426692
23.21375239884022
21.19237715895620
32.37313944306058
32.23582549875452
31.61224294887907
29.05101865399117
29.54591678859205
29.99132510973285
28.39219259875956
28.15297333888361
31.03767600499525
28.53390840449573
29.58051756404615
28.32246580764154
34.09021922687739
37.18119730418965
38.36307757377069
42.82676981639362
49.74409283475426
78.56968355127884
78.01271519615096
78.31144367653586
76.98029930888228
83.78226937799406
95.30404244019466
94.17363819617520
106.75627437655768
112.98064693890193
121.28258224501172
128.75432402051055
126.57889161845951
123.62100245661357
139.45890221095220
138.51301198985698
142.56171079087127
141.10553971178416
148.49498574060573
149.14548716654517
170.63093844989066
175.66784460490160
176.30106014441142
199.77095412997028
211.19385871697327
206.87447284527596
202.38702556074836
191.64832300467353
174.18349070420618
159.36514163378556
153.92862747040701
163.03576472336630
154.43218825102966
156.08896942592668
152.48007248333403
151.63206523500062
152.76885871150057
155.89197284035052
159.80277555631548
173.62249800068395
178.76024820061556
170.18422338055402
163.56580104249863
158.20922093824876
154.08829884442389
147.67946895998151
147.01152206398336
132.61036985758506
119.24933287182655
122.22439958464390
134.70195962617953
171.23176366356159
