-10.00000000000000
-8.90000000000000
-7.71000000000000
-5.43900000000000
-5.29510000000000
-2.76559000000000
-3.38903100000000
-3.75012790000000
-2.47511511000000
-3.02760359900000
-2.12484323910000
-2.31235891519000
-2.08112302367100
-1.77301072130390
-1.49570964917351
-2.54613868425616
-3.39152481583054
-2.15237233424749
-2.03713510082274
-2.53342159074047
-2.28007943166642
-3.15207148849978
-2.23686433964980
-2.81317790568482
-3.33186011511634
-2.89867410360470
-3.20880669324423
-3.98792602391981
-2.88913342152783
-2.10022007937505
-2.59019807143754
-0.43117826429379
-0.68806043786441
-1.01925439407797
-1.41732895467017
-1.87559605920315
-2.08803645328284
-2.87923280795456
-2.69130952715910
-1.82217857444319
-2.33996071699887
-2.30596464529898
-2.67536818076909
-3.30783136269218
-3.27704822642296
-4.14934340378066
-4.13440906340260
-1.32096815706234
-0.48887134135610
1.56001579277951
1.70401421350156
1.33361279215140
0.60025151293626
2.14022636164263
0.92620372547837
0.03358335293053
-0.46977498236252
0.57720251587373
-0.08051773571364
0.92753403785772
0.83478063407195
-0.24869742933524
-0.42382768640172
-0.88144491776155
-1.59330042598539
-1.33397038338685
-2.00057334504817
-2.60051601054335
-3.44046440948902
-2.19641796854012
0.42322382831390
0.68090144548251
0.51281130093426
1.46153017084083
1.21537715375675
1.39383943838107
0.95445549454297
1.75900994508867
0.78310895057980
0.00479805552182
0.80431824996964
1.12388642497268
1.11149778247541
1.10034800422787
1.39031320380508
1.15128188342457
3.43615369508212
2.59253832557390
3.83328449301651
3.04995604371486
4.14496043934338
2.83046439540904
2.14741795586814
2.53267616028132
1.77940854425319
0.70146768982787
1.83132092084508
1.34818882876058
0.91336994588452
0.22203295129607
-0.10017034383354
-0.89015330945019
-1.60113797850517
-0.14102418065465
2.67307823741081
4.10577041366973
4.39519337230276
3.55567403507248
4.80010663156524
5.22009596840871
5.89808637156784
5.50827773441106
4.65744996096995
3.69170496487296
2.42253446838566
1.48028102154710
0.83225291939239
0.54902762745315
1.09412486470783
0.08471237823705
1.07624114041334
2.56861702637201
8.51175532373481
9.66057979136133
8.89452181222519
7.80506963100267
6.92456266790241
6.83210640111217
7.14889576100095
12.23400618490086
15.11060556641077
17.09954500976970
15.98959050879273
15.49063145791345
18.54156831212211
22.08741148090989
19.57867033281890
18.22080329953701
18.99872296958332
17.49885067262498
21.64896560536248
22.58406904482624
26.72566214034362
25.85309592630925
23.86778633367833
23.28100770031050
26.75290693027945
27.87761623725151
30.08985461352636
31.98086915217372
31.68278223695636
31.31450401326072
33.98305361193465
30.78474825074118
30.50627342566707
31.45564608310036
40.01008147479033
40.40907332731129
41.86816599458016
39.98134939512214
39.08321445560993
41.47489301004894
39.12740370904405
38.61466333813964
37.05319700432567
35.24787730389311
36.72308957350380
42.15078061615342
40.73570255453807
38.86213229908427
39.27591906917583
39.64832716225825
42.08349444603243
42.67514500142919
40.60763050128627
42.34686745115765
42.91218070604188
46.72096263543769
43.64886637189392
43.98397973470453
41.18558176123408
42.36702358511067
41.83032122659961
39.14728910393965
44.43256019354569
44.28930417419112
42.66037375677200
41.49433638109480
42.04490274298533
53.14041246868680
48.62637122181813
50.56373409963632
48.50736068967269
48.65662462070542
48.59096215863488
50.03186594277139
50.42867934849425
55.58581141364483
61.82723027228035
60.54450724505231
58.19005652054708
63.27105086849237
59.74394578164313
60.16955120347882
68.85259608313093
90.26733647481784
91.04060282733606
102.43654254460246
96.59288829014223
105.73359946112801
101.96023951501520
141.76421556351369
