-8.00000000000000
-6.90000000000000
-6.81000000000000
-5.22900000000000
-4.80610000000000
-2.02549000000000
-2.82294100000000
-2.04064690000000
-2.13658221000000
-2.02292398900000
-1.92063159010000
-0.72856843109000
-0.35571158798100
0.37985957081710
-0.45812638626461
-1.21231374763815
-0.99108237287433
-1.89197413558690
-2.60277672202821
-2.34249904982539
-0.70824914484285
0.16257576964143
-0.65368180732271
-1.48831362659044
1.96051773606861
2.16446596246175
1.14801936621557
2.03321742959401
1.42989568663461
1.18690611797115
2.16821550617404
5.45139395555663
7.30625456000097
6.67562910400087
7.20806619360079
6.68725957424071
5.01853361681664
3.51668025513497
3.76501222962148
4.38851100665933
4.24965990599340
2.62469391539406
2.36222452385465
3.82600207146919
6.04340186432227
7.03906167789004
9.63515551010104
9.07163995909093
8.76447596318184
7.28802836686366
6.15922553017729
9.74330297715956
9.36897267944361
8.93207541149925
7.33886787034932
6.00498108331439
6.40448297498295
4.96403467748466
4.76763120973619
6.99086808876257
5.49178127988631
6.84260315189768
5.75834283670791
6.18250855303712
5.16425769773341
3.84783192796007
2.76304873516406
1.48674386164766
1.23806947548289
1.41426252793460
1.47283627514114
0.92555264762703
2.33299738286432
1.39969764457789
1.85972788012010
2.87375509210809
2.58637958289728
7.62774162460756
13.96496746214680
15.76847071593212
13.89162364433891
12.10246127990502
16.99221515191452
22.39299363672307
21.65369427305076
21.28832484574568
20.65949236117112
19.39354312505401
20.35418881254861
20.21876993129375
20.19689293816437
21.37720364434793
21.13948327991314
21.82553495192183
22.04298145672965
21.13868331105668
22.02481497995102
23.62233348195592
29.26010013376033
27.73409012038429
28.56068110834586
30.50461299751128
30.15415169776015
32.13873652798414
37.32486287518572
47.99237658766715
43.69313892890044
39.72382503601040
36.05144253240935
41.04629827916842
48.14166845125158
52.42750160612643
61.58475144551378
69.12627630096240
75.61364867086617
75.55228380377956
73.29705542340160
73.96734988106144
79.27061489295529
80.44355340365976
76.29919806329380
85.16927825696442
98.65235043126798
111.28711538814117
127.95840384932706
135.36256346439436
128.22630711795492
124.40367640615943
125.56330876554350
119.60697788898915
112.04628010009024
102.84165209008123
100.45748688107311
97.61173819296580
97.65056437366923
97.88550793630230
99.69695714267209
96.32726142840488
101.59453528556440
105.93508175700796
104.04157358130718
108.53741622317646
112.18367460085882
120.36530714077294
123.32877642669565
120.19589878402610
114.87630890562349
153.38867801506115
