-106.08522699776964
-107.23158314615050
-108.78931395290086
-148.51161073487339
-195.97650043365519
-230.69335694169445
-263.21647598979359
-301.36819326888434
-340.94015740416171
-365.96948433255977
-433.65396816708267
-400.77816301713580
-390.30526032744001
-406.21845685671713
-427.56138843564315
-447.70649316456053
-464.81248045457113
-461.14478383803902
-464.50513680667621
-473.93158665859227
-522.97270613298019
-534.12566271578419
-534.62357288955343
-519.33558372095763
-484.67239866324337
-485.73379006169091
-444.41181747259679
-414.21217757244625
-378.84302306277772
-409.21551332820883
-442.20010238821766
-431.81187510512609
-425.08200324521260
-465.39039499072561
-461.45687249579368
-454.13493590366147
-441.19934211982195
-424.18548850629799
-396.09562680729738
-371.93377231326707
-341.36417718083612
-316.40302244430234
-291.44184564681018
-269.08519666759059
-249.58301330388556
-234.26964189646179
-217.07173926548180
-216.38255510654523
-206.84746406516240
-195.82435028063827
-185.98305070450380
-184.74476662768626
-176.48491474774761
-175.65852081111413
-169.37732182630629
-161.41378412318468
-146.34185868778692
-140.75816907495880
-139.83642452494090
-138.30604801156110
-132.96347983001084
-129.68601597638019
-140.81836342970394
-154.11353408930870
-178.20778510173386
-183.61926873198939
-173.46414751029235
-168.69645941184115
-168.39326043386137
-158.39899681313298
-162.00265376185172
-151.82739013589523
-164.85582601893651
-170.44070897874488
-186.94292079346113
-181.16066732629500
-181.07267296147026
-189.70655048470240
-194.68745923976675
-184.68143103655441
-203.79333756977624
-198.96486368829494
-194.26997887805658
-196.86228900910672
-190.31310521383486
-206.98253263562324
-195.36217540618250
-195.55763765529730
-189.38313513799170
-171.38192839918369
-180.82772619963859
-166.71239257935162
-155.14968274381516
-153.65978355380489
-148.75848648965473
-143.21316012706060
-131.89600654070031
-125.07509388763155
-129.35230480528082
-134.93698819153829
-133.40469618902040
-138.59738012508083
-140.93021513909787
-136.39181953166701
-135.75618845760670
-130.96854786682118
-139.63609107137836
-144.55856055360221
-145.44373110714736
-140.04896565646462
-137.23244010435081
-133.93523053949889
-131.69881360417838
-131.73457527764626
-139.15479542679702
-135.26875804178781
-141.22749533118289
-140.72581583173155
-145.48478609365580
-154.41602809957723
-144.57341325282505
-136.76263799349690
-137.97864742365167
-137.96134532986122
-131.67155807928435
-135.05961954859941
-128.55089593458570
-131.91351715817115
-127.89949418578306
-128.14272524441796
-121.78856351490340
-118.86390804507793
-114.57845158895448
-120.80219182185527
-122.92940421210390
-126.67942510003488
-129.94288856913232
-140.11890087728642
-143.05043596021537
-146.41509617722002
-157.64319247575921
-166.92404569820604
-166.16094132617985
-164.67454672055626
-158.63950619539108
-154.07722122480340
-146.84128177032741
-137.52862247509344
-167.35523672953587
-161.22797706847498
-156.91340931798177
-160.69007891870004
-169.80609491927515
-176.85835109638396
-173.87072533444115
-162.11568713008026
-154.76368052128279
-150.75728325853288
-142.50965020418451
-132.21172288787318
-140.75440001012151
-133.83232081619536
-101.85783286586268
-97.71598968673335
-95.62496360961315
-106.42709851598708
-98.82808787117291
-93.56864296428535
-82.57905884743454
-80.86783988362313
-82.76544601388275
-91.21639641196923
-98.90741494692880
-87.57497139061113
-90.21095761236282
-83.48576485209104
-79.44968716655563
-79.74190644599150
-87.92663586183534
-97.82207587905938
-98.14377702716975
-118.59779686871188
-121.23671079259475
-139.13665528573682
-144.64947049754736
-154.61879584278122
-163.51565256202878
-176.48939007343211
-184.12883027454728
-192.27248940863598
-197.79404718547582
-195.90735970901869
-208.94525000308565
-187.11368716687835
-188.36632079224742
-194.53017007797951
-190.72567228414306
-188.17538248019821
-220.56131982372480
-220.86631696228091
-234.88812815033509
-243.50725798330464
-239.18893702145539
-257.27941557413533
-256.04729190994982
-233.39491023161983
-216.17682046813206
-215.73084656529369
-200.80855068189757
-187.64701897523926
-172.38396195116218
-158.10070491652743
-140.19380314968092
-128.73941381954333
-121.65280103354904
-117.62213128062750
-115.33624297594410
-112.46312597141927
-104.14125201790181
-103.82205922639251
-91.15983515729205
-87.05046659625582
-83.92717479851773
-76.88694534667894
-72.31403689851932
-64.47795416136822
-59.79410264213809
-59.98802697846604
-61.62129871905253
-52.24405619774597
-46.59844194077603
-58.04292598078611
-54.64729495813300
-54.04273760711055
-48.07415211873853
-58.18563264958588
-54.57586685482986
-52.60600481045162
-67.10726275629294
-83.67473489557460
-97.02089712843075
-92.02528034839801
-83.75659865617094
-79.95134570840985
-72.63245770222029
-92.78177602251145
-94.68007084806982
-86.47849271230585
-77.66393955299492
-74.74315990434509
-72.19298725420049
-64.99431733843124
-63.56361487942466
-55.02543016250007
-50.38099721810482
-40.46379310717030
-33.55659929914707
-32.13316120679190
-27.13018820100500
-24.16451737684802
-19.82598540985478
-18.46044096449743
-18.09366441553033
-17.32844423483535
-12.27474682466198
-10.62003052581339
-11.29181377702309
-9.69059289792815
-12.81954462654145
-6.93051632199148
-10.64022595171901
-14.13309881206813
-19.46153606908210
-9.78382921624981
-6.17459085352238
-6.44446591002644
-3.90222138306790
-3.06272649977353
-1.49332982807819
-4.29041322454425
-3.22615569821708
-7.31202176705434
-6.35187136269818
-7.53669784679269
-9.08705453634377
-10.87697840105088
-20.44672020908629
-27.38722344146976
-27.39815082370202
-27.99744344539070
-29.87348229333069
-32.42279819636303
-28.39959606846853
-30.14292875049981
-29.38605770189362
-28.80774254445712
-28.98606885908637
-29.75172318850275
-29.79556070002310
-38.27132909371095
-41.31781465261813
-46.72987817596570
-53.44411626231621
-55.03296719807693
-57.40459884394333
-55.43015661536283
-52.29433868349038
-55.61575418373599
-56.84686642875496
-54.76333665486455
-64.08471644861699
-66.22382605273862
-73.59488510456671
-76.10007638219886
-74.36900407893698
-74.00320210432277
-77.06374409846778
-72.57121830955217
-71.62994605709811
-67.34687967959155
-81.01044889949367
-82.75143055977905
-87.36624855213290
-82.08407578071014
-78.56104440335925
-77.79701246251719
-74.86834944732382
-68.12453893316595
-62.29781828982242
-57.86409695085626
-58.61900190417900
-56.07963408638739
-51.25176211654382
-47.86469235161005
-46.86824382794364
-50.64478026047536
-51.46864612662052
-42.85322910200802
-43.31131804598100
-46.49624477405011
-45.94620408058000
-45.43166430151472
-47.78908441850932
-52.59170754328373
-61.95655505630515
-51.00568153719627
-41.32235625801411
-33.00318023563340
-28.28480106253629
-22.98311669700829
-41.45221919816380
-35.55979600019901
-32.39540902005993
-33.36219964363411
-36.08660724049192
-36.07150860470795
-29.26772140044825
-31.05096223612291
-23.79857680687745
-23.85951357687623
-21.51778989035098
-18.74976791184448
-22.82871767906472
-24.67389788447034
-31.86363336761857
-31.32795264368965
-25.51351185076648
-23.47844044057197
-22.70766566307477
-16.54271829463982
-18.92483159090565
-20.52462452814885
-15.92452197289459
-10.42612988464491
-8.07930993893496
-8.97246150022888
-12.02156510012711
-12.65851539057189
-16.82601015328533
-22.31935653427092
-24.50350039542870
-24.60057533015016
-27.32041997108805
-22.77995458149203
-19.04705013037828
-18.77499550133086
-18.59421623554385
-20.36817015040628
-23.91353938801750
-20.23819166683887
-19.93274135308639
-23.47247433880832
-24.42354508972185
-30.06260822970127
-28.73834190422593
-29.81050605493181
-31.81475822922150
-22.70537455265424
-20.33841099698490
-24.16734950007614
-27.93167925100833
-33.93271916580221
-33.75103506428825
-37.21689329580583
-39.99106267883161
-35.47536968219382
-35.82900475134797
-42.11707240533952
-36.60755566598581
-35.44573708198421
-36.85541645793235
-40.05394555220410
-37.70780256459444
-35.94346788361061
-21.72723481960050
-21.75476199833425
-20.49844131450105
-23.20259283344365
-19.84584253283487
-14.03575599549173
-15.00797022341527
-11.59774654880385
-25.45476300174651
-22.17748890773917
-22.91398327645453
-7.52092117160609
14.25908014628652
17.13506286229529
10.41123543372069
10.06994506030720
8.47751784033540
8.43223506952357
9.66035723443432
7.96972383318213
7.43596440097307
5.56922892008739
4.09099787523265
5.84940724087581
2.67626847644937
6.02008972081650
7.75687805754682
10.33196798045644
9.61338854314639
-6.88720223351481
-10.40997959733005
-15.20855387867948
9.17627530229428
6.78586353685080
28.28233093595663
28.43514557152180
27.46209212907970
18.74702493979093
13.46050041070903
11.76417274031291
14.45565561848120
12.68694463847298
4.49588973723994
7.23694554635085
7.58359669369675
11.38580439065155
10.75685608283557
6.95338489279545
6.90227541640000
10.34216059861450
11.99049279347449
10.51515225475479
10.96236889883434
-11.44573682508056
-8.42384068759494
12.05949789788763
10.65643122655425
11.46406672162959
11.28940969440422
14.45712996570256
17.84819129142603
8.68389380020000
8.90775764864821
13.63688201211235
17.01742448339662
39.38477382736079
38.55573637570154
40.89211833282710
38.36250344968485
52.93935591108311
73.82982049154928
81.73904697315861
77.49089522254634
71.93750481041371
81.24482888413058
73.52959100596338
83.73342698560680
98.56126119959963
73.95936228937155
43.96031873359935
66.83841658525336
51.83985103695808
67.31927316209313
77.61588357128630
67.05226515185571
59.65388493502783
36.59552662828459
22.20097438483467
39.61433713598905
12.19234197013829
7.13391100003995
30.91336257154483
25.48642644344499
42.14007279845705
25.90040651197317
18.06975247532890
12.21842006064416
3.79341945464160
-0.38320183418102
-0.32592712481470
-20.48289492691393
7.65358009172716
20.55165134382768
37.18557234581517
36.81339504430248
31.07751169819149
49.45153402886881
42.06120501712086
41.82136153025308
57.37111613083583
33.09100190986313
14.72671843196387
26.78117299649581
36.34816620204687
24.80269964705237
42.57405659379289
37.63886713157851
18.26574306270953
0.76109290800719
-13.51040293269994
-16.18878870947416
-5.55725972081941
11.30443212189618
10.17471830751862
26.77914940559904
16.80912362959167
-1.46853983565049
13.66061967031987
10.53516060762848
8.99153468974658
23.49762097543181
39.32704494269954
34.45009732250676
54.46701512715595
61.54276446952669
79.24438353705898
64.77383535001408
52.94390564241375
46.72746675146725
30.16789732397091
47.97926236685853
57.29649068535862
52.35387927337132
61.89575396528312
73.52180971288188
86.74445684240101
96.89099255246158
88.98761632797462
80.50776101380369
95.48203773256782
105.15319960533998
94.96371226493142
68.76405971519249
80.23083791044603
89.38729713002390
80.64901029412086
53.73407205693761
65.15057781099871
46.86654169293728
61.73929976482100
42.99411179620687
22.02377699542605
40.37853214108404
36.84713996796604
51.97624933024444
42.85480677532875
37.96087596898460
39.66270540309353
57.80500348003871
44.71446017405482
34.91584364581310
23.01714072775510
40.49663477811353
32.83317196357923
51.15136270056082
37.28468129597499
32.27413444286341
31.23254365980627
50.50156680745687
47.47485916367044
44.89526306198407
36.80416906543643
19.46824934243951
17.77206268057409
16.11662446093174
13.47612732941384
34.33595837615785
33.27973357887257
27.17479063058632
27.15837909157761
12.38042323771484
23.54021642968776
41.01258422217262
21.09975904478161
41.31039814951750
16.52956692651793
32.05690802489966
17.18160817728804
15.84173148668510
4.29816926866852
-10.83355936849916
-11.63685458996734
-5.95818160850921
11.05156979076282
9.74475758266449
28.06180512164175
45.30053200978250
63.15341706729179
31.98873611625820
54.12480503684641
31.78097383670229
48.38735435475068
40.66594498750491
21.38332904060385
9.37574816272794
-9.90320231901992
15.34662159839000
36.11460380429192
25.00458188044305
24.42998501139581
39.95702610735694
24.16750371513152
13.47427947976616
30.91064817038023
43.76201003165161
29.27165270402690
29.51536102108724
45.92227570619175
33.60227677645021
32.04316042092174
19.87048270080017
16.63027142440850
36.39827107320938
55.78705243384618
64.33394202108400
57.86480172053015
72.65001752891560
88.97454021129323
100.50884190075611
117.87444324186924
129.67493622378277
117.06711800820071
106.20771981418073
124.98171804799418
127.51117803062748
118.07788408802892
107.63442209646725
96.56880308167595
77.34810972296061
64.13590116843658
71.97144423345009
56.78956416452896
42.06930325909234
18.25897114299399
40.11639304185332
15.64681167331035
0.01617926573981
13.63114806994064
3.43572508902857
14.91136492108495
34.86346276412094
41.43355041955228
54.50298678099175
25.47630213429335
42.23547673712670
55.24658310873228
25.23584261646504
20.26683080370923
30.85036643759491
47.43298363742289
38.05660911808851
56.85736623433058
46.88455403509327
55.94126626287242
48.27876041195915
34.11395293641187
49.36736882332001
36.77713253957295
30.11711880055568
-1.65405393228622
9.61016122457873
32.97643271579211
30.69670898148279
26.48346073571025
24.51935570746631
19.40152702064807
13.40826656313549
8.04365635849097
6.03067091900489
4.28130969308144
2.38170764216027
25.37800674713935
22.58930724865804
16.43254944446011
9.20435499430381
5.39513968728430
4.21994313817042
3.51912029677148
-1.55966464698084
-0.63306177955718
17.04662313758073
8.13145855951562
-5.63015952840713
-20.09919059521147
8.06151871201121
-9.02616498648762
-26.31989165661043
-0.42991397612758
20.70521067677441
32.92209964317112
42.01426277102868
56.55257963927473
52.80665349615487
41.09177543343137
34.85860651685007
34.29373313176811
44.35465423505760
59.34690859298342
78.85983379824600
94.37387060765208
72.79459872503146
48.74640056051716
67.45435864375789
84.92624196528534
96.48642353547626
91.47131644414560
103.45946800560316
80.43724578367986
74.66547933680327
87.57617678350951
77.38840794271827
91.58508883873205
96.35131580926870
107.74329794734493
102.55371512757010
115.03191518020290
101.79028624847089
114.96888223899899
120.56161930232923
130.30162688675597
139.94622032051322
143.43346857379612
124.85537653552059
113.37451994199337
100.16604546998471
112.41625653323987
102.30361278581316
109.13194513206899
100.31707647001116
88.39019445414912
78.46153984901706
92.51287456018196
89.40048004491415
82.83318712688687
94.78061332936576
99.54096860353408
93.47081957501187
105.31383646405858
116.51816724150564
116.60842265306538
105.49192201847524
119.79812969328663
108.57056857897607
123.28775292251673
109.35333977071630
119.54092294602430
130.18693286701668
142.21625137230484
126.53826619658901
135.89616185812997
121.90306070630928
111.39594919741121
126.34570919659693
129.92835849780582
120.39075567833622
133.75041358387807
119.99925023049333
109.17523522840561
123.22433267725916
108.93081624293147
118.74231196928829
104.90750046178010
116.90202598219309
108.67743638935096
118.42701256125497
129.63740472124761
141.66490169100501
140.96890537745665
131.14730299628795
121.54899306183903
127.21844457848972
114.48166906790200
100.28804154030274
112.86919980439583
128.37683755843915
136.18964409369326
146.75444724488838
155.52093127123013
138.77928611697928
147.07999853459589
131.44822997390375
120.12207742607725
122.09461039270667
137.21939525761985
132.44950750605179
115.83122409215451
99.92696043982694
111.81410499161964
122.93094179323113
131.37261115801007
141.36301505256515
144.22347151819477
118.51433029267447
131.43888947895630
129.68010002188640
140.25461707760567
140.55946714243532
124.04292152628076
128.50076443046638
132.37726965356873
141.38102315253784
152.19892289897015
153.85731370291376
126.15642689146630
130.29757536550380
137.14141984615895
148.26946182003798
125.16669427753136
130.65482859100035
117.00309665466534
95.77040411962639
104.36842254514538
113.89616258391965
125.70129743782910
111.32694128129107
96.23319306021068
111.95196142031341
125.37174994776075
100.05724168866311
103.41148983521191
110.08568471830972
124.95976262599409
125.95346231214870
133.68459303336888
141.11885195023277
147.08228889413144
151.71539621698352
133.09015083262904
120.38647937642826
129.54948941405161
137.13958908150414
138.10959538150675
122.56835715387328
130.94922740718309
117.36045182824027
127.53546608812995
137.70702196676240
125.00301388314830
119.18239117076919
131.52232624125665
107.82761538394034
98.62340516999008
114.82181857827183
104.47638526582119
94.26624833192382
101.67614082571102
117.17370305002551
133.15084935685491
120.03343924329661
121.36085434286105
134.41663313317520
145.10019082100462
145.79087590665316
139.20952321494198
146.01801173319984
149.04256288858997
144.31312268764984
143.16203623400813
127.89828201032815
103.38274490926457
104.29781644685515
116.08011168719615
124.51981324860418
121.19995485798627
104.83314293432053
101.55260482717976
113.18370360286926
100.53355904118709
99.27377111447100
88.19060656811646
79.39169884671669
90.32041044245425
96.84554047550751
90.10140357767769
104.13660819146763
113.48407780747530
114.80110852442758
128.44588937802294
134.45075139301508
137.84735465001549
129.57655060541512
137.66311870035690
148.02636197479646
158.05913194216686
157.84127172213709
142.48637391225176
153.32304346505762
165.82029830191098
154.80710090226404
140.13002566056295
140.16457317899815
132.11754137825261
138.97397477595112
130.52050343424571
144.26224138904382
147.74948724213766
160.85286137705873
159.30580934642987
169.66786301834642
177.17740930582264
165.07447486817725
149.98604596054676
134.78109513715083
142.14728996687901
131.78580997858796
120.26697740998497
120.90694362902271
104.90229120101171
94.83415802607475
84.93396826596023
103.93488337834000
97.74268443990550
110.94366256810447
121.25154153885579
110.31625696299209
120.99242726447035
104.35457523540812
96.48944224833731
108.02021475857761
118.76416898708240
132.22683978113369
114.28413756194999
124.97686698172178
111.73423130577223
112.15649116347919
97.40892523349262
77.92710738714705
62.48345725810169
54.13456552389830
69.28916712337933
68.18021169542085
58.20766501494703
49.07327662362488
38.90578740156840
30.49237992797464
46.95906948725666
39.56023772381182
59.70678520182183
45.97232686640806
39.75919442350990
31.31315919020274
50.34216559150418
39.73634948167675
32.26426611262346
26.50016423070763
15.04192331585094
32.11014525395081
47.21029088770216
58.26097895551741
73.69675889322734
62.98278539565462
77.70557962769442
59.31408955275201
77.23448854043752
69.94498339750452
69.60844641792025
67.28950917846244
55.21362797801888
71.83757368198526
77.32685356169341
92.60617974103339
103.63037017365006
110.92176649377042
114.20155804038546
129.97147417861757
127.87737136407229
124.65887182945399
128.00470256798377
138.41167208577369
149.02646221349906
147.71334815465036
154.90624971440829
144.49456835365169
153.86062277722760
141.93166941563774
134.91800500154454
131.12666450788851
140.70660202365229
136.78013876380774
142.73210704538943
128.10355456147735
116.94157327255650
124.69785120112414
133.42752367891427
144.38247116674353
157.25770511675159
141.74291464215207
146.28376766994072
135.18381207448164
144.31947244805110
130.62607216255222
123.36782504046663
134.72450497875286
137.41469464998482
128.66258009315203
111.88964302225099
100.20540743717834
96.55223943009125
78.28402713579202
81.66100650100114
71.83891120802426
85.72854720426955
77.97478202587091
85.23710440904834
96.48612071138436
94.75902058905939
109.05901597344197
121.78302216756339
110.80485609582081
103.14559094809320
96.70719223253549
102.48229227273099
116.79934314377734
106.61378632937158
123.08662431161882
110.93689119112410
103.07559364232884
109.94699065450500
105.80440618980067
109.88307860507132
100.83455634042330
92.16091529776425
81.73382534031393
74.94029412312429
84.08406747078554
76.35994498651097
65.98886612938828
82.32420192323227
72.87476445966156
64.84985984622493
52.45782926549115
49.66642093203408
64.18508106960712
49.40352459442634
44.69560255877340
56.05667312339497
50.03215123782334
58.97310177460517
54.62550855732112
75.67947732313407
87.77180103132493
82.04901888616571
70.41449953926508
87.89339962912186
74.88623286174381
64.01147014635836
56.86862424864243
54.42089687463103
68.05614796831551
66.69513179906718
63.73866152917275
57.80049570002667
48.27092248002567
43.62178028775319
43.60904161200036
54.65002830242797
70.21353844945413
43.85254619559534
33.31642591842474
30.43906568649216
33.25672323841940
27.07447469577941
48.02610025786011
46.59955027426444
58.70553032744988
47.04890533453937
42.48818318549844
36.21983107546394
33.86329862162926
37.57395748849463
52.13842744319197
57.09999758833033
76.16942630760332
91.13148975177214
110.27748693632417
122.98747148923258
105.73410335800949
116.57051351966830
123.04509504461569
123.91360406842996
115.68800463190780
114.19409483632187
101.07996062527290
92.43122908425534
98.98050184348619
84.55854626745607
80.72140763734706
96.17058303449269
101.43671829231685
90.38242827903832
95.34246967521577
99.12398653957169
91.07634773123229
98.18903560310690
112.43799430574956
117.23046465358098
119.45623171118478
122.90232423213662
133.87265961800318
144.80648521630300
148.09093271266380
136.14338540327003
123.50930109291616
113.45883020594273
117.19503361321952
106.34997169539615
107.37175366151364
108.38116458824304
120.42665627225857
120.16368610871015
122.19307121540147
120.22161714294833
133.61179148441738
142.97306128502669
126.96827719072124
125.51923974354185
116.36750548729513
128.04331300191845
131.64613059784219
118.61851426473945
128.94849177782390
120.12478649291202
109.59059828228982
107.78401799068540
110.56081996151859
117.34130554835264
117.63100886123904
106.82735730217068
120.11058647183060
99.18504416141433
90.55842650419487
72.65498539333505
83.78541662519501
100.09102340777241
106.16121954689007
109.69394338759628
99.54781327317851
103.61906075968250
109.34646389671907
103.29770622846550
108.74255049087569
111.30256404856509
114.25927096377796
112.22945038424420
103.24453108851709
97.68516685402240
111.20434884507621
124.31291744753051
127.12268109979624
130.20003584257114
131.86092985929366
130.45947506585412
131.86169576011199
126.11051941344748
130.70972680563548
133.38293080865787
143.64436948018599
143.78899854244267
142.14509108197777
142.48718757947395
131.00884398645832
143.43481179713285
143.39483475978801
142.13310280966249
124.95819191455188
131.04295510200919
128.88463274916850
113.75866480558689
101.03922454850557
106.03522010763302
107.79469446684907
100.84579311678385
108.20530781416572
110.24350035449382
114.15757353956951
118.60656174803901
127.94842924303047
112.02567043283277
96.87193401775542
111.14402832162642
117.08805144710824
125.00881102924036
109.33349000879764
109.56185146254806
98.01193152063539
82.64624324367841
90.99312605431558
94.79386573700474
87.81781037624542
91.55165505738972
83.33812730349013
98.77052943646873
82.81386226537718
97.24769408597254
84.25439997443699
72.25769515127351
77.54444013756401
71.73862956375605
74.53583088886964
68.53738815725617
74.55175289080759
68.68281795936451
74.92549898684203
92.51001021380158
79.69045582820722
89.01026940664164
79.82383525701067
88.34004789486880
82.93650469737192
85.81121442778122
89.57116316806625
92.21036307776743
92.93716354599472
95.69078712656292
101.16007446152035
110.06306962686057
108.96003148074512
118.52376678328375
101.30119839377555
95.58835259998460
103.89483005221774
95.59620245468258
81.27603989696497
94.65829240066768
92.49279674561592
104.09141324592706
103.55091554896774
116.28958625885224
126.78251100600475
140.20798540900279
127.30932469798586
127.20317119270082
125.02043522155778
138.12370272724368
149.95852873389777
148.57466229990575
141.52995006719584
140.61138033193612
137.91881188406575
145.31526638837710
151.95228665888587
150.92864385165515
137.55721386861183
145.05509558293329
139.27567768089028
144.16735880554384
150.74723675553309
157.48674364588325
148.38765121255591
143.78821464470749
151.97437362878173
131.03804380674029
125.38428219380714
126.31469893113668
134.26734025109721
145.29959272577216
151.53042330476256
158.39601452932564
166.69101607731383
167.43189835732801
163.23351579154632
152.77257361380614
141.82947103216765
121.25684254646868
126.67389436550297
136.77264743252692
129.54756303644018
109.01576317367281
103.11421725374629
85.51199311171798
72.02241921017317
56.21647507997877
69.51328379653080
60.71040969532981
56.31495205242196
57.19357171391758
50.65158098802593
50.34282959884979
48.46974829708434
45.18602965524494
54.39526552020135
44.35221801126303
34.27144341302437
27.45073537540130
28.43539154936641
22.24948983776494
17.55995358078421
19.74346619269053
29.40289771945001
40.11300963635276
58.53660468856737
51.62146345100541
47.82398264074915
65.39594613429982
71.74507047437986
77.61416974776907
87.00549820057238
91.92957633647249
93.24073146578189
106.89472997018640
119.35471013602147
110.23689427162755
114.05743482821197
123.65743089342993
128.63989141516032
117.17334149724773
115.55299991371156
105.49064978732468
90.88381143750314
95.38088448936711
95.87224849463766
97.85640083771307
93.62714951277042
109.88863442747694
122.74000292302917
112.57423174115874
105.13510899122733
115.23087560944586
111.72656231230485
123.01740651526380
134.23570153891143
119.56872228279036
112.86991998178124
102.48052049947270
102.75020429445237
92.84357985876007
80.77470311487225
96.01286645441759
96.18292799507581
111.40458135387561
119.50813120494794
109.19784168764636
124.21512569688164
121.72042542309079
133.70991293915344
126.29388707285305
114.27869420148035
100.88603912759717
104.43105304314798
116.24612275698973
107.48792574645093
93.71459232946063
88.46301841652041
83.62083161213066
75.66096569619975
69.43036172420292
82.76001297102991
89.09697737397077
80.54550905608697
86.87784834234877
88.45636782080913
103.85833823536915
96.78446604611169
111.23474510545577
100.54895872856783
91.52964068492992
108.05133429126042
124.51328473883714
125.06713209278645
138.73685858557513
122.75921557351107
112.20576216965891
99.90747317540912
92.80321162261569
85.83508903792288
88.85656396347224
92.74328878183985
83.09791471505692
77.72440614285377
84.15487397695539
98.30251736002589
89.92995717191981
80.80323954881325
72.49437888803301
51.72315410643932
56.11303508631271
72.95192266687866
69.68767161902008
87.88676817682632
106.03936029790026
102.61435920791794
92.37842083880493
82.02422797367892
74.45805125548192
89.95139002233648
103.94549446663707
106.21438375995646
122.97407152705097
111.20503541339339
101.87814815317616
90.60400455379849
82.78749675249466
78.44116129851237
80.14056636271010
94.91547470128974
97.05988308086380
85.58078732240608
77.22358025789390
93.81918199799304
83.76074552225921
89.70696557020770
91.79682534222833
75.31891938844215
42.80962292354963
42.24836707381466
48.35680726169473
43.60550653367292
39.74228251779022
42.22588686211697
59.65186634408467
63.64766061507784
76.51169454577386
76.77872729686105
81.60001636477325
98.53944595605529
85.54063337584607
74.89551452052501
73.36403424803443
79.04591978264264
71.53417596906647
61.43464902148550
82.24933930435824
77.27435873714532
93.78599894845001
82.95309248093868
76.79059168958700
66.20187840746402
71.14931701456833
81.35164321170559
82.13921728695348
95.74879825293220
85.03960643881452
73.60401708568845
74.33582980304337
89.40711932063573
102.27770955855308
95.82366353864718
108.29744301519116
122.31065111055626
133.61719365676396
120.82442901800145
126.81945585048553
114.70427847128475
128.49458406160190
140.29653458751864
115.99950399976908
130.25990356028163
114.89333146460291
128.50995858860537
128.82319376390708
136.54023944077258
147.28659331253627
153.10209058715810
152.04870819987198
159.95830844899589
143.66297756452167
149.59063582754425
142.55230112855710
130.66175384365476
129.06596788592270
134.10893451491512
121.59435299845175
118.48738002975206
117.71231962535576
107.90276159358302
100.05221456670080
112.72809647941915
125.81395378120872
117.44408524746153
102.79593317881347
102.52867472371950
98.60003513240613
110.61393376687226
102.64688732502867
100.46443923179790
114.83283163528309
130.10817730164086
139.71674046421197
143.40900957712176
146.95384618131175
154.93271436960970
158.31702963321413
167.05656697986598
156.00354358626612
141.69784044982029
151.99175818493410
155.03406651055451
160.20248648489701
146.20691322575320
152.98246380392337
144.14888388933204
150.81123862377456
160.40723833353681
155.92624214514092
165.43875801936079
162.80407967242078
152.70035264773813
149.50583946392806
160.10222326020607
155.15072095179804
164.10262375796734
170.59552799793340
164.41674433293878
166.90372668707801
165.18914521091068
171.65312398409563
161.55501122195801
170.56103180410005
173.55991604619760
163.42127862860650
158.36132320255564
153.65165163429901
156.10909962353102
165.73841270604271
173.05180126629682
168.39062957990063
154.89235826051700
163.49493650617129
155.17642399442559
149.17894132881719
159.31928190693213
163.40888229829534
171.15633454487318
163.55564957168423
168.21768958587919
174.07734933287816
166.98941613002870
162.55151033014982
153.09335243054821
163.65589706619895
169.72908273006163
174.23895848479179
181.07183321580035
172.32752688593607
167.88521981257836
175.92994214556839
181.41357339371288
173.78988356267109
175.24733750269672
184.10420733667866
190.63563419687958
186.67808457085263
179.81806712731520
175.57183873774710
170.90564183039993
168.04697794227712
149.21288971267413
151.28625435295518
150.23752597281614
143.59617621622576
143.84483207343126
157.06232415706091
153.38534641246869
162.03349834969717
167.25447794696862
172.36410458242949
162.69264310752231
156.71856461438884
161.16226223081148
165.43413786308727
149.64060226057714
155.36534958509668
139.83650872095166
152.48433035032204
136.44766690924291
135.35372173073898
123.26405942810196
133.13439135697092
119.14253417867741
132.17145903464416
119.90327640101080
120.46691554610413
129.78186038649909
139.54514832229066
148.37026172406803
155.66101477591644
144.66249489441017
157.73804205950501
168.36751288281422
163.53531717406608
172.18015926005268
176.96335817133877
170.73629190267226
166.80500409505015
173.06325952783715
181.32378129749299
164.95635068655244
161.61974719027305
166.73259878728857
151.35358159412638
160.93626821659910
167.41107476718921
177.27863059251777
171.39315594065658
164.22960487000006
172.32446887042485
170.22353234995660
180.34971141503289
185.65317124338162
193.73897967749286
172.46515079852085
165.25421081377647
174.79656665155733
182.09528511418836
186.71041069710125
172.60689012749719
181.96468507770268
178.60328101350282
175.04140268461822
169.44600827595241
176.80652995611450
184.46099263090596
192.41018180591931
187.64447895749439
195.03424352603952
201.48492131459744
196.46761128407167
199.82108039906126
205.67305085728339
198.42764944201582
184.73711118801950
172.68671751866597
179.05756112911959
185.14598135655848
189.32506287579736
194.16600390235908
187.89790913674818
182.44602797530078
176.05063321022118
181.97728365978293
164.91505140831063
172.23677431829182
183.49061530851591
164.92247332594516
172.59173841763720
156.71475561442051
164.68430389677272
153.42078560346135
136.27671616845925
129.28391231162834
117.43267815568014
109.14626511738473
124.94689777407699
138.01759890187128
129.03373546370742
142.25983212089062
133.13061755554918
131.73025270926473
117.78543301206523
128.66476623898393
138.33402490247488
137.55556263930563
133.62596431664966
144.57194520946817
142.58881936966094
127.17790445154399
133.64106692086759
127.73809751920005
117.31490647086981
108.49982148393427
121.24636443914798
119.34443605821173
133.52558476503958
119.28700971695660
131.25521121572262
121.17317390598963
120.60821718021026
136.84796141256834
142.96420355952549
130.14825756341972
128.07524711895911
127.13142012796320
126.12976272160439
131.34359902019716
124.32871717631065
139.87075499002140
124.83868452239032
137.00780915209103
137.81743612918089
136.62348463785003
146.82656948084855
146.35375449438527
154.15899904148631
147.19542264003556
144.21825783370659
149.44730970470732
143.14707559310406
123.47976432794405
133.76384867763551
123.80069302987360
131.32832521998114
114.82260302519526
121.02754256290513
120.05470443563020
116.57845281966462
122.71411552088665
136.80968525180685
118.99132539616326
116.18042600581894
125.30395021651518
133.79767075164690
130.94558077600797
136.00930914602856
146.36367166275838
129.33846909937631
130.14023693762599
132.07579078217438
131.11281853801546
131.54203574718488
139.71489166399508
153.22126848159826
160.82624078763365
170.06228716146134
176.08297256829951
171.10623552755939
178.20588439236474
180.67322685184558
172.69861379174688
164.40744188344098
176.11352224612659
181.80354416465570
175.60569106484425
181.86563994657217
173.35904608592165
179.34225682283480
183.65051745223431
176.24182667187500
169.19099429095897
175.10766820632170
158.83386909677989
154.44226517422214
160.90654969135051
154.23529797694707
163.31011261411916
170.23694872647781
182.49072198063178
184.91504388006237
190.03063910894039
178.90224006126294
169.99828080623766
164.24129951578971
159.92442041801868
170.09821048760222
174.95931321309865
179.74712161727211
183.39341079275948
191.88582717021933
173.13688859344825
167.02144033096812
176.25652206165975
184.06857826709205
176.63446380988401
176.71517546411391
181.59464620617484
190.47300499529351
182.20074007560086
187.45853759066947
194.11989530004004
201.15799608704222
208.35790827209954
213.56151636622664
207.90548983933232
212.55913980055962
216.25739759112190
219.47216579836703
213.04524337278681
218.26757144745056
