-106.08522699776964
-93.31260588827331
-88.65687460061032
-110.16951675047531
-104.67089723954186
-129.63463366032528
-165.75732140033838
-170.27814395814971
-190.52538173972820
-175.76311928192044
-204.53947238891561
-217.44422746034388
-237.33745419241143
-253.42779116913528
-262.46424118022532
-268.58826823024418
-271.83046762554017
-273.60369246516802
-256.66698077343023
-257.79519251442230
-243.28301598077968
-226.82011254567317
-203.48458699175694
-195.74662653666073
-187.48420909737462
-178.20264749459415
-206.65157980248784
-196.72520558187119
-188.17517107233328
-184.66552782755036
-176.23396752833276
-171.97282593237583
-194.46309936755597
-183.98575654130113
-174.93165621349195
-163.60334578353272
-161.00825892048570
-142.91349743076458
-134.61085991252148
-141.22392411856498
-141.74459635296887
-135.55302424858340
-132.79056252023426
-127.15015863464922
-129.04107648957114
-127.65239085126009
-131.07249713930838
-137.81985022394687
-125.10908639152208
-127.36001758215824
-123.18999864704472
-116.26327941085131
-109.60922991739895
-111.89373412268606
-107.40228426908345
-116.64127714352992
-119.74854280799256
-110.13568192864017
-104.84318412018135
-100.25727447807211
-92.93563345910736
-116.58768763550604
-121.33751240948862
-147.02545356061390
-172.20589278485454
-186.31913761747973
-216.45030867731913
-217.49125372121307
-232.15534132198286
-236.86715896883697
-271.49809111769451
-309.36754415673499
-314.84771541371504
-328.15309690637082
-372.21085937233772
-358.03134721366382
-363.50241906361322
-403.08425168484888
-389.82322174645242
-422.96323168191498
-432.56106138404675
-450.00445493625006
-477.30383919972189
-482.86176069865024
-503.28287387251862
-510.26830241013681
-487.19986697472524
-498.26787761345463
-487.74595211106521
-470.75992338066339
-469.13639534977352
-437.30122658862149
-395.52499752855209
-406.56485747976353
-390.71048822531458
-371.18947074702288
-360.21056772484189
-327.30652599029253
-295.84565444715992
-291.31747868441317
-263.32500587051857
-243.01940576379496
-236.15769672445563
-210.45361624621680
-192.76739229930655
-173.94680789654569
-160.17048162296663
-141.24502254386962
-127.86279691922041
-119.36676094746151
-108.14756277616907
-96.07558495424077
-91.91405667246059
-106.19720886556775
-112.00287360924794
-127.11203200289870
-136.71923004000232
-129.33787102666173
-120.21168516696619
-123.07541817897703
-109.78557175108222
-101.79400925203342
-90.90320759515158
-96.30521377748816
-96.05070807693795
-106.56011846472269
-103.67923400043118
-105.41590760119438
-100.81141068356023
-101.75417973786152
-102.47619464221575
-106.01855723176530
-104.20856690213031
-103.55602347438931
-105.89266882517535
-109.09076387429693
-145.42317238768135
-144.89206474701348
-137.39468792157726
-136.22000913258705
-144.44483140472829
-152.46127945356486
-134.02077821155532
-135.48215075026857
-132.80931382490351
-122.88531493161364
-117.89237292329479
-118.88030891823901
-118.32241214385967
-119.15809771022721
-116.12411946684863
-115.43640788177102
-119.78207945712016
-122.49508218045655
-123.07631033103534
-122.52449784540242
-119.17082339989530
-117.22235944380890
-113.14667059126279
-117.82344394694181
-237.67297953097210
-395.71737625231651
-365.05935458536754
-334.19398373908149
-311.92151865202169
-297.69599523471220
-276.81748676409580
-253.06896710952898
-232.59356133464522
-218.21925783886360
-208.34133273456359
-201.59164318118698
-184.95927663914364
-174.38502893501234
-167.66036924866933
-163.50170124506968
-163.05153280839670
-153.27799076518326
-143.81149812799606
-136.95278271434103
-130.87745148449352
-129.12173562329409
-123.00494775310955
-119.34564633723579
-118.70306569350552
-116.05571198954472
-110.95197214763979
-106.33189918353958
-104.37240488346534
-98.46308057210773
-91.24881500766811
-88.88803599519461
-84.30318880908094
-79.58267792614735
-83.53769936745047
-85.28302272311061
-80.35589973819847
-89.86994786591806
-90.92444069483986
-88.14715416602795
-92.38102838354395
-90.35899326195272
-95.80896482468418
-98.91898869740771
-103.51163267346809
-101.23420931664364
-97.98113102007487
-90.03278139939799
-85.18911301299686
-83.06083984433266
-78.47168606420956
-78.79572662353335
-84.90732373613480
-93.10888674852627
-82.16121172793804
-96.30717662707823
-110.56066509277845
-115.72815985756122
-115.73963617799322
-109.75018808743388
-110.90439716169647
-104.50977553986641
-114.74043734463461
-107.55082980900841
-101.46937843677856
-96.18409922888181
-92.50198481713994
-104.10274118023705
-99.45415590642835
-102.20728734216726
-112.63047789843013
-111.57466421419969
-109.97315115317843
-112.73923894320673
-110.05901260538572
-101.86999525888868
-99.05036274686799
-95.16899125625261
-90.56256841142246
-88.73621347556507
-83.32871968509983
-83.49047321349246
-85.54852611814022
-84.26107359516891
-79.85138360235773
-82.51524429709175
-82.73454836926814
-77.94079429456880
-79.51540938674304
-82.94990207205741
-85.59568557439506
-82.88815788402187
-81.01953080538935
-88.64986275156468
-87.45861712078367
-127.44031983584918
-169.07475297128775
-152.56698011460367
-144.26482685480536
-127.15154458713991
-115.84000275244145
-124.04031370216360
-130.43370706605941
-127.91633105068686
-114.42225387199153
-119.94094614707713
-127.50141803658920
-112.98344077640017
-98.92060873414952
-101.97548571030114
-103.84317477229690
-93.91748347304313
-88.62713450724516
-80.05700402990006
-77.20630191587976
-67.99684850083088
-63.27726003455428
-44.29888630916232
-68.60987426482406
-76.31183472204518
-69.01768839058674
-66.47595660430672
-62.41591369019777
-41.45187738942136
-36.19934591621940
-39.26901592477017
-36.67554775600071
-30.84409448116558
-32.18504078461137
-31.00125049460251
-27.02614893930580
-25.59949911795205
-27.80329652231903
-26.93097812065194
-26.73005054498612
-26.33927705246450
-28.80251798877736
-26.53894302463610
-23.97567747823540
-8.80964084512868
-4.16976469163349
-9.93474369833910
-3.40538695892784
-2.93664477523657
-10.35040340890983
-15.53578990831742
-13.48140623755000
-10.46092454917247
-6.96387464429368
3.44621867567809
-0.20793420677370
0.19014392419674
1.56173511246516
3.65540331570398
-2.09067674129153
-2.60132625710097
-2.92914927968553
-7.02014057888166
-8.81059125826649
-3.45681876213796
-7.79890467667479
-0.68759490363447
-6.46281273715021
-5.59215753811532
-5.89748168025410
-4.76833977188671
2.61258967948229
-2.75149606310538
4.91138750158499
6.17588857980933
4.08208412283838
2.89181416478972
0.59761436246273
0.49632764807787
-0.82359323168773
6.08534825099372
10.05704867581208
-0.26018236293071
-5.76256944027906
-7.81861694661427
-4.66564416582914
-4.18883146368044
-6.76418699923669
-9.83923738107204
-1.62579338436366
-3.07623243044068
-5.05092327225019
3.45788608394062
1.99888592989662
4.37547530676713
6.27368184543845
16.47854137050737
24.49856584953402
31.30152006559758
28.10853829712127
34.16965425757186
40.70359530632521
41.64440324852781
43.06004179338078
51.72679009055780
49.63578950498455
57.32683039084529
52.84476431554100
44.81104228259424
44.43667875610465
49.93164968211047
53.25642298505538
53.37599138450607
57.96820389370397
49.37153222897572
58.00877921698014
53.27486131863009
49.54330250517680
42.54210135644063
38.69733850858626
49.37021489001889
45.33531290372910
46.35224077976662
47.37975676716658
41.49392903672292
39.44359962279653
32.97297983813647
42.53899160854341
43.49651154508184
39.67450603333215
42.47482407785803
31.83080685393637
30.11419745234265
21.75937897107893
31.56488222042395
31.88762373935961
35.44258180029362
34.58151322970178
36.25856991763107
53.41618451405562
49.79904742346623
52.74291468930396
58.82151681937569
55.79887782429678
53.68265968305680
52.81056062787296
49.63829657870571
46.64473306908116
45.76566260815559
39.96406611960715
40.55026589496903
38.68089510691604
36.98437804364595
37.36834033195243
35.69008079424824
34.74418140513465
35.14348345670850
35.02129002959597
34.16901850861016
28.63419236634745
19.13144441533783
19.78096474674750
13.81368400884983
12.89257787179509
8.49492478448016
7.43078643881646
0.30502755441210
-3.11450882717178
-0.82668132026867
-3.00217252902467
-6.82250434858353
-7.67946912079274
-9.21551223284959
-10.48359349955468
-15.99640708115575
-17.93082438827326
-22.04023557353183
-25.39677519849639
-29.08173602069019
-26.28997697190919
-22.34608908335925
-19.57678066731510
-19.85439031410851
-23.99972008397965
-27.32170181194288
-25.44695403281088
-29.89510243415794
-34.03154924407825
-33.43844829370861
-34.16860854562205
-30.85823552656434
-34.73284518348598
-29.92458978120836
-25.03867035704541
-24.48851784713895
-26.58995765761072
-29.18830412326085
-31.68937382376122
-28.44584309716857
-24.69368987157399
-25.30846307985012
-32.58374739652983
-18.86356171533057
-18.60619205599096
-17.52955518234140
-4.53795703830222
-3.40293789454663
-5.31988437468905
-12.59846203563578
-13.05053561523932
-17.10519232278816
-19.75452795816073
-24.10525457902764
-27.69372414394254
-33.07165756617775
-33.91221800701063
-35.13161340914860
-44.96413788811530
-55.23366402144165
-61.13690048558618
-57.68310497622656
-62.38481560135256
-64.40131369669807
-79.72907912432032
-77.04068155219765
-77.99117810022146
-74.09939044238979
-71.60770560405813
-47.88433013156569
-48.33777891453448
-49.14984504160029
-49.03635294842805
-31.21344045814007
-15.64803148757023
-8.69117811906210
-0.18704300205088
-4.00632505873454
1.49751222166872
1.17240770769581
7.73290551283906
3.77318252896423
-0.87900445976818
-2.44307602842887
-2.45655813552917
-2.66933260971332
-4.40461789870108
3.19912005413423
11.22028004280934
18.69154748966542
29.35830100884342
38.52522469663089
47.67393733070812
49.88584875810005
50.87648469360654
58.41343066669688
67.36721522574051
73.43528943841397
74.72432568162391
69.17693258622579
75.66384425046652
88.21598742251760
88.67460964145992
83.75536396185360
87.57648401913022
78.93291707243378
92.13183954851567
94.62122010919587
86.41722465480082
86.28790177154258
83.80173429092450
78.43834218496868
79.47514346066380
80.59077944772457
75.38159620961302
72.46644543349781
63.89940588800131
82.22453729098284
94.07468488142115
92.84912105261586
90.13657468218142
83.11272962660001
94.96517171860776
90.43283116377509
86.83190262351869
80.79993991409303
86.27807580254562
97.60659154875921
108.39451350586128
106.53902306883776
113.33914639627413
117.22632839527259
109.16445864194361
111.74493419853795
99.89993914429387
95.32687498524881
96.63289195459583
91.04075231759353
106.20896610047708
118.83047280907485
108.93855655207457
102.97767685530984
93.78033756541093
82.13192712559827
82.88148646873424
95.44226921707661
89.99981287103870
83.42793743006158
77.60955186670782
80.60859976306044
73.14835306222869
67.38886821671214
56.67867599134431
78.93127068141268
70.02196756441066
80.81832718630994
66.67127538008835
82.58342515204812
71.17956092047621
87.77951610053940
89.71808185517983
72.90698174499333
90.76930032506549
81.36732607393307
84.01200079578913
86.98593284878314
80.31392674163311
75.17380281639318
78.79938155364040
76.14084482591491
70.33937785666902
67.24196241966783
61.42572973936651
57.52764283613750
49.53357250280084
39.76069299155814
30.48324071139261
25.16435198131619
22.66901259719662
16.83879021625813
14.18333115780169
31.66360213075339
25.29999077514961
24.30695015835677
20.46275233044597
16.72850935816065
8.94702509917264
0.48348955227445
-4.01401907540136
-3.99347239942354
-12.15226282037079
-18.38746187555343
-22.01092451250899
-26.71831451203654
-22.33254789469626
-29.67575226964027
-32.79481810802723
-45.33889613383596
-52.64333232154911
-54.05949076257116
-49.53802638295880
-56.62677618723990
-57.53934468694232
-53.11259577596896
-69.08831695000205
-66.70012481195720
-60.89194351911210
-59.15580781293743
-59.97573713216153
-59.45773975386992
-59.63530697424523
-34.29961272138949
-37.14151091487838
-38.35944380679779
-36.89091395001005
-41.74751942594203
-44.80817765665300
-45.04440234191611
-39.27608153861539
-40.93840932256013
-41.80225750707135
-44.17151830590384
-53.96387657938354
-56.59317016131116
-57.03277582614399
-56.84433970461806
-57.98194202981635
-58.80771871444934
-56.84481258555621
-53.68082194906122
-51.09518038286787
-48.72651418890391
-44.13568743811066
-42.07274234766887
-39.85072959710050
-41.04534651491782
-37.11321755648618
-17.96583758120428
-22.77844703119879
-23.16727039723074
-26.07496383741046
-27.79045231533906
-26.01481469452808
-24.97878328351565
-28.58395902557518
-6.35786072476688
-8.86890094205832
-13.13222044465577
-13.46894490862964
-15.26968006695210
-19.27623642374554
-33.26184589573485
-37.67642975298438
-42.48776084312526
-17.30981371323034
-20.40764517986083
-2.94294045566230
-27.34108532673426
-34.35304648721346
-32.53227869176911
-28.81808523490104
-4.56051809802199
-10.16566988957053
-14.62155280821285
-19.16955014801706
-21.21382970099952
-21.75911832203892
-19.41341915571074
-22.76378498893252
-1.51298680540461
-13.73479207192056
-11.62430555070448
-13.24489232972672
-38.28683592637785
-62.24543939271052
-69.97271438522696
-85.92600828324152
-115.85616582883699
-130.57709898225585
-123.54424406956433
-123.61947648922521
-120.93265078517796
-89.94595161234864
-63.93279739705613
-36.53343273379672
-12.88503109431157
-16.35748711443189
6.85258471673372
22.03319896295204
40.63614973208684
58.32443155264814
67.48054081831359
35.37336942109957
13.24842632230326
10.15830579550526
27.45474635780516
22.28941506484088
-4.14002663749768
-13.53772849844539
-13.49742971319615
-20.24175073096531
2.36843985111776
21.55318828543242
28.74626791664484
-2.22630599492696
12.58122866062572
33.64709073609761
29.75797672792895
27.95274062185930
47.17595004905253
59.00732369347507
68.57352105675074
73.09023377479713
81.56946196834762
72.71813179341251
76.92394932994114
54.52097635970139
57.15801800886232
62.90257847399744
68.56774926997772
61.17072177568399
55.12522084372422
61.94643627031007
60.80196784395280
59.01939065801882
54.88821950430800
46.30192198413394
49.38684353421922
45.19076202634122
41.90675591822014
40.71804227424492
43.20138282172277
39.40227216407895
33.01870099102410
23.64805280585573
21.07513377504407
43.73118001922703
38.55273740193864
33.68289735886727
29.09176248030007
26.15171049373942
26.48816345440137
24.96374012203696
20.56727350112372
15.57577687052248
9.83310717234793
6.33835234282324
1.02970749326229
-2.95313324577277
-10.16075489168505
-10.76156835206889
-12.33242209638581
-12.88694503707085
-14.49530037807178
-12.77304666393151
-10.82398630622132
-23.83347688053809
-23.51399593192696
-25.36808802715877
-21.80063889671786
-22.43959858481774
-22.67085303053362
-24.76953149212759
-27.97546544048872
-26.44708792797643
-23.67413707487891
-20.08944558460734
-19.05047651713407
-19.81158936792540
-20.83778574387609
-21.29227168790737
-22.95231999762731
-16.65887795075592
-10.81839537499025
-9.96200468699017
-8.42369240682302
-11.14308463148063
-9.12490432584895
-8.66819993106963
-5.21943249625073
3.05820283599245
-0.34307404850280
0.82252393191130
1.23385465675862
1.27872924820440
3.99244895308389
5.53101276931953
5.56510192694416
5.76252417289329
4.12891529230879
7.02412527456815
5.21414280189187
6.95062663459075
10.16613018436223
13.54861746258916
14.03808643040886
13.52028108562039
15.92633511500177
12.56710950300448
14.69193269762414
20.26822109639550
31.12319094857537
33.83962314620487
40.01977863961810
49.56490976354585
48.25099843791103
43.51143794850669
42.17897798438553
38.78217151340203
38.27917104067868
37.96758958570232
35.68215626374781
36.57704308125886
35.64205883718027
44.22282934673233
42.89873739515744
41.42554410536795
39.78796586505310
37.93571786301478
43.51471518497569
53.04519972050912
48.99877108413749
44.77158380627053
40.88433849327395
47.59476142772097
43.37832343245679
40.89473654810603
39.56057611485043
48.99755185965304
45.40977530378868
47.74558719131422
44.05786550493170
52.75408702217578
47.13367961512059
43.37962917042386
41.37398765051061
38.54821383936778
34.63934345550577
32.31312478508704
30.53559380670185
27.78672608105094
25.50561629031422
32.92887847187875
34.24762650785598
31.23693732156083
29.87834756541482
30.29143658622366
14.41141657738539
9.12838241621689
8.82076000150099
11.52829455574646
9.54971275331107
8.18941995183553
20.28661607477806
31.76873128833581
33.09206318055056
2.36133388518334
8.86670298181706
10.30120406814837
7.12523258989290
11.04238260969855
-22.20525034179948
-46.51668684661914
-38.79016694943631
-36.34400310469653
-66.02692067768186
-52.86798692412516
-46.74683656021178
-39.57089517959709
-33.31637101569279
-24.13593104139587
-20.58623568300516
-14.44580757223400
-20.54736881003864
-5.49351720971464
-20.14047483959005
-18.92825322888885
-21.83485311790923
-58.33891620170984
-44.91803566572747
-81.11711420374823
-126.61063525973051
-109.31124606536160
-98.31568381230514
-79.69426718517776
-121.15249859878334
-106.64251411619475
-96.00606108816490
-86.55937373719134
-99.29153274229515
-89.23676667015329
-77.34793136371407
-44.76493527260411
-30.58869242640856
-23.41802641291158
5.92769948911188
-38.76487804297709
-35.16217762341458
-10.14954607788637
-11.38872131017952
-13.70824657461664
-44.17669875449888
-39.81285493637068
-13.45159374477405
-11.43578846664407
-8.00752501689441
-7.65042770940509
-5.16169175488122
-5.58263123241285
16.45399633007820
14.17064454256222
-31.66010960725589
-54.29880854668753
-49.36488598141754
-43.08831987155170
-53.62357318257017
-37.25298595738740
-51.26746449509966
-50.81959507583255
-19.08138706654956
-18.35886200678664
-66.68510569855252
-62.88186983457535
-54.99347821411315
-47.72898347689774
-16.70176719029953
5.43733097471029
3.70785087876416
1.06634950382037
3.69508718017527
-0.90115760369361
2.38513930218482
26.37502591840989
46.54078032545866
35.92313586579486
34.37217832673387
56.00444718091045
51.57566735263041
43.55291663971953
38.62133512276823
59.37247482350596
49.42872854489909
44.76975974777548
25.16696115844225
22.94237824752938
25.36751280554667
12.70483443832780
11.26104641021353
16.84273698475605
12.60400684161772
11.46799042110058
8.09625176335422
3.93778025004631
4.34855302610892
0.81616350810380
24.40573274798295
26.29075999283018
21.92740983952551
45.19188362243953
35.76970642796685
35.05328702537048
29.53071044901482
25.29588811853571
22.85231018060647
16.75749720080341
15.79332352402776
14.73372731008324
13.24182398257321
12.55821551721264
11.27388215501664
10.98917918329716
9.70294209464296
6.69957060880946
7.37231293048957
10.25839424451361
10.53870758168663
8.59475548717917
5.96666524799950
31.88627549946137
29.24898123297051
46.71267059209377
42.51196924937318
41.83264654514497
37.06502892979593
28.93439425117029
29.46163057605465
28.71826369491294
47.57585624506115
45.44721495284967
49.46354947046503
45.68641053598955
44.64231594589997
38.79542865982338
35.42435397365617
36.18258602726250
52.99298585771358
50.94305439237768
45.64641897074854
40.12106647914143
35.98162776363079
34.04654922436232
34.67812679828076
35.52503786323706
50.86479058917504
49.62975693593886
41.07572587884526
51.55304293532752
72.47073637971955
68.02195777892383
58.55847357142250
69.43424088144459
81.33014538444955
79.87226177055402
63.01651601096159
63.55160553499065
63.10470177301940
56.35204476336590
49.19824112260154
47.89536538962389
42.63572390123098
34.81676895631232
29.81746422921844
51.54874234896009
53.83055016816879
46.95910356962286
67.20447666751443
63.96087254040138
55.97025234640721
54.76510281518668
74.64630572133515
67.60875924245397
76.51685985823286
70.09532715557333
64.47425211410460
59.72837757705741
54.89842290418681
49.79306986166328
46.40656038953701
44.76017610194670
36.79548850534874
30.98318337230095
49.93828911235585
48.22304591333778
44.44886879964314
44.00978173075352
36.74346807451610
35.48106423758277
29.61652524318374
28.72754008116469
26.35448476285820
27.36412694495505
24.69602942543087
18.72059918133823
17.34515594551529
17.05671435961541
19.92400365092049
19.14187685860548
16.11403346958208
11.09836020376844
13.01767777854834
12.34789884123527
4.25354015268852
5.08720293969884
7.71273379763617
7.17371577638336
9.99978600000118
28.03425193210881
34.79822405715538
21.10474354762083
45.17198526092037
43.47473823853572
35.40848771511591
39.17158963435277
33.32771230402964
32.82334846543613
28.70021475946615
25.85377058647445
24.16447398345884
37.87581530614874
32.03429915749681
29.41548559456421
28.09933131822846
51.44037069546221
48.31689130031542
48.10827803683589
45.96800076819854
39.71331281378615
59.12924321126292
76.93952580401458
89.48322334610927
102.59347408205704
91.39067998103603
105.00216226694995
97.52946941835596
89.98426144637536
85.44936588852023
99.16969180803449
110.89243403314441
125.84600679210995
98.88008270301525
107.25514312895082
81.90309603747951
76.27315089402687
87.96425213982933
71.25712666709396
72.15627792490612
84.73645652764949
65.47440567129662
56.24716116633700
56.80184692852492
29.46544654149543
36.33958319496645
45.05334405842348
59.59182294228422
66.38947128800837
77.11383688878078
67.54142178761411
75.85554954818443
24.17166298977225
20.92880251571355
20.53425338300499
36.83216283294574
-4.45970095844496
-33.45128098838597
-32.66885701862815
-64.39929693912212
-58.79368384524283
-66.87031075417782
-67.20660604438962
-40.15958795949490
-73.97774632580722
-46.86720453214915
-78.22563828147922
-77.96714574519115
-85.64823854766189
-56.87916253585138
-56.74359737772902
-36.02424484733432
-12.45740328269600
-40.87293857097703
-16.78779063240135
-37.08599624045442
-52.51986439868235
-81.00700779797371
-52.00538017815359
-34.80278501861151
-11.50036053534543
-32.70382715521369
-8.52338140644899
-10.34505600995752
-18.28947899040123
-36.32355877020976
-61.80024133779591
-32.35944612491361
-8.34224834483734
15.46553204057464
-15.54408541411311
0.67726921682870
24.81369204535422
36.49446327588471
22.27248463952036
29.98139569576697
47.99759045423713
61.50773444340022
53.36939480205242
60.04971064708560
79.06409349927652
40.76268832807251
18.34811399589165
16.04498900638453
38.78087988073410
56.51089728892939
56.70330243633107
73.96011299038381
91.09991848386579
110.59207008116627
97.19467524108467
86.84370083596828
86.24848830827706
102.23982165637159
116.91585995998082
105.85518082163446
85.91048419800205
99.92138155700225
90.10426539403655
84.25437414549762
74.36006087535486
73.44125733638843
85.29236516750217
77.79413090524451
68.10122625705739
61.28133266879421
60.49381463130532
55.22009077006348
64.07932681077088
82.37647896666371
79.63156061631742
66.42945260261190
68.79906503498819
61.77963302246471
68.67651394561845
85.09633283213448
86.46962555393625
82.12141849276935
59.93869592990092
51.93095683019040
42.73119091691613
63.11194269011143
62.59644987931231
59.29796570615145
27.72994878910447
24.54764989013718
24.02656869966955
15.98205086086538
33.38675531290428
33.79941973817650
29.95898612004508
29.22760007080774
45.29655501707634
58.64631451869126
56.36502454912372
50.19439030662696
61.56338675274385
64.38392953744810
74.20373941052208
48.05558339999439
45.10088500753190
24.79994632764191
42.19139841811537
58.15445199602321
48.50373041943227
68.93085305307264
85.49348250277593
57.41231470812305
75.52136660690263
86.62310980673774
101.71677753765879
75.73238047391773
83.36439298654645
59.36510958765208
72.46786739193963
83.25922095901319
71.33302864402084
43.79138937587852
38.37216051153733
30.67097267524777
24.22011329245094
39.42360461091685
54.63467777013518
46.13560451022759
41.63067752311385
52.15053826841370
29.40151561756015
43.00662839678037
40.14580358754269
35.37354347561432
37.97462314295029
29.24451488467527
20.70230135089500
18.25098936716248
17.22917099182360
23.56541711762903
8.28338676968016
4.18641337506878
1.34563051184244
-0.21774053293341
-5.58079525007054
-20.47709361206127
-60.92681797492530
-73.85967307462843
-103.80093287918429
-86.67834672412440
-63.17766041682413
-42.36368959596672
-78.33417088392839
-88.98660444951068
-54.93236115061995
-41.60200687927959
-49.51727681132631
-46.83162652060368
-44.70743450557643
-46.71554090331797
-40.90965447873428
-80.83448931680311
-49.55382993749578
-91.50797717015428
-58.03554995986950
-30.55700997291228
-2.37679120623908
-58.92151680789454
-31.33817112368684
-7.32298688644647
-32.78480697881833
-82.84228899768203
-95.85584669092137
-96.79747101924880
-123.41695684063312
-116.73361782719371
-141.47058940164871
-107.38112792836108
-81.50340699778256
-89.83826382642422
-106.46351510216093
-98.68261331748391
-66.87331897356918
-42.82215452779458
-18.29773266036586
3.61245672273900
24.48174658346966
-8.17219084586417
13.19296259226471
-5.82306037694727
-25.97495595637090
-1.78802789599348
21.87533035658688
44.25784600154336
60.44236821580049
22.54997741488422
5.89268753163671
28.60682976854922
45.38786552918300
33.06379191821546
24.47620270695296
-1.84046770187610
-5.19337451629616
15.07408747600352
33.49623755473202
32.27126217247891
22.96739487386970
-5.24834203590130
-11.70987323225975
12.34763268475920
2.27948462672947
-18.85002164333050
-41.30801516404117
-57.25631202884126
-29.46252336231478
-19.82022283139053
-17.71793571698437
-16.52314807719453
-18.15160018033689
-37.17194923748429
-41.41821723839498
-18.52449726012978
2.55802446447014
2.04972631557937
21.12988452810997
21.53912944294794
34.16609188316671
31.25751842879573
18.35696621802560
20.99142144273960
41.88322871290545
35.74296696040958
48.16449134186983
45.70834844046557
42.33195582156915
57.27435059060807
55.03314756965592
53.53946509334845
23.72172533538665
19.87060177947204
37.52256875216212
30.06301647891116
30.05016662219466
29.95580155146548
23.20952897777146
18.89413550776884
18.26475812375071
34.66323477290325
53.06606672947128
71.62888274673610
83.87561775504435
103.93525168736930
122.78237143620780
131.66549727064248
137.23826983512865
148.56456068577006
131.19478095243187
143.26464493853098
140.06586665875392
127.77249991643178
118.23216052073839
105.01805443489889
96.37421193851667
110.38395858694585
102.03038011771348
109.53779838389164
117.17798051714806
105.32406162739331
98.41406030561134
89.15045677061637
82.04823742897548
71.56725363994128
64.24327972055823
71.65285974647630
68.56037043080116
58.79428975449495
48.24891616313239
46.99994680678615
55.34424570776667
50.69528675530036
60.61542389351391
52.91443367048920
49.33055796630517
58.38812462906122
64.18511951375147
64.73611419010430
54.22820819472469
69.86511988979842
79.69764944420474
93.63007517013462
82.65800632113832
86.21532883997622
95.51419575627659
108.81470781440393
121.94540148625053
131.36421917318228
119.87721037989579
121.70029904195678
121.76888647875725
120.38807662167554
116.91406472608988
116.69402125340567
105.29112664255075
96.67606598272572
97.45437730691036
100.58690720755469
107.96609502952022
112.25529408436687
117.37351856036204
101.01604853602223
103.97101182726573
91.40841367437602
92.05422818395621
83.68529221650718
89.58106266445442
102.51711485335365
91.87275966105031
86.62358980670643
104.83132848343959
121.02105140662277
136.22590552445047
144.14442831464476
133.52288087833739
115.72503887303745
130.80334263453113
124.13579782295116
115.69123310356716
122.10253062879268
113.23722166846615
131.01935333967731
118.23160988955067
109.47127214406919
102.38818914982951
112.18710936350078
123.48677591697363
111.48446707254978
108.06513003172927
121.84941482983382
109.88091775963971
99.22379616119670
88.63475846050380
85.51133765353461
75.20871953241860
70.48377135323665
68.52085040720561
61.21388358266226
52.42652069142703
59.89111274763530
50.75110616874696
43.54315308638938
43.32336629153367
38.30019861598056
59.47695893955405
59.78255853005922
61.84952260768981
74.81171389768190
71.41083447855198
87.55077934081420
105.37674571277611
97.42761844325339
117.41449322117509
110.70061981173296
122.97709569414683
140.10067447973194
151.63594678114788
138.65888670877678
125.33929525400653
131.16313913178601
146.58984556367992
159.74803834788969
161.21563817532200
149.81306619626855
162.74457799336378
169.65006717827720
169.68912658458817
152.88416392870349
139.35969100675911
134.09719627618327
143.38030278472655
156.60713392914948
138.05367628703630
135.56437483303648
140.55254525949340
148.10189773004720
160.04419898664992
167.35544008071139
165.97964198663752
176.66189532892236
158.68434575248202
145.32642824179905
149.10675337343764
143.57131547135040
149.57145655127314
161.61561507511618
167.29104409382990
169.82777945866985
158.32905622428885
158.48257464211471
159.17019120776706
161.63818473515431
173.94874951101656
180.84812688506057
173.56722249459293
178.28918130865537
177.82758818977797
176.78479055269403
155.22757036268013
140.57404240037869
128.47390048459224
142.94663043267477
136.62153642164884
131.96223799706399
139.09474948132660
145.30906496138647
154.12825740918603
159.31149921336549
152.18258201282893
145.96314508010920
135.10511215312312
141.80028576213596
136.98661970019680
147.17929909126838
156.36394354615371
164.36209460863878
173.20169495423926
177.82059636063664
181.97702053742370
187.36142039123109
180.83811617606665
181.73500895060585
173.66626438455552
160.19837885083763
156.29246867861360
156.42281729523103
163.68064507828001
162.70565528239374
146.51124669015130
135.95934858438258
137.58942476911926
121.01991964441926
125.01971771269230
110.53414374222557
114.86811246431714
126.72950694300982
130.18922386156993
131.42377025392025
120.02340118905994
117.73374553345727
129.06709463790830
131.72133357224629
124.38465812811211
135.16533102652701
132.75823683618103
132.51710777766539
141.75952109012371
136.11007877260306
121.33786605028727
121.58373365604402
135.71953294125285
132.45632385435084
125.01470245623638
132.90982054394630
138.16510737608951
136.63202070953872
151.21087801702527
141.21198171625326
150.08573698655019
137.02585819993229
136.70094001317696
145.65587468014348
148.33470806386066
146.83757425489210
145.06481100459359
145.78709991352520
130.91004519438511
130.52159576547328
128.70777880781841
139.28640941192501
138.47339679285031
149.57626603001012
135.49204755947719
149.30872426635705
158.90362529575896
166.79722348163588
151.97071921056590
160.63411626655366
154.20674463696298
151.10801945129623
159.97923201739630
167.24471101887369
175.63467666950766
161.86206962576713
168.15173825749940
153.02980258397730
163.09566500549474
150.55170212451875
137.53366028187577
143.08259935773123
149.49789520051354
162.10359749932297
149.37657076928417
137.40952737912403
125.19794610928700
114.11078424380760
101.06024723867148
95.01746220471969
86.64684586893242
75.61100483970520
67.64262018518409
65.44530029682812
71.45668604430929
67.06175387201331
59.67074921264349
51.48398170780153
57.14665281664443
77.11515167653199
72.91195069345508
65.43083253289147
72.94052494676939
72.17810547345378
83.68614871383983
78.14379333386904
80.86348186496770
75.84653591400500
82.72968299658032
88.86302630258376
94.99749171110977
101.21168240163755
95.94436696425559
104.49629491729766
95.15371273204201
110.76928492784724
102.32029651885070
104.37159867988785
104.91476303855728
96.53772525917597
90.33489705465738
93.41640068579423
98.70030695768580
93.62558241383621
88.87415183089293
96.34648136796976
88.49579479935424
91.27727099240876
107.89044210417596
121.90897633781631
122.37755028574871
122.52839911808945
124.21985870713938
132.07193040878428
121.12371836542090
112.23598164242918
116.88993650795676
118.10236083462246
118.97265431218983
124.12666560872682
133.56341051209534
121.47736880321101
112.98975780078761
112.22888815506141
102.43945555925515
101.54460554511773
100.13341102302547
100.05860631202167
99.61943632201067
100.90457204453995
104.19165249685803
106.52957236110815
109.00452771166817
110.91708183209258
113.98740015807469
113.93200950301072
112.16591507754615
111.68234159599413
115.95224935045817
118.79126774122369
119.29318596399055
122.74038301849635
126.75948335053175
126.14650320463083
125.71775809101605
124.08248080024440
120.93080159432935
117.63301723874841
116.88654303690564
113.60137463207084
110.06567187172075
124.09898460551670
122.78933195670838
126.27521879603759
122.16985723942157
119.21986579798498
122.68614133764876
120.68865131940566
135.25650521660970
134.43627133420074
129.98117781745458
138.46032370182189
136.42056679095319
134.09179327468820
114.07669507625400
113.95813018706900
112.66224794147938
115.29039982196061
98.90384288463322
97.36208578553362
100.72134455899538
100.17660980638215
109.32992464927075
99.57243327493954
102.47314339498813
92.48705386367334
96.18364935095740
104.39408626342004
106.52441924360480
94.90435915452878
95.39387165622443
86.16036819174712
87.05973428025985
94.09192067081389
81.81719670716828
73.19813690821007
66.08475334312043
71.40023360324012
86.04869037380521
87.14425659419666
90.92401952715458
80.62306081186797
86.05638525016187
87.48292412625271
77.92303478056229
76.56583415603657
70.09116996927897
60.77332186011961
72.65606796514970
90.03574168400469
95.29459482996697
107.88598517931418
99.98993511312086
111.20815072967287
95.69021636767417
108.67932366048605
110.22357453294100
122.57216652695882
108.54105110609956
99.81362640800677
110.46413486265698
97.09678459599658
89.82449203606865
98.41884144508276
105.52689436691638
94.63893641506849
87.43088179793233
92.37792465820806
84.88552961327422
93.28892179194654
100.25004558114853
89.64307186059422
80.18015013178440
76.07434059902847
68.82553883061712
61.03385498697735
55.90153202817024
53.44014240532606
73.28231674987384
70.00158226885625
65.27399780062198
55.24061754973864
72.50265560279273
75.13761922223401
69.23719060662737
63.77372603989826
53.21569753840774
62.14407210820827
64.32303122695343
57.61634132528190
65.38807309654656
70.20396340560171
67.17916826445020
72.93724711965528
67.43787714171370
84.67157058172893
84.93804353644070
77.14463244976818
69.92928160715982
77.46835214357453
73.32524583554597
67.70043416853559
77.72495350778551
84.35992059927017
71.86218234212083
75.20594424352467
95.63124543269669
97.28074430810949
102.35396030943667
107.15722898720463
110.66237612094913
110.49929702626024
112.03628535530008
113.95052646486310
111.85042390889689
113.55327175113850
110.74120031458166
122.91527108113903
123.35995914263167
125.32030628572879
128.92779093334713
117.72643388284180
116.60783922802766
127.98230242715715
113.34484063272245
94.60349764597747
107.47571573087735
105.02279059173446
92.91073617385968
89.89594848576129
90.66496009713609
96.66917032289477
100.29099944025972
104.88035854882033
119.58179409300328
123.31683490773156
125.20938590761553
125.14862347949860
100.35630095641704
103.15235936014150
104.28882174241713
108.91125604105144
109.23304772934929
109.07874282426897
102.90519006147341
116.24732133040951
117.27538716983125
105.01750476245195
97.07147628670613
104.31633642438000
109.25438997573688
120.39860545891956
121.56878999150931
109.19611237578479
94.01079538305673
102.00448299396382
92.42717058367977
88.12327914264999
105.78659729588041
93.81099714639106
84.82799979726828
89.30258982665652
98.42536412182579
112.76061029836717
121.52960659985719
131.96363373787017
140.14501126227893
122.82226984743870
114.58606733630788
114.97845938035273
128.45068376366220
127.27285659662384
120.25572264208331
134.00307828860912
122.43488083784881
122.50680770237176
113.17069186173684
124.72315587322652
126.82079032427382
129.07185928794615
117.86805673959489
118.17682722315568
132.87248562252205
144.33246480813375
135.57972773843900
122.13491662909964
126.54068359441732
135.30320181208742
133.49633940400457
120.97013735310304
132.71435483228979
134.16229750497388
134.56046802239661
135.62490083935040
123.84147409747166
118.26264945289363
131.83485016320623
116.17181523210552
104.35990475534864
107.31077579556789
97.79755348580426
110.76719474771268
101.56927679587641
100.79148434652862
92.42894628141082
98.23374069832244
109.20068296045478
108.66870379970160
96.74893134059840
112.16496333704085
119.24140484917642
128.35226557437912
140.19278269162660
126.01803736040046
127.94947855132993
113.08514561596753
115.70926902312665
117.97433165789244
130.81979824683796
134.38213647650630
118.31541721801771
128.13155829573608
136.34598882584450
140.19244338513175
136.61572174593385
140.08270395337215
143.60828852731686
134.29230826264595
133.13669716166646
126.69851835168494
138.70837233827450
152.66809717358015
149.38137414408823
147.81029635886293
144.19773284794587
144.04166694696170
142.72294680243266
156.36239531702142
163.37402207111003
162.26577499257610
150.23007768928346
160.78248831038664
168.00492172529363
156.67991633896483
157.29434026936548
156.74640395311823
163.70769475231489
162.01636236762585
160.15120761748869
169.35671101117330
168.10017037059504
164.91110515226976
161.51976954564745
158.24765555072563
158.31868147272343
156.07805292385768
150.32996179482745
137.43961107869441
136.32366104678562
136.33743065674363
134.14774668079525
147.13640945984588
156.04630554799365
142.24286266419648
142.82068026146769
141.17247705351588
130.86706485795358
140.17196511753107
134.57271495263672
130.85357497251951
123.22554721119315
115.14163650738527
113.62100145885408
107.93729792541247
108.43635899359332
103.87834201977563
96.50401789490846
102.91311404726378
118.66313450405886
108.77978300659794
108.89772409553127
96.27821827431190
93.50316141708151
88.50942124147292
94.24941094943775
110.44403030723008
102.07758380859295
92.80606367598709
85.94560873552010
97.20470701614519
86.33579406894893
80.50400704612825
75.96679875131869
91.22078745804512
81.08593914963481
71.44180567441892
65.08108502328143
62.56333487150481
60.84415852494442
68.26866928247372
64.13938114708905
58.56576673469525
57.93882883562565
56.83350424873527
47.81919506793447
46.69790276438059
37.89846513521701
34.51542196505429
53.99376849216917
66.77824488346999
86.61572502131668
77.12611993491933
70.51767163621125
68.21652603113691
63.61062703984812
53.69817808660442
72.16346352369315
67.49439086832137
83.81608679300024
97.85404639618096
86.39485072760260
81.39938769034379
75.65544181927851
63.13502783442266
79.80708440979991
72.66835727827880
91.65976951214201
82.93384446513780
72.84565550448677
80.21127236556855
96.66137048197757
89.50948094312213
105.53540174935861
97.94325453635533
88.28605394329334
78.07823911659312
71.79258693131426
88.20844384253161
78.14899147139921
69.00075582281053
86.28611458385913
74.46172653845059
90.94450219228072
87.31769301474888
100.61659559799699
109.53452976127883
95.51430027544374
88.32322778209728
105.50725603351597
106.17923483885599
95.51315293401943
81.43956478167780
96.85797016547772
111.38567414730005
104.69304418846791
95.98698505666546
97.10132209278918
89.65935390088715
82.68663759603695
79.74623441165267
92.61787102444228
85.30863705733219
103.09378606265363
117.18553358834886
107.82303728276706
116.29326699715843
129.03001864091692
120.79437259924137
115.47635743256004
107.69261578678832
104.58189564127466
103.57197436880918
96.20603359802041
84.18444185985082
77.83792312416813
70.21308158707220
88.15121527719342
91.01151155986921
83.04569372449394
78.93229943420846
96.45834537359573
112.43558715588733
100.29670528050390
103.53228369586351
120.48062235248841
107.56894464832654
98.94382480534712
97.71175693966994
91.08855227734608
101.26301787838132
89.45834497702857
88.56726049193374
88.64833994896998
99.67517255225036
104.54935412615463
94.67716428394105
107.21413795553175
115.49351380904088
106.79869746305228
102.53754631254982
88.26238740673949
80.03696913862457
81.09318640808814
79.78927309196570
66.41841580619294
57.10517283447346
72.22222148849700
88.27699265971680
104.96041123125605
95.32864078024036
106.64286231894599
108.97866469499252
120.08864744294193
128.25475260208219
129.15769403584585
136.88667920891208
119.02386916860448
124.15875403609009
114.28342238176222
129.35672972496889
115.19664412939390
104.18959011561840
98.73102573484159
87.93797736583602
83.59634011255952
97.37727046235133
78.46996754277396
75.90207841942984
92.26272490455027
83.28275676072387
76.61939508710337
68.52654423619551
65.13055056629808
61.90576419083573
78.19391756929053
90.85335629736011
104.30100978406469
93.52738628432105
89.28307037566510
98.79994480186745
113.69669506885781
104.28185541959134
86.91852221035866
87.16057619920352
74.65179079342727
85.45559220018902
75.85607450489562
72.73707751523089
63.67745104175609
62.40401584255506
77.44256302062583
73.39740987362784
65.29783240832745
63.85385286464930
52.81730640686171
43.73235551165355
39.87644643453972
46.49946949453565
38.52152506937813
39.88025931567250
54.93049170924178
43.10717019703053
60.86687343244554
58.00777248170022
51.02413864749214
45.27407398680025
59.06238525099845
52.84990626977113
47.58760009035725
56.96398224351016
48.52891914483982
69.62011929069209
58.25136395119488
50.25776289930789
50.57308044282169
49.22496501675664
38.66857866729536
32.97086335414730
32.16009143223495
54.01445647534618
71.94434588187231
77.62595517583478
72.78582775786253
59.89621891066741
68.48790862442002
59.27276708270772
49.54506697134936
60.78692750180280
70.86163870887846
54.07658450671724
48.12664058839915
65.25534627854839
77.50647343467739
69.18528933224087
84.75375000295446
76.74790434268098
71.32107043773108
63.70538418617319
53.02020485122105
47.21599763289830
45.73084479870894
65.86853535495013
82.40979510616918
95.59034989309669
108.15557543943848
116.92544859175037
106.89796568268207
92.20625908580364
76.40463935214855
65.70617590157957
60.85092183349070
43.67811549845938
32.20384931499461
26.42225656790539
18.56671413541672
12.15029520563263
28.03091635035671
43.91145222840763
33.47582286349103
18.05939855332817
15.21914456941024
9.14655667721977
-6.86921587142852
12.63506726994497
27.68714862131905
19.12644830032637
10.62348579486507
0.45278448893070
-0.67524043895623
-5.14406703437379
-15.47822694998258
-20.93874919110085
-16.79152904181441
-17.58398529917771
-12.82258490474452
-9.09041527174927
-12.36010894141871
-13.29270593250627
-17.57005467481083
-23.50322720668078
-24.51443834254532
-16.68056467225656
-14.17816457581352
10.55277746665055
4.59211765858865
0.96660700815820
4.30881204028395
-2.06514821442009
-10.83216840193353
-6.81312144236589
-9.54694036788223
-6.71740698900468
-10.06994451719812
-14.00519544556156
-11.58961441319918
-13.82151030292076
-28.50405606632968
-31.39194790499779
-28.14415175656756
-29.59249429017566
-13.06716586744119
-16.21626524113611
-14.47200001024009
-18.25061405158615
-21.56091583556971
-21.99047312139513
-30.24266890080602
-31.50193341167531
-14.16625450124909
8.33967296468801
24.10166243072104
15.48191532338429
28.39011476772671
20.56864070073838
18.21399494913677
9.17906349589197
31.41380080596182
31.56281091310470
22.00617251200649
14.09979270096225
3.02861488516958
20.47805641586302
9.17508527706564
3.85400254089923
23.64200551362491
33.59789204491964
47.75209605531127
41.17306485596066
27.92651333485210
24.48934062985347
18.74336254047773
16.50134817869477
10.30706741010627
0.58860513984666
21.37586615007860
18.75989719842894
19.78513278396182
29.16464678552362
26.12780156524429
24.31420929299914
44.40767488033083
36.20301318147003
57.39975058118410
74.45005051134824
61.51902471959259
41.50852707264401
39.24541528611574
53.14745715624815
65.09890240415926
57.31351530295461
51.43917704394826
45.48110901744458
58.14033229308430
69.33922704339535
61.94718869634100
76.24422520229163
75.04891379558147
82.94104257978293
72.14163685405381
62.96177058120324
77.36280501266515
88.67342771283811
94.74500771087763
109.52603512699076
103.34829090115804
104.01668913595381
107.51474674587449
110.60947050356688
97.39469239217135
103.69206544716555
108.46712232915580
110.97240794501772
123.91459263680572
114.96871741884871
115.29801361156755
117.14052481336414
106.07217613299049
100.22508371826579
93.98517627837226
83.22650071246818
75.26620496437729
72.89932267577501
69.30535409770054
66.22696495670843
68.96702783798305
64.00544399694064
59.98162176693626
81.56239887341823
72.45075032615239
66.36147328808359
66.70480625844222
61.87060714745977
86.49171324123402
78.67558549761235
72.82962210557562
88.18986483802249
79.49937324159912
76.43138412684716
97.45363919968975
87.10882312201605
78.63043478843407
73.43318492769045
70.92274771676813
67.66904879942769
64.37607731989021
60.62290435242746
59.62347154899487
57.95897543797800
77.23634598588917
95.60511693940096
90.52022058638053
84.40763104544669
95.09036458952592
89.83173976637093
82.40796485181480
96.71743515172760
83.80566410626385
77.22963239146871
71.56577231343313
88.85498957598534
81.19512010772590
73.75675960449109
92.67670279445264
83.06690818822825
97.21044956893319
110.29688089449988
122.88143281862438
134.97537507735962
122.98585725999443
135.37934987868073
129.12461453326952
120.23099652075314
133.35271097246024
142.59428716257102
153.40928113593941
140.73501929983473
129.54394053150810
127.45940814917131
118.16613203392203
132.74313367171726
122.37281698145630
111.36847015127078
111.34460562631922
102.14556552219226
114.30198882784397
112.29079898338365
126.72503688302095
136.22436461426182
124.49185712648735
122.16557886433824
131.59074933247177
135.60216748834591
143.04842715196787
156.12695962974425
166.74756715475345
176.84985751293581
178.32062291144953
171.31010945906081
181.86959300331404
186.35297799012724
191.25031970637383
197.89872632598826
205.13299294870689
212.60283388978527
218.04746217894655
202.07393456330129
194.42316963125910
193.82131230091522
189.39904182463266
187.91848828430361
198.47937147950194
204.16855517086384
206.76418926604111
211.91145134381074
210.05968066641103
213.85942862291890
218.39726379486768
203.36700283810615
