-108.67085793655727
-98.23881728500844
-86.23878736170511
-74.60606272240784
-61.13346220625076
-50.12169869399476
-48.35208209796637
-206.97512446522956
-216.70503870290273
-187.13251370798557
-167.69701529218304
-150.08242177806400
-133.27496723573444
-120.66628668689657
-106.15961616445159
-95.55805272845485
-80.85335065470959
-68.12783770785914
-60.64999906411241
-54.07952948187633
-48.40907575742661
-42.49976895777223
-36.73825331720275
-34.27504093348286
-30.72132468000266
-27.61473912806601
-25.03108985373626
-21.73654353840568
-19.56752408316575
-17.62281321622769
-15.41993501345960
-13.74947996829635
-12.19352967598595
-11.05445266046826
-9.61687120777624
-8.73285103839531
-7.64765761238148
-6.85815667063534
-6.26097965789529
-5.66634726496304
-5.14832315458883
-4.86804420056969
-4.16770055201353
-3.61853498764956
-3.21566136537314
-2.75724914586926
-2.39916326012297
-2.08724187799930
-1.89501059039951
-1.73371990635654
-1.57735995470857
-1.33511171021634
-1.22987677335335
-1.11503205614374
-1.01436332461578
-0.96896817656573
-0.85978239148729
-0.82543439183074
-0.72967794488079
-0.66956116033772
-0.59996347281973
-0.51671344869284
-0.46787866139277
-0.41284961959722
-0.37913443850812
-0.33785812860729
-0.46346328808532
-0.42944793609171
-0.40804570833310
-0.36629545115758
-0.32468294191191
-0.30092706782415
-0.33085541654303
-0.34301758108687
-0.32604969261630
-0.28399600209920
-0.22846204819299
-0.23141610894709
-0.19253914231249
-0.16540469510788
-0.14647092188804
-0.14052085066090
-0.13059609612171
-0.14955631654199
-0.17242265343356
-0.17889438598709
-0.14714253431827
-0.16260623399335
-0.20521927056701
-0.16244097695998
-0.16378950746107
-0.14332167454613
-0.13242704510475
-0.13591421696769
-0.13358662448283
-0.12569137511868
-0.11211472261160
-0.09558102507447
-0.08128628270698
-0.06971313491377
