-106.08522699776964
-126.88147397775825
-136.64844663132362
-142.97132698452859
-175.77274401801139
-173.28033678882127
-168.14799253306234
-158.48977044751905
-163.19375767029535
-159.06146702143113
-171.07922945108021
-165.41990645152353
-164.94119881118402
-160.70603027834358
-159.68351639757546
-158.41758873009016
-150.44107404401603
-145.04557845846571
-149.55229769957577
-171.21276286741397
-178.83245592911408
-186.45803327662443
-203.24236815341010
-197.50418775720041
-190.16534541940894
-181.32652406954574
-172.10464002165136
-178.37088962694247
-184.46042598397673
-194.33540034742052
-184.34924353578486
-177.10773496405074
-169.52946856377375
-179.57579753764671
-164.39220763173824
-176.04674420617283
-168.17669073383973
-164.84730107984416
-159.88481961343766
-150.06647357422375
-149.55646021107989
-144.66753506301302
-138.41567098150196
-141.89689377769997
-137.40671579688154
-140.93458133316375
-137.18294278740854
-128.66270317847133
-128.52270919483286
-134.75743881134059
-133.64834828231096
-120.28936640042878
-140.59458629390286
-142.23042021670594
-139.54064937835349
-142.92075100437455
-145.42106862517372
-160.72845815906987
-156.87382575617193
-151.33026921113785
-147.06275230725373
-166.86716944540524
-165.67872579907731
-164.42909372640779
-161.71894875774069
-144.78685714699523
-137.08083090707302
-133.72054137229335
-148.93747160678146
-144.33298199450846
-140.65852675993807
-141.12370758982161
-132.61025189536238
-145.88806323730279
-149.19849404301991
-145.16246937283034
-141.99725445926379
-162.08856751766325
-171.18310942102514
-174.66442109244085
-180.87400792832898
-185.89573821820298
-176.33203410797552
-166.63548422260084
-173.85569381671701
-173.57089481018511
-178.19990673739107
-176.59027231881336
-160.22449484576345
-163.17911515615785
-150.72048688982130
-149.31012124497198
-148.04419984586701
-143.18570829207192
-133.16752129753652
-137.83813335483143
-136.40108994313971
-131.62201592986702
-130.03326713542464
-122.43584868158574
-133.85939857552606
-131.05443431165440
-130.99029129280706
-133.52310807729722
-132.75174108827110
-139.09597743704762
-136.48014073588428
-134.92931719108171
-130.11889989917319
-122.87470197687124
-118.21907400633438
-116.99480705908368
-111.89107042354668
-97.51670582631559
-92.12257222279828
-85.18738743277027
-78.36851374124818
-94.24392198032004
-93.02026502702095
-127.91623096848394
-136.02086486237388
-135.41680344335947
-167.14974292767874
-169.40264547378928
-154.86944172953818
-142.98268250501360
-133.49713308568212
-125.87768484355877
-123.90455000092796
-113.12636420079076
-109.07614202126916
-106.00344364235505
-98.18305064866632
-100.44188156579075
-100.25267131313481
-101.25436332218493
-103.95319960809924
-109.69585736436984
-130.72198039165897
-139.21581804194082
-143.89648525018140
-150.50315085008202
-139.96116961077314
-128.30871779971574
-115.62255355747355
-111.24600594482902
-106.26756882226826
-100.40633315091165
-100.44845467874904
-92.97333069337643
-86.83448649126896
-83.39302374631183
-83.68083532558046
-75.57926679758545
-76.65842687844780
-80.28919065822217
-76.84358653585943
-73.36387600282156
-67.90870362111379
-68.00801697380965
-63.82699668182707
-66.62470960658885
-64.01662302159519
-101.98682670404705
-90.53866590362523
-81.99809197473468
-72.44110791546372
-64.68461853758353
-57.15882495142868
-55.83635041188276
-62.83050826390846
-58.62413916930124
-88.55872610434662
-98.53235234039080
-96.69028742768714
-113.77738161736337
-116.25749176576569
-107.97610800079107
-93.85480049926406
-98.67705581852724
-86.09131280068728
-76.70566684087285
-67.51822555860333
-69.82029743131584
-63.66162935186725
-65.61222998959695
-97.91502652439857
-93.91409597305059
-102.27453509081319
-147.70819729620095
-142.15004266935253
-144.23885536086993
-132.23316591759036
-126.21061686617898
-143.72724322447999
-135.42384440881227
-128.54418632597321
-119.61706281282139
-118.78754702936627
-115.07726559177414
-111.69173221378917
-117.70709666277568
-112.77668760102009
-124.10677491542060
-122.12877834337408
-114.78693405936971
-114.37367513727871
-85.10527548024479
-100.37432656876402
-100.42616039029025
-113.97630072309404
-101.33055799941570
-98.61986012191171
-78.89701584953907
-62.32467511073406
-49.83327133728324
-55.64347805999871
-35.32861564624243
-27.51999961062135
-33.83952208891986
-28.54927012810161
-28.06726810434488
-20.14072736896770
-2.34572477610653
1.82506738844060
-3.90943948331845
-3.93551324769999
-25.08627972550914
-20.07658722413467
-24.21474876886841
-29.96162856906768
-29.47167203590566
-3.31686557210013
-6.62900667089887
0.17263801108974
17.43581721419925
-3.21929732145002
-3.03284300491626
19.47141462389843
19.03150600897956
17.10029259674778
10.35127615183167
10.50873519930031
9.09020457414128
9.94203886809122
-7.81751277481137
-3.32840711411755
-8.33562368280025
-8.06185360426898
-10.86556708779482
-5.34115369074564
7.58496762541053
26.45082730154533
15.97013993183610
2.19106545026942
13.17788203461356
23.90026588891263
11.47635779087834
25.38393822291302
17.70350750404323
7.72250430816281
-26.15096945764476
-11.21634828016029
-15.50754483824515
-26.61556106723593
-76.41263604055108
-51.26351836733969
-60.53054374994542
-42.14177982086981
-43.23193885599038
-20.23446447642588
-6.78428203470464
5.32362688000771
-3.03111449743634
-17.51860336979739
-28.94284989712283
-33.79889338230719
-50.26506842972131
-61.61767150266201
-69.75703221830979
-77.48927050552572
-78.86857989942494
-86.93222906340739
-133.35063313836173
-133.67620330971732
-128.03415302492280
-125.73873511748994
-124.98794835631656
-133.82453990239912
-134.98086024136671
-128.88280039958468
-118.10423088508111
-89.27796165816054
-65.82437100073611
-113.08220928841615
-114.70832057000010
-158.34429510550095
-124.37733225448882
-116.40281988561431
-86.54055744180368
-142.07016557229451
-136.92135586275324
-125.47654872499680
-122.28934765832832
-114.82947409349632
-118.86261429876716
-122.60223935285180
-88.20893082883418
-50.27546220136065
-54.05716279030496
-53.06779286524294
-42.77189794236168
-79.75530196205631
-74.38531095785603
-38.71425617920426
-14.09040918393826
-20.33856483179249
-3.56593567996397
1.27074834302858
8.58665252185645
5.81613023051367
26.03270619269916
45.43323643101692
38.26744166824382
33.66981012976193
35.34384546290446
39.43169576311908
60.80044249165667
71.64080332569908
74.47056113127795
13.86440868788646
28.49555597053769
36.84435784095406
46.91015951867720
52.45201109769786
56.55260395037244
61.55159094325354
67.75568445943021
77.96441566551842
68.90809622286849
76.42780429041274
82.50558695187793
73.11335551512445
73.07750844043900
78.06909404849118
87.90920861614545
80.75499712250715
95.25322270247574
92.81227281521929
100.54238908337314
101.81536933646700
90.61158328676791
81.13250856780991
87.86219385966584
78.91580031813560
70.84296196746990
74.69089531722456
74.11762120006595
75.65389336823138
71.75999152257442
74.93039171016189
83.02382204487581
85.49053985294015
89.78617948802896
83.43345758487239
89.50135282615221
84.95547414698849
88.72454175198513
86.51235421553177
90.83466378087425
94.29974387624260
98.98868738836516
91.22391183380564
85.03001217311626
87.02717431913236
92.69151733580472
108.53468030473366
110.10426548842494
111.23492501269345
102.00083462851028
114.57783588785169
103.52391937853949
90.46205986386285
93.82466168213193
85.03728538858542
78.85190701318560
73.36589351357102
72.15509453535714
64.55417098606031
57.25681365037129
48.82881105250321
45.86776953780630
46.67631145597470
44.24705685401197
42.41870081853297
42.57752829219828
42.55303016421781
40.77558941906883
39.26322372599193
37.76366024863350
39.26215374981365
38.24519508754675
33.23789389152401
31.90943289889223
31.27299008888669
31.70404531431474
53.83541773809519
49.30600379624561
68.45572865011260
62.17641504346657
58.91589646253472
56.18722943297952
51.75319127815178
45.56524941804719
42.89352132619460
39.81603874053940
38.38385872073059
40.35491461451176
42.56454718834208
37.45677192369071
35.58297240321150
35.13662611978091
30.88256141964732
29.91001106787301
50.21135608884953
49.71054670917271
51.48477067123559
70.09163668670817
62.21286700225792
57.64550002153640
62.68377126864700
60.83438166217196
41.61651268091164
58.49531465745777
73.51079229999647
59.35043905504806
56.45961575823578
50.97960365083607
45.22582687407953
42.87695724587552
37.18072751993711
38.51514610217299
58.86233507739744
62.56309971056141
59.43842688925231
52.46058030807715
68.70449455860910
74.80355070617203
95.00396448755990
112.41578737469638
103.38285768120430
116.75829692287793
114.14427191803277
122.27043104374511
120.99788146315737
135.35846237020897
119.58045723165519
112.35360121147571
125.23176950517629
122.01696973799456
126.62691054687247
126.60823573972496
115.02920591836032
105.81722690746919
99.52022683509915
91.12896260878547
105.75905735275528
94.05589492998973
90.30415021987923
86.00438982012129
78.35390337020623
67.40045589623846
63.15392524858328
58.29564432612631
50.10318297302742
50.92828142413504
47.14876087694673
45.69361630873489
62.23754965441699
54.57317936205956
48.38554851902540
44.03109907027230
41.60086101785792
24.91485536733592
30.18415217967857
24.94407918985256
23.73209861792512
13.45823212767668
8.41497336080173
30.65655901106782
23.44950716928814
19.67342131154288
13.93825254580845
5.49024648771694
-0.88983956724201
-2.78219688578971
-0.89836543833288
2.07606406936326
24.60562988608883
21.57114400345906
14.91706974112851
36.60560184908559
22.79301045015100
21.01624933396750
14.73349661370517
11.08088434167045
29.22333003228843
46.33369888298004
40.69905741096834
36.83150649104194
56.11021871683977
46.64750186537616
41.64234321780991
40.30613035393637
35.42742526011862
31.66174173125829
34.94467021467052
35.62224502439063
33.52703024878650
54.88216071594863
50.64105155594297
67.92989571793784
73.27308374788355
63.03273063076877
56.57943272635447
48.54421075227447
42.56709783472158
33.93323053253963
27.06304240116102
47.29103101544914
41.14241070162012
38.21323299447944
38.67250724224160
33.92244188892398
53.06043936855258
47.26204534756403
30.55835066968489
25.41964385347615
26.61009980722839
24.64090829471177
19.47462548601284
16.74158950982432
12.39420143255980
12.48017454089816
23.58325743495409
17.69522900480591
17.17366320629290
16.63869442098502
13.04674636052660
9.72700423790043
12.10381848197624
8.79723108892273
6.19756429438192
6.88414964537613
4.40221080125810
25.12643893845601
20.38773250662139
20.37607866582206
38.41704320206757
36.71236932602384
32.66773362779536
26.57833036025673
16.61731185246351
9.94215882731664
-4.47223255068142
-9.73715823289471
-11.18070358051434
-16.53981974866605
-31.05850289404678
-30.43711675733631
-28.94882049203856
-35.51653565278062
-33.28421113199960
-30.35980890218194
-28.77599082957611
-26.42509326309004
-3.97399641963568
-1.08056731670926
1.13333419574259
2.61852992747396
2.93384171389495
4.18781327703625
4.09656007007278
27.05398343555225
43.52803213955095
39.72946205702230
35.71403162279032
31.85922032730415
25.98923489149558
19.54314505914880
20.48260567354540
19.83138709826549
3.31544136181775
5.45518856349667
0.28959710615209
-0.22401748308870
21.84946206841669
4.20780161032336
3.22064434272532
1.22060423936667
1.38869933423108
-3.70281188155044
7.74008126056093
-11.79860152770795
-13.09796767556884
2.23195809041457
-0.21373403417359
18.59638791850865
33.17037338757315
27.29350399370407
26.77286966020396
19.59650479848507
15.27592483727301
15.36049746383856
12.63846567589476
6.51643256335610
0.45713486095657
-1.16425355041109
14.42281884367986
16.10568866092538
35.95011898891603
49.13365370911804
49.60517060784221
39.42803913710947
15.35615147589941
14.73449358669442
22.42255335943005
16.44825102307980
0.77711620362847
-8.09465842902519
-9.02738349896176
-6.77416593587224
21.18103429664934
17.37037337991887
15.45031438550336
7.53146493045449
27.43888670157507
19.08680130297071
9.11879727276482
8.22710434061234
12.24379992795283
34.60262976228123
28.37217108602328
18.28958489857293
38.62509765500195
31.39961769911474
53.12699873630641
59.15808242997721
59.83955610670272
73.35955938589487
70.23269531223927
58.19133552528601
69.51141769670448
57.51654558413694
46.68442240579558
40.40361687567923
56.95011422777549
70.19750485633659
74.90355828068121
58.20859425450919
45.56068417760274
16.43636139496977
14.97536130417989
29.62234913897659
37.34800146550793
52.41372328554712
41.41532640557918
31.40581379567699
28.14707431434010
33.21938585157840
23.51548430366771
16.53099152412378
29.96817286780918
22.48717322637505
14.34313761893095
15.82336005883403
6.36878913133213
0.21942948168302
17.33316984452519
29.34654280127337
45.97240857741910
39.82189059554406
56.26057002557953
46.46482573731431
36.98021053207447
45.42397755553596
38.53098907970029
56.05309903575885
70.99334114244670
74.99817325190602
81.02646123950286
83.36356392095358
72.95344651921707
84.54155465699553
75.26553783429202
64.56145536357312
66.55348014889857
55.95052881612663
56.53004005385860
68.19942762650003
87.92702471375789
86.78428009033578
91.51042871311219
94.47204358013093
86.12970799645201
89.24997666893471
94.48275867313072
90.38704681067486
92.21108247505582
92.80735265192774
78.92477553756237
89.84064915512845
103.52804585557811
113.49954221597024
114.52536728692651
114.50732799566114
109.40318062172190
116.04999915922050
127.88899512279970
128.95450720417460
120.10641275361456
119.95016828729271
128.76194286550779
128.13131788341397
129.66290311972540
131.40792093802673
140.82533022951205
140.80374846097592
148.08524311311962
132.49399785271424
133.84554483217144
121.96321078406957
132.08202913479508
132.09461326632999
132.02737926423782
119.62926594117525
129.22148724441416
128.91254154878294
127.18946468706530
127.58637320999038
113.45534692067616
96.87762868383538
100.56503461715988
113.11867522411352
127.01131939805828
135.38593522875490
118.04975220092099
114.16146283382641
103.94577557656535
115.97007636857053
101.70334803484607
106.13401342530776
106.83593022724381
108.67281265808586
111.26718488726820
112.67599944576259
114.79099385914922
115.97498930866652
130.37821902146152
118.17212657213790
102.82920526191219
115.44864573738843
127.73344466291181
138.13636528699814
148.71363007484277
147.02614924740783
134.52922819788387
143.10646554165322
132.20810135043627
142.95358181549204
140.09342895851140
151.70472125463243
140.33534046161793
139.94365724632922
140.78820675059995
155.13124842983592
154.06062449866101
162.32764798912694
150.55162940169720
147.49258780047086
130.46553463125241
128.69841409492258
140.71745707673966
136.73082535463467
136.31882450174064
121.14141894755790
110.82390938933938
121.87136927652412
129.93234332228090
127.51763638384018
119.05320928459292
108.94358813490294
111.87591681111745
121.65981356909069
111.15694602510567
122.03566649765408
121.45639268090343
109.86187734726293
103.73147820590800
107.04179967462196
109.22906912390951
96.06116124452092
112.01575283235785
111.91331734037556
123.32718107749416
124.55878258901591
116.58815849435457
114.21927304440339
127.07384383116707
126.12581900331368
137.42699796813935
145.78798305707107
144.37775088837452
130.08999049555368
117.98632507383111
117.91865304323076
108.05218883959539
109.31285257425580
108.41242268709847
110.22122291046313
113.26899083913241
103.89205014555330
105.34668274605512
97.96317435792730
97.90475321549029
87.13009037041239
91.45762774911761
81.63404035156644
88.89118609030055
94.71997908628799
99.67793329468881
101.63967950283910
115.23646515573422
114.26787483199301
116.22018633107083
123.86120348926542
123.75419678225285
125.36322592639539
126.09481344819973
114.17023700113701
112.21195193427027
104.79886820174795
107.14332716482365
102.22857693921343
100.67815036834183
95.25037871766330
104.48544310969535
93.79840613322311
97.45755471281834
102.55982246186414
112.85390299016747
117.31514815006636
119.68038115906974
109.27371425791119
109.52477781589232
113.53567893526605
113.96293790703905
114.86610258692009
114.68823170808076
122.44375976359682
128.61789180188899
127.43179529276583
114.95149720482311
115.54828441878939
111.62102597467647
111.41871836019232
114.12073418851597
111.23112685783406
108.70587384532992
110.67045005206479
108.38401299651690
98.82183611390398
98.80125194172935
114.30065811676027
103.24275096415855
115.47642911099715
114.63471229011616
115.91474459436337
124.64471607044668
123.57695584320371
120.96477108528282
107.02305319488292
97.64404916151912
102.23050971020780
105.35050232736126
107.18238408126047
110.02607439018314
109.71944093917091
112.93453868722800
115.26562803714755
117.82769115432943
130.41303753554615
129.45345185001594
127.68784726751231
123.51746546539809
123.79046858405999
133.08889650908321
128.63198634139889
123.93669681168176
124.64834691930437
131.20435089864031
121.51658456596023
128.29546910510993
125.48852655568071
126.35150270526994
126.34068474551623
115.84691353511639
118.84787529743603
117.78530356862281
120.65497435193974
130.82135346987661
136.03132302218418
119.12341325209312
105.79080038888260
116.10287105509845
129.65639783380354
135.40806130430164
143.46177622412813
143.51124505716751
138.94931373013765
142.44801797019784
140.71302741399876
123.90831010322574
127.54126226973455
130.63095123405714
127.90546194235304
125.94733551374811
132.89078477195631
134.76199827977536
134.17874674745229
129.01308277690356
134.03012815247527
139.22401275725400
139.29892776344721
134.09965720398321
139.12211733522713
135.96276168459133
139.87308312100720
146.66191201930229
146.47271048819962
145.26638215483695
148.49230211409321
134.20032439943299
130.74384028203588
133.48542374829788
118.71107793318083
130.08437129610596
135.57422997767750
135.71899714981876
137.58639745794835
135.51985537000627
139.14770474420283
137.73348576470934
150.53504341354264
140.27871470438839
142.27774623105174
146.03284014028213
150.05882839909788
147.32953795614907
152.51288182370777
149.65053640128548
146.65350056207552
146.89282419812986
132.56205177538382
135.73912318355460
143.46570505593800
129.04591449171681
111.23464521922169
105.92571738860050
104.22556634489982
109.95211242381279
104.51135752883083
105.62621035415039
116.07443269387846
122.47705749721328
129.58604196754166
134.75230981394662
133.73714487912252
130.72320663236854
118.91379461592796
116.63174426751610
118.75214720504228
124.34435800626855
122.40498873336939
124.78717464636016
129.87734711955900
135.95833936559148
137.50673451263913
135.78846044666892
128.94515338100246
134.25572030113889
128.76721090111872
135.20183683008753
116.77803458810185
113.54784016963966
118.34069403708375
122.60573019472365
117.73016721396077
118.64227900754422
116.37419411906440
116.04927225588003
120.86577039331715
124.22229775169239
130.25413232045284
136.85110956493000
140.70169696985676
141.30884156783037
144.40476692183387
142.08857137649687
140.04434410186610
138.81225111176911
136.33457747874959
146.81296384139887
147.19681886344989
134.49751675317842
144.03746267010573
156.22601761651089
152.44234172273792
165.25323273395173
175.21386379355644
186.15281553619505
193.63027129997334
172.62903788599610
182.36046558676674
161.32993039480718
167.21127170967173
154.86084846960728
145.09251218277370
135.68972362637811
152.40079382179715
146.46846869722341
155.07937383633742
150.46127026912512
139.15856052302783
124.87598901684711
107.89181334037774
98.89034312271562
89.85760561419791
83.94591320475594
79.54240509883782
93.25889568976737
80.87548484893904
75.69421433536309
71.55512853373330
63.69562724826717
71.12529792404999
56.77481198713440
53.18089115213993
42.79922691518892
36.12205788201366
55.15423280163588
48.75057527378269
39.96035372581844
30.00897437553076
26.73140085645365
23.53915187117944
16.50385660609174
16.46490073443761
31.50572272281826
30.61177627097515
23.45518907437671
14.00189389146943
12.37983754047776
7.43790507147471
26.05772158219310
26.45942407083971
27.84848941451391
25.52807519316703
44.71127978370174
43.01725399549210
61.47035766627192
46.69763905598126
54.62702492202239
51.14034163780671
45.95844750390810
40.07102949493012
34.45005933027502
33.43959099103854
32.55242545409661
10.90611045300320
10.60870311089552
5.82444956108458
5.58986845374770
9.20493000345889
10.21020760601206
26.47222364015771
26.52306284065746
20.39376461564744
20.59563350066400
21.37674819561762
44.99960436496124
39.08862059870845
32.44436878185044
32.67770544492210
46.85520189211638
42.51471263756314
40.21888624361875
35.99533224584812
35.78345633988135
29.13650965131106
14.01571809786608
9.55239132369448
11.69217806461830
14.89460775690417
18.50896432203995
14.43585223522063
15.61349910618066
42.02539450692253
41.44153479863496
39.51271836602176
63.19997411182713
52.96725025831436
50.90379987586954
52.01051026244287
71.00415984007520
81.65926033324196
68.24434791190089
87.31416922171813
77.85924846147270
71.19212510144888
64.83164618081614
59.51066327595338
35.88695473239089
56.41648161233023
79.24442104898364
87.33004035076321
108.14397205131178
99.12525563113046
90.43182962847931
86.78334091656427
98.42889602970970
113.08919513055021
126.29160822439951
95.92811599103233
74.31055533909847
68.51516750652353
48.91174707230370
46.63950266867906
29.26913919754536
51.52897206647086
50.16217636124554
71.61841175942617
70.68092065997065
65.97893202658518
58.41852046349747
75.94504992482457
71.75177645277508
45.30973741274627
65.41243550473224
58.02012381290425
37.18650068468551
40.21138572789091
64.85919963978795
85.87801854468702
93.53868532305910
89.47350391841537
110.92498155113356
124.82629154201888
115.26257967684666
122.72700510934624
91.27567633920842
87.67139468551039
66.64817527835454
62.31064128147747
50.78740041306942
67.92028356955564
87.25737093976761
107.61148408191647
124.42558825195334
139.08742638006279
151.21900885879910
136.87825111549910
147.67026468138457
158.45854227096765
144.54704856834630
133.55107506121479
102.38137541681877
83.61521704747175
75.93908773131295
52.34536398987179
29.11180468303611
24.92340614735104
26.87662278788156
11.89808355164809
10.50065558287177
-7.60724074979038
16.04788982129301
12.30817468198087
35.92614642861012
57.17355410362175
55.34302576859501
51.27812759494766
49.51458746111415
48.68063146190838
47.10971156403414
65.06546029798957
53.80720103240189
64.38835414092196
55.34404345646449
50.41684152655102
70.82464270189125
69.07315621678100
90.57917488396920
85.40559588066216
76.69494516596262
94.77878971893614
84.68668654191400
79.40140229872803
92.21070447817900
77.27907311440215
95.60752774592271
111.43018266439086
101.60552205127367
116.32103302615046
92.73155856402892
81.27256431694929
69.88801894127286
82.18510863950735
73.53447430923698
64.68382545370098
57.35477949764723
55.41894542261116
35.22421069486124
36.94770612035883
62.02152582518266
55.42127079789279
51.64382259053188
46.29410553900536
34.67891450007626
29.45855979593527
27.68660456148521
24.90934414247170
25.59428837194053
23.36150723866530
23.70640153532454
25.44959408848074
22.47865888763303
25.83650894193251
26.89707555164514
22.44535571645774
24.86561924010261
49.19869439411399
71.69345551985963
67.93405693351443
63.33433275179832
62.50274098356781
82.80086778588830
74.87373857281253
93.72741372061907
110.36032008172305
102.53447779959150
120.66209939760050
111.73400686169856
97.50258351193260
87.58145115877711
102.87349315705089
91.11928514557958
89.38757939778243
106.49130289972938
124.20112721532337
129.31714732453847
144.10034024648772
130.52189913294134
120.83979889295897
110.83894831875338
125.85823976216470
110.80793078592913
97.98263311731620
89.76292697174053
79.74885891806720
70.90670239154093
60.64054978919857
59.91301368214910
51.85412152476936
48.17661243778200
40.42582963918762
32.73778655236053
33.31698034431147
28.15742616196697
22.90581609575999
47.00462988746960
41.78493699701762
66.57501028479382
62.01321153864099
62.83125825396672
81.91813471812071
72.29155775996425
66.65127938430636
86.97167668885061
81.20959315538884
73.31950927358737
69.59604324527110
66.78207247353727
60.62689383915729
56.42230853056601
51.70348130553394
71.35948433196123
60.64826334194832
79.42068670882531
74.95789428092868
93.43240448746900
87.85457889058590
79.04927658355400
73.01727412484702
64.24634759182601
55.79585261821862
49.16095747622473
44.55820455310320
67.19743555530491
62.83968222318656
55.91264881631287
77.81305110581864
68.23944230257366
64.36477357759507
62.65055088978893
57.18276706530710
50.81017210551512
70.70962977268530
88.38965267130433
81.43621558564304
98.51757146903829
113.47675988383838
127.64431686178587
114.57454741140569
104.54357435766306
93.77347397270941
108.18094782971298
98.22002505866053
91.90611871302173
104.99248273354655
119.99039149228928
99.89871915896353
111.04116305856904
104.38577392922664
120.82448568959575
112.80901667748510
130.79781774678290
115.75389247217382
131.10556922636241
118.64037712596256
136.17626296964465
108.15937497679761
125.77100964663808
116.49321085688059
106.07116740141313
119.59290091112526
106.18930985174100
120.68850487666484
97.39663319447213
116.77428781185826
131.11737728488413
146.40494273154886
156.61752304315365
166.08387143440450
151.04870983797576
134.89988007231599
146.85457903839901
121.42904267019989
103.59747250256542
113.89694455304966
129.42805149350292
118.60543597254872
135.54548388768430
139.82219812792954
128.32771008731950
143.92062422494746
149.33231206918239
156.56263948826521
167.46744870421813
150.02590837745441
163.33998714352401
146.89637293106770
158.50461460256801
131.13239040729511
143.09990875659128
155.27345831509237
163.26614306666144
135.89405690301481
147.86047609335620
156.84070198169070
165.57487920165178
149.90236956492936
146.70884404768441
134.73852437682331
150.21567587326297
159.11141214684741
167.26134192172523
152.59719831511657
162.10116066708292
171.09172283063003
179.06889079784887
147.93774898165285
130.30433961405683
122.49624545984419
130.94857165540463
137.07943180081904
116.33621186248018
130.64743356336683
143.48626581216686
154.50378572809586
166.94952369747730
147.90747060379425
132.75155320082334
115.69843674635270
127.92644282343080
97.03186471234348
84.95003819441581
101.65240959019550
70.21731798238702
86.54599436478151
78.99193427673563
93.83633682882791
108.88984017490569
121.08178707269818
99.33387164733141
80.08403007272472
94.46826266062583
107.61303328164615
94.13234311917924
76.27494098230342
90.74245297887664
105.68322280063165
92.22489287624666
108.02079234740771
117.55733180855793
102.70817445445181
91.90838887553903
68.71296378669999
88.34144324398423
80.92429066453033
70.00580950362176
92.86112185150395
84.05541885228197
79.67708736987990
71.07060357177038
57.44195619038952
37.10712417493945
50.93886107020062
52.61579719350491
51.84029441953376
73.76522560867019
65.93735137727877
51.61885072818988
42.85407079684380
44.14540104145923
39.57625550085405
38.25708706845456
60.60080893082309
53.35914098573349
48.13101879920182
70.53926871970131
65.16883665502131
82.38204207847004
47.42511019055132
42.04638754370193
61.66554529044598
68.91073243718675
58.88572532273687
77.69377540319104
93.88870824549855
75.99891082971355
90.38022374876699
86.96505902903890
103.95910890681392
96.33634745294350
111.84496169295403
95.54321898864177
81.35356865894488
69.48322248655484
65.07937726922117
56.90782334765072
49.39548968536801
68.24213956402407
84.86726979770684
74.73351628651905
69.30502844808052
60.19132400955006
58.72141560454622
51.73588996101691
51.26797044868693
44.24017600008374
69.66413758442016
53.46099101126669
73.07886943340351
89.49069840270884
83.13669155612229
103.18367031607134
90.68216346348622
107.85158870462573
121.38697596015740
135.67964434127100
146.52744715756549
130.74717181607872
121.16391917448007
113.60756453792108
100.76410808514686
115.36116695298622
101.69889347880472
116.03829916975377
128.59318421296899
142.82207508957981
154.09683599447584
165.79376654183065
175.95718448996971
185.90251134507557
191.67029891207787
173.96549428714346
160.62060303989756
172.29975566807883
182.28506880404683
190.10119904892451
173.62887584552564
181.84269470768314
150.50080296702336
134.54685152084591
124.73584479868308
118.56423072073387
108.87269408117231
98.06139819098341
88.52432033462627
80.55931016631395
73.22860861023000
66.81118023440888
83.82070167376192
77.61808213878537
70.26873283016741
62.72011697349347
82.06615103066159
73.49387627886419
90.05540457341984
82.34577476463815
73.73656363007426
69.80875162595480
86.18231709890532
104.13765553220436
117.37249683199595
120.52490614318195
107.25829452677797
93.01604769254422
82.07220772882478
55.02538220343506
48.12045953054403
41.52634563600783
63.47060875675309
50.41387816201367
68.85567949751156
76.00667624399105
68.41500342337490
90.54088667267365
65.20537530826533
82.57189007615411
70.02050978980878
62.92722086360941
56.36940253035451
44.79861233176423
66.13756916119576
82.24885175214962
68.51793585284510
59.10934874982899
51.48952561795207
71.24469032374506
89.36437071409961
104.92092663547527
117.87783889795043
109.46095443008372
97.27670405791582
88.34517997140846
102.92793035605733
114.54354219376405
124.13279610152193
97.29756629361469
109.12884047415537
98.12447981024339
64.30441681899961
38.54199841844984
60.52693853496955
83.43339462848348
75.34959055673708
47.70000843636521
44.18362246222549
57.93100900223958
73.57717242368562
66.96078508023000
81.94581009520923
76.11421797410753
95.33171935083806
104.58049394735636
92.98894788711809
110.54456327166497
98.10951175270746
73.66023215143581
91.59473950453257
106.32348599943224
119.08760782809786
133.60230821058221
116.94412820539296
93.16703148476087
107.03939142164757
116.98679681866412
128.83843410229767
101.21798698145864
88.34794563402951
100.24043060157356
115.19140550612022
126.61151812952615
110.07065776826813
86.71047902800663
100.89091298409204
72.96361288633224
39.97884037155922
57.01237945680838
70.11089562972695
63.29102855929857
77.07263731794156
96.46296602691247
68.15110446343073
45.39253200266178
64.50266231803118
56.50222894742059
72.04017701978357
90.71246651894805
105.20922347763609
121.55297665355707
110.66995528144419
123.25656342773202
131.79768017861281
141.96176486975864
125.96045050380893
106.85650624308131
89.81537493681564
103.39654524647798
112.81281287800763
127.94994681336553
142.90511697217391
114.10049550168524
126.46448094325413
143.00531432983422
149.80238835891379
156.15170073715319
135.26381913668334
144.16812390840565
153.71157630164436
137.63732814433581
135.09679224383308
136.49343857457131
147.43122081346431
156.00675318989431
163.74301071124199
153.83625970718134
135.84883379764398
140.56447047500905
126.02459256316399
144.61755123894824
152.31385990899133
163.24877169197481
164.73676779594803
173.81337354585654
183.11283585716947
192.89799154110366
196.33645398091002
199.80695768215656
203.50935901308839
179.80178031905334
184.06066924294473
163.35871914685382
170.12761514238971
173.63301970874426
176.77218286321070
182.14885422340666
191.26953059919936
194.58883234428060
191.01335052976410
191.61250973031193
158.42802218225029
142.77099064945205
153.31381864836925
160.46735609214190
170.74623405576597
169.69777269076093
175.00735183294680
145.85316715396723
120.40241820120769
87.10744352424467
98.40503896169388
111.16451044428327
127.53673461415369
110.98927977561782
128.12526901329616
128.69509025373449
138.25586063274997
148.40195998371649
152.08506327177028
162.95868849569896
172.77505662658010
178.53377243528519
177.68227216372287
190.84615145155081
200.48303043786981
198.57909869777168
203.89075912474783
204.27089088924617
213.09957849054973
213.89600626049642
217.88254876993426
221.23532259219144
221.58114273935502
224.37858957754719
224.87874208476603
224.87059970939526
204.01779582041016
207.68943573492913
212.88609955686243
214.98917552688300
219.71569662076470
223.79545641896843
219.05130007356408
224.88817894428445
228.58624445198387
229.40313362779733
