-106.08522699776964
-140.63888389799789
-165.13424342212079
-199.20546387284779
-180.53247555609653
-196.03494190062338
-190.98350751170327
-171.93742270240034
-187.14712232175515
-201.04689716000607
-229.07361547666946
-246.04911339934625
-226.45560073875058
-238.70726554768365
-221.62298666894057
-206.34423372437743
-196.85706289654334
-182.62879564683851
-178.62479292623709
-183.14988767122387
-183.03034192124179
-172.61415480508492
-185.59911902832337
-180.82458216462274
-179.92620249107219
-172.56216755999648
-164.16192700503973
-158.52180820880326
-150.74092807172281
-147.99706197982511
-147.87545844033340
-132.11803383943183
-149.88425257901278
-146.60015898697856
-131.56425024245021
-146.10927946080258
-137.04520934505160
-143.61417223386812
-140.78623502327065
-135.77495205858108
-149.00558424375399
-157.52765491508404
-143.48128699891205
-146.13417542676231
-161.15241039532719
-144.13689686355954
-148.98950841464273
-139.17583250518527
-135.31664742815002
-137.90131809399546
-137.82179420827316
-151.13622706116411
-146.06302150491280
-147.59843654410938
-144.58537342413408
-134.74801636476727
-130.34442092547982
-132.98948254836228
-133.19141662387821
-138.71304140346697
-136.31282965771069
-133.46282076628069
-131.34603871297483
-126.34863831952302
-123.11846733634977
-124.59174719422727
-113.89091873290199
-116.91855077777088
-117.72043579921207
-111.23146479842723
-113.55593660982066
-109.91639128100597
-108.65694656809210
-115.78350163150267
-119.65709563324401
-120.01110038015864
-117.12671332578932
-113.28783977602311
-115.71949401422432
-116.29640738671577
-110.90584216550084
-105.96011050615917
-113.55157706816848
-110.37344557309206
-107.24588117285975
-106.90837255836419
-105.70118705440932
-102.91451186246177
-98.41045945867089
-100.35231487429456
-99.00161923900450
-89.15744995407140
-84.33476287509433
-81.51885273015647
-78.05763831785706
-71.25421445168834
-68.26223940323703
-66.69106312191853
-60.87268316380895
-56.24587979738346
-54.02524464615745
-49.63249677543658
-40.92505011293831
-47.70731591672094
-44.04786668755329
-57.54931841906769
-81.69552441061219
-93.46218646212807
-107.65419842624735
-100.11168328915790
-103.74609648059374
-115.59384499604464
-108.37835153650789
-122.63704983583486
-129.92111406075747
-115.71212954120189
-118.47759095101003
-107.75908174734417
-99.01727888790415
-98.39880004458438
-90.87085251564839
-84.36039969226906
-85.19350314001011
-81.81368677078135
-75.07281348115072
-64.55402707898641
-61.77968102654707
-62.34714781266000
-59.20212989759322
-53.19555793797200
-58.08940991314408
-55.60623096528297
-55.50313664294437
-51.09648386008080
-48.01031553606394
-45.67960801084268
-45.95263975037390
-45.64682124898280
-41.92018316049466
-39.11667769688185
-40.15904170289809
-54.69726900551539
-55.54156523120496
-54.19224907316706
-49.04724242089483
-40.93792058548742
-53.41353255731295
-45.86262227461370
-41.42297107879077
-36.45518520130246
-35.32075243790036
-31.67018565782626
-27.14041767583288
-42.86129102113082
-56.34511703659113
-69.68694695088413
-63.41604768710746
-81.78659974099085
-74.18945488025531
-94.19837739529783
-105.10300356658412
-125.13747377413512
-134.17505771769117
-147.86910288313601
-152.33817529879002
-159.74489158801427
-145.51253445999413
-135.93066994371753
-131.57508522853146
-124.59208077574051
-124.49016110616205
-126.83111591073585
-117.46851782791505
-113.05177883423400
-107.72255465386127
-134.52465832698377
-148.65916999326308
-141.70685377239934
-154.55703096850402
-148.00405862462034
-130.26266409337288
-113.16628049411869
-105.62890068572760
-95.72641115064367
-85.68332642369788
-81.96763848514915
-81.60770035383605
-76.90707654084584
-76.00644413226755
-70.96849753745127
-73.17569813229579
-64.32717516814260
-65.41949509155197
-66.70406520390350
-63.97157353277174
-63.26768672774381
-75.43693847148886
-68.32984833630371
-61.47361506780867
-56.61164580612885
-54.86349555415587
-53.85243182230693
-47.38472938728030
-41.73593270529987
-33.67382391430556
-35.53873792513003
-26.57429756544887
-16.80699304205123
-19.40805459636972
-21.25011485321773
-17.91463114242934
-19.13576042437747
-21.33687419095701
-12.07599619512298
-5.21577304771767
-44.57979309252556
-64.54474446267160
-77.79111722927036
-67.76404557106147
-81.51522766803794
-94.35877880081355
-101.52426599924385
-112.69375481394894
-97.39396853699338
-119.07208359278735
-145.84645711379397
-142.42056297069533
-146.18421441306660
-154.30401917492384
-146.13318574058283
-148.06235179776749
-154.65837804646947
-150.50841819859377
-194.59202935238599
-226.94509080259846
-222.67756544674563
-236.52615847146467
-234.87633836440870
-237.64646581823143
-213.02694651664498
-250.83751856689796
-233.46424928518189
-231.05051775402507
-246.26618946491411
-228.17702402565826
-265.06905852872887
-268.24688953409736
-239.03605684838820
-252.97575258102029
-228.98133762011980
-202.89375763356659
-199.96408098483482
-184.17283582124168
-170.90810597218587
-153.30456723346171
-143.07398396941093
-129.76699368062521
-108.89214502711576
-92.76827135276822
-76.64878246901243
-92.46776842475110
-76.30797259439150
-70.58155797165290
-67.01924572900290
-56.11482114611980
-80.86566628572459
-92.62149858142260
-71.18782526810705
-78.11674476139841
-58.85364404987169
-40.23545742381951
-40.17372682070159
-42.21717682096617
-56.74086385193857
-55.92400781687029
-81.65288195749906
-98.27046847205355
-109.86389827530581
-98.84936815515974
-105.07590627443432
-114.90035607713523
-121.01068539108918
-124.61767847762069
-139.35927888169968
-156.47600930126822
-149.39442585326233
-146.20200423982652
-149.13862426913195
-146.46041801868742
-160.72063390714183
-170.30745995789869
-184.59360630040024
-198.87470441555675
-187.55803074745657
-178.13617307641292
-173.22894816730636
-175.70516626579442
-176.73593262835996
-180.91634971012846
-183.12664955562053
-163.39726690421116
-150.08045488887529
-152.39947166029003
-140.62728519558021
-133.90459911911628
-143.49391708687318
-146.57221799379460
-133.53639298223507
-125.69000855299387
-145.99507460736780
-130.94554500463843
-160.54403746537332
-143.49857287844284
-145.08772208113797
-163.25979653403547
-173.82542255842833
-154.60816627814305
-168.77498309126528
-151.42306645858434
-155.99796287609448
-139.56015460343070
-154.52542133767435
-138.91798393510214
-155.66010465457680
-142.53184747640290
-143.91257302535800
-131.56640078616732
-117.74954395810158
-133.86606057933557
-116.88266473993960
-106.39166004614957
-80.98938299131552
-79.56646750320763
-85.27155344776531
-78.46474389095572
-66.82247393895922
-59.76304764428614
-48.78365257891710
-41.92865996670791
-44.81139335204978
-39.59936944235898
-39.83540089537911
-37.00526193428811
-33.31006005286945
-28.17748573626668
-22.65592510097474
-6.86750820560438
-10.90295767465987
-2.58019570111109
-2.43626351738005
7.33083636430607
3.05744387517446
-0.70674864266717
2.99268882255919
5.39579330762275
2.61046397573916
-0.20706480474394
10.85033383867877
19.12473961940731
13.29712062798682
10.56798610464270
10.28813789286578
17.29194919902179
15.10404516907603
12.47752602921522
13.49611477425541
21.02413257295369
18.54452982522154
17.73712706451637
13.59788074586501
24.24713347473226
23.02118639773692
16.11258294164321
25.68268767539656
25.98372013781474
26.47604781999888
22.17725907557939
22.08760311596166
18.30596891117936
27.78447481287274
20.85934716986362
13.98214522874408
14.30248920034811
10.78433290468309
8.65915085715511
7.29339631710718
2.77413539265836
-1.98111396103173
-9.34350915347120
0.13257625633999
0.20667374600915
-5.79394965809703
-11.88327679254908
-17.26412681422082
-15.73733267822980
-11.59232856458240
-16.96757468381374
-10.64556532302859
0.51236157497226
0.16677383630484
1.29875256097357
3.55246112127437
4.89483797380021
7.22909742657907
28.06253848649696
25.73750093489149
32.92381307756135
39.77885752595276
31.50360755241715
26.23181144900853
21.49227367970949
23.27680325002953
11.21900867947545
10.02233476767969
19.08371446648205
31.06846464678331
30.08225798511425
25.12745527833641
24.57945124744214
22.36195346757665
18.13309595456580
18.94237292960698
21.31091483011922
33.40251662295687
27.35047423433313
21.14945089635483
29.58828389845453
26.53924713958108
6.00775767143798
11.20351533845943
13.77519589312780
14.45445597795451
15.87566189349726
23.95785557118599
24.89816996379021
20.86848989772455
31.67310054271960
32.50976564000943
31.24588904064025
13.91885988043311
22.49252819257118
33.41310128292293
26.73914541212176
22.25226597260702
21.02014701391539
28.88669282940679
15.13370223892677
23.07714853047392
5.62833409385843
5.09972217404785
20.72248481499155
27.28444621130067
42.33533279995700
45.49634037010065
43.77620803509523
33.58129455664447
33.96185363889117
26.99466782460993
24.56263579672414
22.38352273798544
19.55523356403705
17.00251304029646
19.46209602026748
25.80258243929110
18.44697364533547
12.97825600473171
10.15593645894999
14.39697175598262
9.67212561087344
6.41277354195690
6.18959560867775
-10.65831592601629
-13.39112419261581
-11.37792023523444
-27.99468270207252
-43.33803415772446
-17.73330175939119
8.59454086545447
-8.90113381902004
-17.02520666304449
-25.33814442933171
-33.19924273870041
-32.76613277824376
-35.66244448084063
-28.79648964175090
-43.22702973987415
-51.12724838546873
-56.02066051957328
-59.40082519279092
-68.17819872889100
-71.59470853219506
-76.91451172417420
-82.89832362200545
-82.13627103563535
-89.25071630741607
-95.63898916137703
-97.51867398134131
-98.36493168946018
-98.28256466816350
-97.10306654019919
-90.43134948223303
-98.05704085151788
-101.27210097969140
-103.43952492331358
-77.42831940542658
-81.81920956568597
-90.36585679602238
-89.10164372299579
-86.75608761545458
-88.93592604564333
-60.44172214654606
-65.86731848559356
-63.38138168825459
-66.96586673617520
-38.84658814604551
-35.23948189682674
-11.09106112831076
-26.10227800280392
-26.80935108243938
-29.33159741226591
-3.05953045149367
-11.33416237765623
-2.82554027428681
-18.63969617536365
-34.32840527845299
-37.75563330520767
-40.48322544802907
-38.52069166673476
-17.64171712130582
-23.13139216953319
-7.64795949416668
-9.62545018116553
-15.33024966483627
8.45634063694762
-10.87994988137724
7.51956180190175
6.00046542704242
26.58556790845061
18.64998369491472
34.92373433062512
27.67182982000492
38.58837418423765
27.76715676354992
43.12524320781127
33.94192787849117
18.61813742868999
5.79619860706984
2.63499179554870
-0.36594224101076
11.32275223940794
-1.50806719626098
-9.32053853476308
-13.89415314507323
2.95982328025081
18.25259606708698
8.81316757138871
1.11861154238910
-1.93820709710620
-7.85695320938756
-3.93582030927951
-10.41912527074471
-17.44205981958052
-25.39514506035451
-28.76333528897277
-31.79184113181084
-35.40289776962459
-41.27482670162154
-43.11586513835410
-35.98649203629399
-14.99572160134830
-24.03707644421025
-30.27084943021337
-32.31764651278184
-30.07643163976989
-31.43912071267263
-31.90024253550645
-39.09691986421631
-10.80792071620240
12.00352854458630
6.41186839386249
29.27491572912425
45.62862955936514
62.31747314282333
59.55163953180477
51.01381386982253
47.54612987013628
61.40844217666887
52.72459670004998
46.55483316364965
37.37810214534999
51.25512521150856
44.19919739681580
37.68588810205075
32.31143663230132
49.96416885914904
65.85027157524011
60.32028446879625
44.68291813295963
38.73001365018177
58.91528471186417
42.81289814952058
57.24315491525233
47.00349996708532
40.71232466144961
59.51308635692524
51.54599142335093
45.85135540985064
42.14650128421925
56.64352309192625
46.33358120687120
49.79043967567016
32.73294262342018
54.50604093424002
63.16632478174581
55.58722533044600
60.92419284407163
78.19381824332248
92.58552830314707
70.35688485236727
62.90688548475080
47.07888346943487
32.17876184960272
12.49617909799629
8.26316413707401
5.95048354457361
18.67386832676261
5.71242263610434
-2.22783855553757
11.46703825907715
22.16440861896261
37.97059183234704
22.68347632307700
39.39835453297933
23.19320297619165
18.78094996629229
31.99360921524697
28.08170405548440
25.88208674202734
10.67388679779990
23.70174217193252
38.32854319267847
54.96873259385647
33.25829369824241
33.31970867414535
27.16410836545354
22.18263296447193
37.91621628100224
37.76514358558590
55.39879278051823
37.04894175902623
55.47590626187998
32.80618842126576
30.45859430959773
38.46489130510665
34.43503891330953
44.54665453736165
35.96768338365672
36.85012503668076
34.26189163510484
43.46251283506761
61.38198760516099
75.65094908338865
86.10281399319845
89.24579864821632
99.11094912473239
104.67026002482031
113.27033827895927
107.83443620636140
82.66268285645427
99.15477142032674
110.02555469123901
104.18947586476625
101.24982697465285
108.08689227207402
95.57816931821662
85.43473600957157
103.94459776317383
114.88073840347748
128.67195741375696
113.42295859945263
108.11243479795829
97.38453395034455
87.81814433803524
77.33068525635402
66.57419119588899
57.56378668960401
68.61545140406757
60.47334897262176
79.35888063931461
88.15179625578249
100.81707755547575
112.45137397096336
120.51701765120126
131.62303490876894
137.00608587487250
122.32057183809962
128.54848780432116
140.69431856400158
146.82839922963251
153.24796913112220
155.54266135878149
161.70987491998906
167.08639057631478
169.92411822369232
155.08482827006856
165.15207134510027
150.30414549755614
155.14995011196578
158.09682874328740
164.78848476076067
136.53365905694602
147.02070675033960
155.47418661814447
159.61669623352384
160.35130137779583
165.66271432012309
165.33057129732484
167.74241082720587
152.31542384965528
137.67577731442358
149.64298477812375
158.73048654046985
141.31812744587108
125.08078692369885
111.12090457273423
100.54176291751290
90.23704151231027
79.95074883128589
82.93709855720255
99.13540680447608
107.91364432618802
116.34273909148979
97.59842965921031
106.72042215344538
86.56065088632441
96.66761865835682
91.87179285822482
77.35046375108337
87.26780327169119
98.77770255510212
106.37708602953690
110.77781634200107
115.99223955424240
88.30057948121501
99.15550470878846
39.50462569736703
52.67833351455484
27.40306567727920
1.68723895525212
16.60549361046692
33.79273297452691
25.35772639667434
40.94535972490463
49.85462295205316
34.61769353335069
38.75038253543001
29.79160089582429
47.33569001270443
51.12288330062992
60.43990448713626
43.68270913699429
32.73086691274082
40.77379646273832
56.28594994232115
69.60121062592621
79.27364234597269
66.82360408530988
50.20745076499961
36.39740691342758
30.96690677080429
35.06936967449256
48.09977563943906
59.72604628541211
72.21607258021021
80.34037519984182
68.15138198314196
79.59889215433120
78.10759678438474
81.55061589496250
68.89173157790124
72.62156900282683
82.26522347460497
66.87548108965287
54.74370691644565
69.73134393478297
56.91722008111722
49.30152523957702
36.14402139420679
47.36212143041696
37.04628455635998
43.28744164649400
23.82709287296626
25.25868719028843
13.21400175663972
1.75588366322853
-11.34571347709259
9.26860102655619
2.84450857844739
-7.97486018185610
-16.85227109919972
2.27706940011033
-6.65310140504240
-2.51296556391787
2.44399701877033
-8.64461154052131
-15.14400342124151
-4.73207768362953
-18.55537245615351
-28.68753698491437
-13.31017204228735
-18.26571382286141
-24.89308197151455
-32.23768089304325
-17.71354720860932
-28.23399047655840
-35.90070809754466
-19.97783521407451
-27.76421320954474
-12.22895648376595
8.75627098542034
21.71685574079699
37.13144566790949
41.52333777171445
54.95587336309180
61.66366775536736
61.45022687629275
67.16133722846158
80.02064538564018
87.73014753316156
87.13372377708528
82.93912371781856
85.60159697588304
89.83560792486085
97.00102114019727
100.93528506940257
96.70572256176980
98.58522285949977
95.91649922040945
90.38237111764691
94.59429686611465
101.72873117637086
89.67998007655990
88.00131814530263
79.95903794712672
65.90760047793833
70.75127540600124
73.35143440949939
73.84461373524508
75.55747373537390
55.14267652937612
46.51462069473489
31.70521610309256
24.73335215545417
19.53803901566188
2.02456433211328
13.09337994125554
23.27907771139126
38.79359136532074
43.08199170349317
32.67876718976697
44.89375158809402
36.49555988161462
45.72126513667445
52.13012380197645
43.63413605508700
62.83416956978520
56.43385618500551
61.37665398659892
53.38027655900240
46.50783997012879
66.19632987860723
72.51499152905630
72.99830573353836
77.85411838704886
74.50249842313177
76.99467242913420
84.31347044442231
85.46657714040214
83.04206960038152
85.11963065652910
88.51764125258708
90.26511887979656
83.09328879028445
76.98305235836115
66.97352572032540
70.43897240392630
82.83509335203699
74.37950172715779
76.19555281367900
73.42214374377356
79.14047722860488
73.89404167797706
78.31935395790218
71.30979039119410
67.57029325466027
63.32181510349876
60.87921476313382
64.69860588487501
57.77758258197183
65.76713378203863
63.34028642733258
59.63992400953059
66.26021877803261
63.54280164505149
63.67941843122228
61.77886676026630
54.20536891931563
62.86065450831014
69.72186062459147
77.29879645963167
83.05336833915835
85.74312100851975
77.52138004912950
65.92968739935084
61.93349315115412
76.93707715257700
69.96196754578497
78.71850274540728
80.08135919556547
82.68882965790773
83.82324288617515
70.34981524284606
59.11874311632177
78.42023294606670
72.20947823487795
66.32124429939934
82.44999262865653
99.26804656541245
103.17829517402245
108.09754926227517
109.40050586831489
96.96296188549444
87.70315061781675
93.03993542380927
106.32573705962628
99.12426170143328
104.08994732345987
96.40289610774173
103.14727439442095
109.27599605807353
110.86540208277822
112.37658587131990
112.14218139114516
111.95427560421518
119.18283046227307
125.27145410152838
101.86821991043834
105.03120781259602
102.43454175642812
100.33808697596746
86.19308195822644
94.93565162167594
85.57260309712389
98.09329325090354
105.31269085427813
109.34964792062165
113.94784544910121
101.83749071671497
109.76090135420735
110.30585897273086
116.57045360725260
125.50720887572082
110.82696340874493
126.36526199288534
118.70251177150240
121.97747278043916
121.12920246073962
130.54079675882653
119.26377909100316
108.21375590626295
99.78400721384037
105.09930945860204
113.89905612147945
124.81248447241022
115.85551750418429
119.08425669404514
127.02394152414283
124.85716491841063
121.74777652988315
125.98133396876237
115.09826637039389
117.82631701711264
124.90068155508595
129.30650761760617
125.86165663252102
111.78779111370092
113.13124380329620
124.24266288321098
111.63229622641495
124.45895449601966
115.82416341486591
106.78191424060454
91.62661448821281
96.05888744756851
100.13751062463173
87.58468796568891
86.31657736999581
88.64038659192826
88.35951305999394
74.89879110575666
86.47079698120959
90.54929955789969
92.91213157344852
103.91169135170635
115.91475361364667
119.05974179956000
102.24424754428459
92.16749506583605
98.08539218542624
96.77970111488538
104.31848146047847
95.76797700058573
103.60362124794318
92.88975445004650
93.83316999977382
96.23880582584263
80.74062900488110
69.16670716411723
75.75086351176196
81.04469547982001
71.96913808029947
77.84224782034937
77.82414125146649
70.92343811163545
59.71848249061762
61.29409287658037
67.01460093863025
70.84305295555039
74.45304671657914
61.73302895590149
66.45954526351042
70.64746152900224
84.86159663795041
89.79427185507038
99.57776256182660
99.82452064035590
87.81783422958057
76.05494815677044
91.60280628350354
80.80344983281798
73.31508529135250
74.71393210049114
76.58248472412467
79.93101234479217
93.15613915445189
96.92892457801140
97.26738999314617
101.96810843594135
102.71396692866333
104.31713240746596
107.51642654533207
119.19718543074936
121.69807579542056
130.58312531082859
142.52157095452361
132.30848543091969
131.77971798043021
130.06412836045479
130.28998992183551
130.82465850565234
131.91664087798486
128.78800080060122
129.60062538179267
128.43630117917340
126.11743398989216
128.71520805535366
128.76109902025601
125.26639527621708
123.47103096791921
126.70859724650360
128.67636321948231
127.88073266272204
111.77520589630640
112.09671472633802
111.61567283201441
116.58455029794739
118.76862592425826
120.54924957313996
121.49820477460838
122.91387577904058
121.02442569545347
123.69378453885415
122.65992607904884
122.70245908574441
122.37407456543134
123.05471885709292
121.50689278296842
123.62826524269967
119.19923130856699
121.75909243340811
119.86206499358377
115.69490495220421
113.12969595308655
115.70489169242427
115.58444892528141
112.76006466312903
99.62925984023956
91.50595688559051
108.06247996536555
98.18627030683530
99.08650256398589
113.46132570416800
102.23852477660260
115.95387263439862
128.21026909623936
133.36382988054748
126.24868578706335
135.22679103100532
134.26806800949151
134.03410036100951
131.61331637921307
129.79948042068489
128.75566813293105
129.37267315119155
139.29477319596259
139.52733175157178
136.25088613536371
126.11670826703747
126.23482100151956
130.32509689082673
146.01482640186225
144.15257743386763
145.51146710448634
147.19047234172987
135.02507958191504
133.97983028074634
134.44389811947346
144.22091113420856
142.03694987773750
144.07416708309430
140.11759350576705
137.83316387939840
132.94668185402941
112.59488587079176
97.79439092890993
110.13183184944134
97.56659499047772
88.18496359857680
81.43187856545234
68.77887711627633
79.39175421902817
88.83327926490986
81.06105002409676
66.26602522266683
63.04725486936223
71.28474695243591
61.44318354406015
58.02868553679019
64.98727804526824
56.39154631967691
62.90994388953408
69.22816549749875
72.24745047899322
78.68466925319947
82.35119726391871
76.01524044340282
82.34234328123959
84.88731654574727
101.78196010741570
101.12287626016510
90.78435636033718
95.63835535738879
99.39091351763543
99.47224587829362
90.86933398987958
95.16170906164962
101.02070749342033
87.00778799809429
92.90660003095809
80.52161867592883
75.29205234334928
85.43733232980570
92.41600357954981
81.66129973694895
88.86319927400950
97.67491141875821
91.78893561432362
87.14088140852242
81.01351782026487
88.90693513266996
104.01918810358551
110.44756601882867
114.77310268564918
108.61715990421419
112.23840548786619
111.74034920176979
104.57751047586332
110.50070027686243
115.43106914578385
118.77858055969006
120.42291641484005
121.75346555800704
122.04198619081372
127.57121230658663
129.38385404596806
125.42254689257128
117.74677380879673
122.12705356849074
121.32444505276689
122.02064394487992
110.41515654462791
111.01987120848190
123.15723407799460
123.33159981906138
126.78232216083481
125.29285736766187
125.65608247473270
129.97017130908245
132.95510376503341
128.98165761401461
126.45024658856201
141.46989013562040
142.85736422735266
144.79759438515882
148.43938603858527
143.70179910491552
142.85610190831176
152.68140965661857
148.39349492505977
148.81446544038786
137.34522833290788
136.88523069157250
136.48687837367677
139.93711783770215
140.04611203590107
139.72854853531413
138.19124882481236
138.13040288759186
137.92793572038440
138.41513669648111
141.08975172920452
141.60235985197448
142.40252803907492
144.73493123041152
143.19088270603837
140.53139010887762
143.08580229128495
144.98389467461456
131.60339692639189
120.06122620562010
122.89475574565370
125.97726436648585
113.63112298482133
117.42331322022245
120.46922433641308
123.76068452126248
117.06716300131121
120.64497521122739
120.37636799605799
124.76020391737234
110.92957134152441
106.24747004987498
111.14306035543532
114.29457542531281
105.67203764272752
96.87958793650029
101.61399427322200
102.86395028631264
110.79438097229124
101.54027039806248
102.30426200808871
93.49859881537668
87.53043414336919
91.58601102015767
81.72609438067803
76.80678007285910
83.89761025240121
90.21636336308249
96.11646100469338
103.04147344576656
114.48140657748213
106.58655919338830
98.19601224433069
101.04018842503936
104.67192507967468
91.98664080468265
82.33654639856388
97.25680576211721
111.49927675087525
112.29933101376216
118.07185124603684
106.72572737431116
109.21727194968341
96.72457334159840
87.07260566576073
94.56826270852737
97.96881770258084
84.24986721510129
91.83463170938674
107.34521257159130
110.64074648889047
109.39029997564897
115.48775894802145
113.38933684637304
113.89681805285153
101.27573964454281
89.97578759448855
102.61099433796511
109.12590435576436
114.46656661344855
102.02217566706103
113.67954933354076
114.11814448435182
111.36788259723959
112.25913744949477
113.28784233896268
101.83959080970419
107.59003971206670
110.84435372474348
101.39107165836111
106.65304481437967
105.59665544473975
104.18817442076066
104.66855908976831
111.06436821272627
110.61885207580865
117.47775862794475
111.84367368456724
116.42337449995009
130.96502450889204
141.22012930712722
139.91143605207691
140.63605858324931
122.11602864043834
123.13777785165323
136.47349741552844
137.62233908840955
137.09530565442105
139.06166961792948
151.70736218053696
152.85356827251502
152.23258461709162
151.14897252543486
152.11645237979326
153.18011589708914
152.07861572665934
148.31125083572167
147.05696074533481
150.35212684157992
150.34323060949194
139.00345505759836
143.36170372796732
143.88093234677308
144.89976372083146
155.77847121142170
144.34306770068716
141.40458262312691
139.19350815989984
138.84804494849649
133.64365652796869
124.31443071349983
121.51368973389290
127.09551881875822
130.03449767045367
128.06002541177958
111.62901000539779
110.01524054428097
110.21667938728467
113.31715667951744
124.10367884729851
116.82251994847562
117.90935442986626
129.07990715335978
131.96123985118894
132.71013429069737
135.88501647373204
138.77166165145326
136.34729082096266
134.46756663771694
134.57818410009324
120.20243828407790
124.05424187345744
126.18913963234255
127.36081282382295
129.70206606066159
128.21457852204841
128.82429683284167
127.94747113205572
127.39385798420676
129.06963813969972
128.84481117632274
129.84742925737245
117.99808503999476
116.58853110553193
122.89869355737552
115.48801791234489
120.75188260099392
112.08803025008046
113.43893253991246
115.90863233884541
119.14197235476637
129.32242890554457
131.36050847546679
134.97942983975875
139.99846482371271
150.38732330763438
151.90013152133594
142.48628980208244
146.76847783686588
130.11510269591878
120.42692078135235
123.97178075150119
130.39591113549079
133.43491123743445
133.70854159694221
134.67356626491861
136.02653049168921
140.07205946105671
142.58541504714660
146.49767835953733
144.73243609989851
145.97227946198456
147.29494881484246
143.71808093566415
140.39975542437335
141.25951634973376
142.26291612353702
145.96657544701290
146.91691431926415
146.71620692059491
145.08312243663221
146.58738853119638
145.86428594372043
149.56129166914224
149.77424378314052
146.71603741054156
145.65271883015060
143.94448889179358
143.14885336692487
136.00450010581642
133.43664108418574
134.24731344333998
136.25869264662089
140.40619149231279
139.87034835242821
147.52408738970973
150.98264971711254
154.71185515547151
153.67931439259658
148.20560828282973
143.42150999580915
143.77992583066515
129.07694129702367
119.68231256229160
121.54598023723970
108.78807792850732
121.29643066574519
120.81305052451191
112.26154401099186
105.18770480229799
96.06582046250021
98.15181572711464
90.14098146733271
71.49894670546308
66.47866951899096
61.77161915838179
50.01929327954834
48.17921515632477
38.59179269165507
37.01437369879591
36.45447968753206
27.40747768284285
22.12230842486293
21.42248526644800
9.91458807062203
10.95600873903184
9.56599034447429
10.75035541067285
11.75591960077434
4.76896849487296
7.44157642419268
5.27320914187171
2.42874870468320
2.14382106621114
-2.34707073092634
1.23189423752529
-1.02401260025262
1.67373818371454
4.51294998908281
1.76551987713637
2.95186221662739
-2.95528715246379
-7.70221836165708
-12.11573193411630
-11.71142399106137
-10.92849940142371
-3.90838766004547
0.37919694513059
0.77033267085736
3.73557094718647
-4.85516911977356
-1.78376777360623
-3.62795137284443
-2.99301866391832
-9.71449984480875
-14.79810102667584
-10.98371938039651
-8.18496822715881
6.29306713723995
1.50397303502458
3.09630368570895
-0.61619531117142
15.50216610059923
18.05699143008482
10.92373470496857
11.37449624729553
21.60094219642113
23.48257988346455
36.35133024402878
46.01657994855019
36.09447474970732
47.29021281428172
44.89465261684660
50.44944089863353
63.54808627473733
60.82615612229320
52.25341357048118
44.10908524448850
40.93658755769324
51.14809402530715
36.43157978417744
50.34116954535860
50.26281511010536
56.98777714862014
63.07289062832712
55.87911749241462
64.78591659616421
61.39085215851190
56.71248489375169
49.07206138873910
46.23635681023026
48.15698625024235
45.04893982413698
39.16970153582885
38.06536047523633
49.00469077520705
60.53190841086307
58.11744216387894
67.79951513505506
57.96662258093845
69.88670470082923
64.77037764942614
73.20147325799323
69.20388892517218
52.48331377296964
50.34773002260907
40.34147583692693
42.29975343122733
36.73577506205548
27.16014015642673
37.16451865699947
33.14856995017831
26.53810180663572
38.02697777409900
39.65349862707438
42.57680936346697
55.02582331620140
47.86708111260278
32.36960013024147
32.56008480448233
35.95334609708892
47.21446680896838
60.84387935628733
51.80146757889467
49.75970565731150
46.45901739705442
54.29281818109529
50.95420643954122
62.09617145736114
68.09945528766303
56.53940387842367
45.93124381749229
37.61770203830520
37.50477277112740
49.94672305476361
72.02761564267630
89.70664196982754
83.34694827756392
71.86225941265054
67.89458802296771
75.18610073624858
92.58118572307554
99.42144954487276
87.19914139344473
90.85731098384288
77.42011711667038
65.46871455322744
77.98203753375770
73.16233523049230
61.56021497822844
60.56994588195199
47.29581701623232
38.25662565487008
48.12664017647819
45.79870903552552
46.38602622825991
44.34115321726038
54.48200054990734
61.34864133803991
71.68425599917892
71.83634727082115
50.85910605691803
45.75280758996545
41.92593751194472
53.24093245637272
63.86074363712218
63.87343673339630
71.62102647959968
66.83596256696687
64.50661467232379
75.07922515227808
81.51173920963967
89.65814279491282
84.68960647343437
89.04979001353487
94.69539607724349
80.38552680809758
71.43749288012104
63.38158146973888
60.46927393031397
67.27483402052731
72.79522738630071
78.75004898596816
67.20753103329189
73.99260902619659
61.86756080009795
72.27912834034184
68.85298998954802
64.47975801343217
74.02048931128417
54.61300661103770
39.34615768975043
50.46440911247085
53.22265829193840
63.19494337587406
82.08900867900286
87.79235125773356
91.30014222071568
82.49316902193007
89.30383616822036
83.30937553246638
94.35390019357276
98.71043243926403
103.73948431658980
88.98147745394763
94.59074803550790
96.84026660211178
87.19418040521062
102.61015379062013
115.57813298182219
119.96282896912760
111.16357712782902
115.98292286559941
106.93957299868769
112.09132460852462
102.64751136071098
92.08924130034812
85.68178954740827
90.24054928449536
78.91523361260926
87.55958373066423
91.68174283712023
98.64742402416394
104.76352250251027
95.29187120921146
98.38874004298243
88.76386382116988
92.88904130587429
101.49955992040142
89.83149656442026
89.26902036765739
106.52793881682653
110.44676362433688
99.30512450439281
102.78601381794633
107.26927366453528
110.31964082096142
117.78967003843444
122.71466474551298
127.82060362445941
130.28960093806720
129.18489159336818
128.11764259527445
129.41985464735268
122.38480286233658
125.05703253861664
136.64819862529379
122.12235288172707
114.11479216731014
107.57239283498345
112.03507013634257
116.14212966851275
108.37930762988053
100.05478850679474
85.00138768468163
85.93073983126783
91.76647498479153
82.85207150745777
75.12303502517624
69.16599538642811
86.98422718706719
102.49978872334904
90.95602566872148
82.26051449114517
89.19535074201818
83.24238056215016
96.64150103787401
89.28057888327233
93.25168178972081
80.67876027432057
90.81359691031754
67.11806999271330
56.58640888718043
68.72976237228421
75.97945441885176
75.59338339326122
88.12626150786173
92.58181733432420
87.47658128929665
72.23479998452986
77.85142057402710
62.78514778420106
56.59142703695093
63.69673626296262
56.08270648635542
45.41404836970359
44.45017073014171
62.01810582490866
54.62864789631505
50.80005396851363
46.05571118118458
42.77403237395749
49.43568435251405
68.94134641095620
84.02240274451621
88.23287212154696
95.40075398797356
104.32235478938082
106.62102774231343
93.94518702512261
100.52361065626253
103.32587911143628
92.44197653097808
86.26931134271773
93.36504665529557
102.34293783122308
97.60482118461090
89.51644286393270
84.30849485995988
90.03003146828502
98.51269676444979
105.32539006125643
99.74707134695652
106.08137492519259
114.00522140087489
108.09164343129036
99.01684588096565
93.73581802993415
86.42348685417014
83.63841918667502
100.90992431393029
108.78565092871048
114.08126636830636
107.00815885114201
97.36418925272424
94.58289870628550
102.82516566304233
94.25870043614411
86.82064929895679
81.14371905349746
70.00715755787895
66.56203406375819
74.51309242918691
84.43950435455675
90.31497750139729
81.56094848106783
90.24944804986558
107.07534742203055
109.68168746871223
113.29505756587147
103.90835442327830
107.15884087492336
99.67300105379836
97.20481910036605
89.77906863496057
107.83458145945568
114.28830434891583
108.35455682482065
96.46906680536115
92.51585568877886
98.08679344466279
100.85340241250717
93.65636157491988
85.64542848543680
78.86141966600675
83.50166943539767
79.75127286318025
73.43273577138287
65.00372895515378
74.71229106602098
64.77737434142851
57.82515423227971
55.99124095796051
65.21844370031152
64.37079423197791
76.29534571432255
82.08071347618784
84.89755540247680
89.54102491068269
80.49646649766187
83.84530969907274
82.18605724822271
72.20045097768795
68.73979290253720
66.36932419595939
76.60685590451848
83.85061586342704
79.35244066157902
66.83690683314104
81.38499078879370
88.18466216924297
81.64137947847831
53.93499250271255
60.54078131100442
55.62018130247821
66.37029896539642
65.52251938077798
60.08201852016093
50.55486142885025
72.15951185512927
66.44413757293411
60.00299840954836
59.76159394935306
68.18052162789300
64.46266115186664
70.61006523697289
76.68101322721105
85.52685090783126
81.76441612745865
76.10010078739511
81.10048760392426
91.65145527491921
84.95569256262874
91.11890968568892
81.65451862252620
73.94596399686549
90.41977213751534
97.15580782437164
91.74595312213540
98.88509903297276
88.92313777405404
96.74784008042025
100.64989548959505
115.30495460158954
104.95245667864053
112.66781320721591
90.73112991391534
83.18351936882874
73.74762463937252
68.56181788824749
78.52696521567059
82.92202168000341
69.43358998086360
63.30140753793849
62.20352067549936
72.19296971564400
89.91059892892348
83.74723836000341
77.05567659424132
72.69422577612693
81.01615672296367
90.94443306581250
105.39792572678157
113.32790471956021
130.93320801523740
142.12835623378007
143.08065045636101
139.62037850319504
137.14989326040032
136.71828599155913
124.67219573590120
125.94497727479830
139.37282892919757
125.69916031795043
116.12653193605078
107.48061150182851
100.62872793361083
97.59147022401450
88.50638908524674
81.89087928435126
77.16173265669069
73.90974952769402
82.88818696127250
88.19610049481558
75.85313592775103
71.75182358078129
61.42334334933096
72.17283540292050
64.38038183324863
56.38473222727409
65.60128474008896
59.34338182501335
58.43309289915226
49.23469747305287
40.10066751141915
57.96989611611228
44.47408330442533
55.81841320279666
45.03522402852851
56.42936462201911
73.79109814020151
56.35453480841189
51.32844374656346
60.73997066902800
56.88143752610268
48.80952990853270
40.71803658794391
49.70088983615850
60.15182999501588
54.57432614993846
46.59888332423115
35.34390843743024
31.45530923989994
50.20363931170685
48.34801097962891
39.67556015142108
60.21566601879287
66.38546259082814
75.25101150357264
85.13562287248571
96.01602465465515
86.81790286600935
77.39499123500904
85.92862519997399
76.25264105623671
62.46617777301228
54.05319587948063
46.63359420909823
37.46969325209578
34.06785669629765
28.74859411583574
27.73500441112609
39.05126134618862
49.32771328984381
51.51123075121582
64.69304256894262
57.40589686231223
68.07474068496948
60.24577091679084
54.60961752797394
63.24654084154409
55.04572367653218
64.15350426435751
69.53760282535607
60.10659270992868
55.65132301571716
55.75565653792776
75.53857053777288
66.38411623462650
61.79832388405265
67.71784491659388
73.29869343731723
78.80169080487236
73.16511081420154
67.85283726872713
71.83563260465942
81.23767939507486
84.62107663189708
74.25394250022852
84.22283702671517
82.33418931766950
70.48571545977765
71.30953089582275
80.19101083231232
66.54406798734402
75.43470956716268
80.38514116552594
83.71368396242249
78.56524086594020
72.60790182069159
76.99619335034195
69.23434663467589
55.28915288560135
74.56455776569423
85.60617633609539
75.58640730654054
66.21712451517180
80.00879099935223
72.45233462037895
62.10541035175848
58.26086562515390
50.39954416260327
42.28516147360211
53.87875937328490
70.24339940468711
67.92880715007095
74.52176866378753
77.00315584750636
82.35487063825707
86.98916199287082
96.02084062080527
104.69258614694679
110.52687761802339
93.16682203892974
77.42758339139090
93.72493265473724
85.38445368255802
89.68183796296617
100.29794706530960
104.50191361508357
114.23679222715417
99.07786949203378
91.09750061354086
86.71505684760270
93.05478041626721
86.30984751666134
77.72424550270037
81.77576230992008
71.66913850812804
76.62018225943550
72.97567215571472
69.88537397352019
61.84153768481177
70.66337322355777
84.28126077913204
78.19112053815259
68.86346518874888
61.33635892322167
57.98741475607267
58.63537941624037
68.56831474319159
64.35046469171212
53.75777874164778
44.17064836715831
38.76004025264875
35.14131068190481
46.77635048760962
53.96757668066078
71.48351064280379
62.02893948219037
55.46538644458204
67.16771203435297
75.17551241132117
81.41858527126510
72.06024604112824
81.50100890024019
69.90783889021885
63.98426007939877
57.08906977476075
69.64471865218164
76.96669797875026
61.91532023410151
56.13890520056308
73.69561857543412
80.48612829855902
89.17216405726666
92.77184842471023
87.34767713372435
93.01180368228526
81.91024940532328
65.55563059638048
63.11778037339980
44.25822406623818
61.84110260780592
68.76284818496526
57.27127747025976
46.18268256311539
44.37491163071434
42.68440730486615
58.97257008404168
53.26238089854395
64.78099451345335
53.30350580171766
45.96106945883114
55.23040682003956
41.96817924256410
37.01440172131678
44.99008263866384
28.85827423802763
39.86063676909917
51.97911631750507
63.17471084559685
71.00703398882250
76.96244448103374
82.05446073192260
90.09318521502499
84.70187212959603
93.71452943453600
85.72766763286484
82.93113151364699
73.21040175032441
62.86862531201056
73.50192077865185
80.89467477493673
88.47651713476390
104.30210669014502
120.33831818216551
129.48932381937891
120.09093071201926
108.13282290954770
93.98851136022788
84.77723827623949
71.81775585566582
66.76082746321954
60.23308462870194
56.18104518398133
66.33887849682738
58.06370675509397
49.08087209826380
60.34523147086953
51.45425975919638
48.31977070575281
58.49596343620058
53.62918166166583
64.41158051572164
74.00817309610763
80.82535438118884
75.60056229938731
86.77758044537939
81.44370061129204
90.94192610272125
84.66634785257341
90.83347291410894
102.48781259965665
107.70056404630458
93.13512151898138
82.23477109843994
78.10481174411619
87.17157797684482
81.16008253770885
76.43231972169974
83.30914756432205
90.58041121168995
97.62642421302392
90.51312738132030
81.41278960608366
89.21809152788910
94.29796803844789
100.82724518014980
112.29413185230406
103.14943282995367
111.00054053702959
114.65276548556636
101.83358471061864
92.99483344259959
99.42376887680082
105.16338818954762
113.50429554849438
104.40403564028040
105.77863223581849
98.33604182524887
103.66217357870430
95.91735986525327
89.12757702576050
79.01216013240888
69.33146180381880
74.63903739405646
72.72657769369211
80.99312078363052
75.81714199782229
88.28235133653892
89.67381088619013
95.14501804834893
102.98554370526007
105.44411174654185
95.06678817458494
92.66522250704239
88.68165457709000
78.45134069705436
74.81562103976512
69.76409837197565
68.32294039212235
75.47652208475132
81.30516001840166
86.18370833513102
93.25117565685767
104.27887865215440
107.75895758459777
112.54340268856926
120.30823092761915
112.87186336048444
104.34979604658881
94.98450657281184
83.11474801589370
90.96397021596225
83.89447008737662
92.99641577962352
87.30960395780505
92.94700513108603
96.84289492029117
99.66872508820670
105.26273786138611
107.54547794207311
94.73666785263580
82.61042682777412
73.79951484216710
89.39707831514339
81.27831320754879
96.72744782852999
102.23784655641769
116.59226835246942
102.14448110901284
95.20538835663940
110.55357138026221
99.22115238652191
103.05107668796785
108.06859778166634
113.32261538478033
116.74243589027328
122.85665316242431
126.20872344601877
117.12376057744787
127.79481004711579
133.67711662804970
143.65754739487656
143.16867973226167
143.09349191835969
143.94582512446067
142.77628248356163
135.98321152791073
121.37976731506153
121.65913321419175
122.13228850257070
126.81837678570189
120.58570907449558
107.52769692818758
114.40638240083341
101.14801890882991
96.13803760199197
89.67876260849508
97.97047013536884
102.15376188412282
90.69179789052386
84.96119264772732
70.83085617032594
63.50927908138661
70.91330647768604
68.50704605014286
82.24569973292209
87.16804240624822
89.75265861253824
83.52151012038472
91.27870907395655
98.00640570062970
104.86902571508621
92.06472456431857
109.30207369470220
97.02600474433284
97.30593198111808
102.39899009210414
107.37133568817964
110.66749218502204
115.63595003073277
126.33258278813993
139.82628852766956
139.48981165121089
151.15836795112025
136.25037715309438
114.59006175958005
102.79055118551894
93.63063710447315
98.29029821586066
106.29882797557468
111.57953255427979
100.69884951074562
106.06956963533999
109.00102724132610
115.10166454783106
107.83039880931092
113.55138981202376
105.98392987623768
97.30143887923107
103.30939271971440
108.18364083914693
111.03342774055045
111.58985834988938
116.18288680358749
122.77218504052092
123.14644532180905
126.13206489958752
137.53992203982671
137.08525529377630
139.42070318030903
150.02844654604695
146.86339633895921
142.31717500431279
141.07088364667922
145.66671551951404
143.51789651108828
141.33474076933376
138.17916311264440
127.26097990112054
140.06766684664299
137.73289601853332
122.72088830102646
134.32014869786556
136.68814843590766
137.28366421684407
136.61424679658850
134.53558501520038
148.85001372167480
141.89614039991486
130.94301265908172
131.67645136257420
137.34897544338162
127.32480597269370
126.45316922586090
112.34827948287530
102.41352016581030
90.37924731030782
102.03266416043249
107.10753316980173
112.42877938710672
102.20545889721720
94.34747348058454
77.81307961236982
71.55039624055951
77.11781212112778
71.66105029998887
70.45271264287312
75.87258182677938
95.11277474319292
90.45264212982343
86.61736738695487
93.97493989471992
101.56540431605382
106.51279417079564
95.87134263982102
112.51682323122733
98.96086394488417
111.25945839073950
97.95660421225864
104.95779052372548
93.67845699565133
84.42030379193760
79.04568562706092
74.88878559065753
67.63708125757105
63.14135598566864
81.89259258812709
72.35245943584169
81.21496088059438
77.40100112271874
70.94308980124089
80.66801293282350
77.07775487936604
67.06759525466900
64.16807791947326
54.47773694470646
63.84667003021609
54.80634235499683
52.90450566173533
49.44766497666823
38.70330808513277
31.96959738572772
23.99082777794903
16.31452726856674
18.52101056874371
8.90343165003402
12.35983198936824
7.39141080680262
8.20913817091099
7.69442926185248
7.32684170550097
3.37450862701465
1.28779762994731
2.11696295926480
5.28411555512970
4.90731874280585
2.81252273655599
-0.02556149569262
0.06965867214987
0.37720202869368
3.10347963778536
5.69200058403770
24.11564062422838
22.35981912943008
22.73525804113823
21.66093707395984
23.68049994749708
19.73747857750241
20.31452476294086
16.41344465422932
29.35795904747781
40.22784813513184
41.20868327245721
40.11539921178998
53.46743149208120
48.86533869115446
41.52465000883788
35.62193550422992
34.94462338968710
36.36401772215562
53.32954472347528
67.94362921560361
77.98351083203600
87.37725249049676
78.75659909565421
93.01129620297189
98.72833073947388
89.88991504222591
83.67616380623711
96.19649366404605
106.11300761188627
108.48659564029558
116.27609171050418
130.74191872906141
131.74920395456081
120.62480101738022
126.47877070119929
125.98226830651822
110.05145630111051
113.65218153946994
104.99853864306529
112.11612575015970
102.05814019858181
91.26477603585904
82.41366234991447
79.31865268970888
98.89248617732268
111.93316328355363
115.28415975742287
99.44199263035784
103.16134970133204
111.04078814589921
98.17041415102737
104.64948999672536
92.43182240679204
94.69914297129330
87.72855491737613
91.47840469654840
108.87390761335844
123.15743539526784
123.02669737642802
115.14258522672588
118.93472016047170
130.51156307209121
135.28279599781871
121.85550167639165
134.05882568949454
142.76107294687739
128.33419471357678
128.92599112987472
129.58057564776641
117.61589270557468
102.08853993179308
105.79944776286902
112.50876533119809
101.54770501565916
92.28040186870277
94.68852705301150
83.24784264897838
77.14321965131620
92.58635514798917
96.81223231890263
94.11768622461402
88.56921192674987
101.35253135718995
84.81001234031720
77.32641294345565
73.42183399851530
81.07356272516672
71.62167165805677
78.24110706451572
82.27758090653344
76.39360880024884
65.75894184929933
74.84947942832400
69.43733588633452
58.59779343078672
75.94102050937587
69.40367028718279
79.44583708734822
67.95273331413038
60.85806714671408
49.90567001868287
61.67057870282150
49.32277172337312
50.62134752688879
44.02328086566597
41.56691832211526
50.99321026432699
49.08707865517706
59.46879190077644
58.38742395446044
45.92012469641553
54.78479866015614
44.41188111032712
36.41579502884630
35.32271120287821
47.94463942369633
28.66605347074962
33.64572097403411
33.41802702495273
44.68841964319920
42.17053645848967
41.71717108994510
50.74396433177704
38.84581339613260
39.50913331970115
40.27506563356924
31.67286038423350
28.93091347375545
42.86911656391798
38.00123896758561
36.15990992447620
29.55237487892550
28.28662772882726
39.35890819675537
31.24103131799128
41.86547716329383
40.55247359286923
52.28423864650009
53.41875589827823
64.46556745473882
75.72903518735167
82.39181074931243
71.13489407178695
69.13358205084432
75.67723258238024
85.15099577562748
77.40841932669805
85.18746441619219
89.50930840827388
94.34734391847429
102.67987856108832
97.55409206427966
100.76789853767224
107.03481346964311
97.91847816462293
86.60261282984268
90.64439605319697
77.19702212262533
66.20330810890563
61.91886784282336
76.21148948616056
74.68888694507670
84.29072484906645
72.67452217495250
67.66470641803070
74.17276684412255
71.23355695331281
67.61698898063601
66.11824845707963
65.82190798319132
76.04240553088712
74.59107512378543
64.82952352607779
71.81466643067252
82.39753315257101
87.16825876578974
63.23070252368738
73.56721244736310
85.02608649567972
100.27657027135591
93.54178497759629
96.83556965144209
106.97333888453204
111.38251549461953
100.52796500435061
92.94292021702033
97.00278216656618
92.64938424974943
78.61597035091671
76.77493394576656
56.80544459399685
52.50624957247121
50.36778058596024
46.91186570728127
43.29497498609815
36.48126891431707
34.17052837738236
25.77380932357455
25.83651150863888
28.50401461781250
24.41099819712301
24.38717215127982
28.11988836435805
27.84633699592287
29.77874690707358
43.74434985486374
41.38423214234538
36.56155198844378
57.57232336332022
52.03907682175794
49.85238971809172
68.43262308003983
77.87461202183169
86.48112604162016
92.31993054730577
86.06844652228152
95.40837006733159
92.17210294966689
107.80443429820836
95.21737310255277
88.15565172150839
81.16387991073296
72.36592127429597
67.39904334093642
57.89844051463075
73.58770266725621
68.25593990413893
63.03852062382067
59.51954586464319
52.68771705956145
43.60809955283451
40.11140311672039
50.62245905626583
47.12338127650914
49.23340745365589
65.17753212612149
72.53741657966788
82.43208068796918
68.35445617039481
59.09794838205827
56.96630429924462
52.09172807101621
52.21603585289328
47.82044650967386
45.72537023175567
42.87152073983870
38.51740953213166
42.93879978152759
42.21935038434192
39.13147453249868
50.84242028064697
42.80286419083412
51.21496848698997
49.14745762827264
48.21267263406475
48.07031154774170
56.75859416758270
55.82063629028539
55.11029498273977
43.72220652465232
43.59951486069706
41.39045030043716
50.18138974156253
64.27287023932851
57.74522876255595
37.41040351485555
50.27796570640814
64.07490148126713
57.02637567914640
54.16845721173012
47.89783599878249
47.23896582079642
39.96532034424084
34.26287498974528
39.76103288617195
42.33704955648660
44.16740428418074
56.50397525319447
66.04457900346810
64.44117118802009
61.58664284026931
59.36966664376845
71.46172323309695
79.30159494774945
87.32336728239760
82.18940787319607
80.15982347402590
77.66154875791368
73.49675995536404
61.27036412531576
53.05131874360101
50.12409087829477
51.78993727944655
51.64445841277470
68.05597343357711
65.60412163745781
61.76151078149883
60.89456821097013
70.51721670348861
60.91323632412307
66.58813340060222
55.64715703429727
55.66003513507375
64.77829650779680
59.34557910437987
56.57353591190135
51.43658181856573
48.90429522223518
42.87405891437646
36.35737592254934
49.94659947845253
57.80037695854934
50.21218970713031
41.35925442054431
39.98556369766099
39.52347206992010
32.59919746168759
24.69940669715386
21.52379225820912
22.60830313755205
20.25646074011513
22.27785157340596
24.27678774512504
25.79025323362560
21.34208974920461
16.16349106872182
10.05006896084084
9.88995248565021
11.42016197813211
10.70462782742042
22.49628228816593
22.55622717012503
24.21973478666564
24.38561769800324
21.94525334479728
20.60407528311395
19.19543708075059
43.09729543865259
33.62833099065975
17.84626092344313
16.96676778844252
29.07120854598833
42.19225582476441
51.54174318510804
59.48225819434121
56.79649935955052
46.92312123433432
45.34862618779027
38.34398179164806
36.11938672170107
44.57065921707965
50.90639504105540
51.01937213183976
58.34724048342787
55.88267625457350
66.26578623577616
58.10124997535191
51.14278929467719
61.50751888274372
70.57656192439165
63.75151734157924
57.89822341022960
65.13221663170521
64.22816820302471
61.96607382005894
59.75056571933573
55.35449815118464
53.94899766941598
65.86194750852906
76.27083050156916
81.93866770303860
87.75608842798377
107.29393029416191
117.71880336928945
124.10503247011707
116.67036455696503
118.48935427085921
120.52630056559249
124.32635393222243
129.28165517947423
110.16124047096982
116.61126760481577
109.02390818880170
113.36887333220218
108.71061531137531
114.79716706469314
116.53550974226803
130.46312048275064
115.96493527234630
119.53116314143296
124.71085621148811
137.96785955990515
135.16922170460677
121.16309728735489
135.26824009991785
147.58005970156316
131.87412944121147
133.72037812502032
139.94845098262203
144.10612382020781
142.06785215407589
141.22798523950243
143.01611903358807
139.65253717367261
136.64318792101079
137.38626583342869
123.54272383964825
119.49772503684457
109.37935027553053
111.17060047999109
122.19407495867250
125.03413970090733
127.97353735929272
134.60275972728667
135.97619082387573
138.49127077364341
139.39594236951504
140.08583786637772
138.05371207343339
137.73709714061053
136.09774978586850
138.48207437143907
140.32697680633598
138.12443863692914
139.57810857070908
139.87555723522956
132.47630953793453
133.81162143809598
123.01248808586156
127.10063214788838
117.56113538586924
120.33726303744463
122.35116023614799
126.86313436159855
129.07695339897845
132.74693921988379
140.42269616931364
141.41266186967960
142.80957310134892
144.81552574726820
134.16145854992155
136.27210451633215
134.92842958028430
136.67829509979430
138.18959024330769
141.55025585961644
143.39964320704547
144.51706091092592
128.85696406597390
127.32053983461282
129.96013460070174
131.75755830867948
125.25187382846107
134.38571884426023
135.82625534264162
138.03356371843259
138.63628191332998
137.91702409363489
125.69317694089443
138.71176767434685
128.10718945039690
131.22135136009609
132.40339165023590
122.42975901364750
121.49756678652278
137.84951043039700
123.73075271454545
126.99075114077591
131.25015447533156
133.39974563924909
133.01031700392207
132.47596254998828
136.25824311430117
139.74302972630025
141.87366348015877
141.44385594438882
127.10682171787494
116.66282028496929
117.16195246982538
120.46652679879865
124.33397747950571
130.21035191993570
131.75634402708542
121.74604391595082
126.16331681642127
128.19453217283242
129.39767350820421
133.70904337616233
134.61331657097688
135.34140473070138
137.31695918132718
138.22088038925054
141.29318092749176
128.39742343149118
131.30495610760781
120.42505027216500
114.00564953547565
118.85180003499640
109.08824713018356
112.05853301462126
116.02374737354440
121.30309680519254
121.42103844193618
125.18434966425923
127.87153269944766
130.86706656895888
136.93247509012821
134.34801011173536
123.82552720828500
124.99566470089910
116.50116350776663
120.36787474578279
114.07053945741059
119.51575391481619
121.24552548680040
112.69038527727493
105.20054018834678
106.57979406306281
110.23923916359408
116.25972875626026
120.42023810379644
115.12737886611177
121.01262741433339
126.09503484719905
131.41577549999340
131.41558497628526
117.29864192230737
111.44651087856481
104.80745807139483
109.34523694432040
120.70406761993307
130.26918012138040
133.40120930503846
134.35261369719240
138.10256752610186
137.16723263802371
139.68942424981074
151.34328798529236
142.25775933824903
142.89682330176166
144.99654019053588
147.33493156921057
144.14548710558762
141.19916244082273
141.33997135883885
143.38547426209362
150.60887912193874
148.89710487390147
149.48799463727676
137.40261048132842
141.38293962722273
143.14611308504107
146.10757059554638
143.06871796358968
150.05044370772103
153.59618352226184
156.64003869197600
156.99589802118243
155.38869555864838
151.98940590066212
137.15831381345691
135.37626636721686
139.15817767138898
142.91716200128656
145.44239227618937
143.41039159709405
143.56440616550358
147.60908394645088
142.60835745996297
145.45574178078951
150.46447509127742
153.39209340515865
156.15530530387400
151.76306589947353
136.38391226951887
149.22820054937003
154.43534527223147
154.51805514350855
138.14514235520269
135.41962055536681
143.86044201853295
143.66270070201435
146.75312557335255
137.13058979906660
146.08042719746194
131.37077659123236
120.02107755827117
118.65192818992735
128.90817704309896
115.70496458987698
103.56208568417811
105.65247353946282
100.09135194554767
88.67072333444875
94.22578824165922
99.45481903672339
105.26189924699526
112.29233917818077
115.01114147040451
115.75241519849622
122.03550981379998
106.78551589722389
111.64459128832135
99.46775846051187
108.77379322058607
115.87409845478189
118.41537700658219
120.52299136294729
120.02057740640856
124.71658474693321
124.59278032066690
133.21181255904284
135.79869767060347
139.97238020668689
142.42801368588039
143.45016790829808
144.97844402229541
148.44169631877378
150.50565696569925
149.52766759538076
150.53147023730935
132.66852463171875
133.74487128972288
145.84511784330414
148.63972891950448
149.01667891571583
138.76363100734204
140.38490225067196
142.44701014300625
150.10479049567178
148.21462112596390
150.87630959357952
156.37031488946531
143.34091761019093
142.13064663859430
146.01934528911553
136.59935644991236
127.57492690192471
131.44710167739771
132.61276645791816
131.96054004197558
133.15110611736657
123.40931396702490
135.61681783815851
125.69243059331994
119.32925126562972
107.70000208871203
110.29941701172172
118.37668939602851
108.02879433223802
122.09088764751354
127.27657602732377
119.01349370212918
108.87249957263403
101.81053415774593
105.80198022482901
108.31283880583337
97.84905605555261
92.46023183986824
102.78488506984206
96.73515745052802
93.52354778711100
99.69525920427105
87.13578859919282
77.99398911369310
70.04325283434908
80.07802785835239
86.00081962647982
76.15340317896258
82.62637526066365
93.94087977028666
97.94218525718340
102.90931684327221
107.90530295800501
107.79234878970738
113.49556942275196
117.05516128457691
118.07567876635811
109.72250284649290
116.33625741943744
123.29141988697805
123.41705693873493
115.93498219493897
119.54687351703645
123.92994094278191
116.92709208600159
102.76067188378475
97.05409759656182
105.81373022958509
93.11335594093859
87.25237800956677
81.71928004944064
89.22704537890766
95.64561136466619
102.51829696520966
108.04890115724730
98.01052402219183
107.18646938513810
101.80783171847011
109.65422520150034
116.81587689795715
120.63113819461019
121.68536890601126
105.94289600372170
99.30081365203800
103.24977145713963
94.68056171078497
63.47529093800483
72.32832351983861
61.90926478375037
58.48020863372146
65.40524973411395
70.06348766526038
77.34154963072416
84.55315842190467
93.79680689962807
100.53856897147786
113.47667960605658
121.20794119726892
126.46709669950837
130.76494814827146
133.62677868025924
133.96757247730730
118.06024474544513
112.87030180794621
100.90654347615639
107.02871009948841
107.64600545285501
97.19435224483236
97.94852578695271
103.31930395297914
116.76875068134437
108.56359379177370
120.75652721952731
123.27404886524089
115.32879807769217
101.74890951051810
115.12869799064339
119.45258559003489
92.25578043080253
97.27856808182482
85.20206934335192
81.78427714350012
75.41240208748837
82.94345856339062
90.81628190318291
98.26966907435011
91.10884049117949
97.15668846850693
108.79845477188059
111.25084981138673
112.49988713365761
112.72358226367945
117.27303959182878
118.87473181789044
109.93387239805575
110.74216524204869
112.70541978915399
115.97382003649761
116.31150534959190
121.18513138492099
120.61454104060194
109.61402011660687
110.63667121745817
116.03279856157781
118.51246448250630
117.58265002497731
129.00370140382773
128.75277286302079
129.01434439817584
130.31139104604097
133.39892279716835
136.77784727575235
138.70621332752589
148.50063839487672
148.99549353356466
146.11413437779925
130.49855692858395
132.41242734105461
136.52162585739637
137.21462538568383
139.94597199616086
137.99020487795363
138.16047427709145
149.49550543718763
152.57821980005585
152.89481323617119
152.92208873424633
149.23308412027890
149.64197510153971
141.53528633076681
142.19419236503794
145.66403176723304
145.52571339505553
143.00898460412364
139.57784873903086
150.72640345756270
139.78422421325527
141.60441764100818
125.01525212035571
116.08037705628774
103.73128909460689
106.67942354856837
111.35952516501743
111.62219033784234
116.81651578997506
106.48754868809287
108.90615949221244
99.51292224179255
107.29872276659336
110.02440261734330
113.80035706344714
95.69142898429773
82.29934905880877
77.91989465624631
84.92675244341838
90.80837669844547
97.08937129514396
104.67889445914484
107.78331130033496
110.80447982585513
101.69426774175183
110.21476673299632
113.83529512328343
116.76640303154021
108.85811114887349
112.23956576799578
116.62974871544810
121.62376488484557
111.85101163024744
118.01217604675621
122.73464861816203
128.59345419461394
133.18344625548983
134.90427771954339
124.71143638905265
118.49425257358064
119.68299223779906
124.17362752421742
130.12430310227944
134.55708496951252
137.51835074176631
139.45328675265927
140.42788924894259
143.85242170898647
154.79653576247841
143.21642890908635
143.54151586927287
143.13761336845135
143.70959899840969
143.04763590033139
155.52906576142456
154.08638807183951
150.99242811475776
151.54990930229593
139.99499207244844
129.97461455882993
129.00220460022155
130.11543014138761
134.63406910374698
136.33635067613616
135.23396398482333
134.90815094724931
136.63470923784854
125.69463426600916
114.47122506799060
116.90955876410210
119.81271159384522
123.17712623391566
121.38487248559935
110.13364572842139
113.95512698778086
116.64590675057133
116.25343459003571
119.74969585448551
118.18493489006273
119.44120500392177
117.79040741067628
130.41637593686136
133.47838527382683
134.00587868862567
134.79465896660528
137.65684573609036
138.38971390263347
138.98708686830852
140.96255483023168
141.99939505438363
141.15255415184674
138.90185713912803
135.39853076431842
136.37496342011195
137.46653264429460
138.70123558690031
136.92785788160350
138.25852016505178
137.30177505449458
140.03782554590663
143.71916589005141
143.02395862954410
144.81527835782171
150.29534075819959
147.62317536177773
144.96859362875063
143.81037611398779
143.49577636176480
142.00201746626863
141.57581656683769
139.04086442199767
125.96443468214100
130.56691182490965
132.02125728975548
136.48104238545946
137.88615285382903
142.05070576852683
141.50466053333170
138.96279310603646
139.43523264590834
139.46240163966633
142.26163913618342
143.70585747119878
144.81063529174617
145.74106251954447
146.98403014901018
146.59893807668988
148.92598779320875
139.26225804053232
137.79932515143807
128.52284195377587
113.47212240949521
107.03971830490644
98.95534422514555
104.92912081007414
110.97773851099679
114.98809346726763
110.05104873378124
113.70192462665705
118.88201911265776
120.77731290306288
124.80522461582125
125.61208188154036
128.50214653350534
128.00073869006849
131.16325714649705
135.74748238571974
139.15292821717870
139.55025365841436
141.19627693852971
132.13839986093521
147.21559405080416
148.40066845316471
148.11159791934395
149.13336592457378
150.38428833755444
146.95026427334261
147.02314225768515
156.33295404707991
159.33558154836237
160.62989615315868
156.21030550659512
157.28793085056333
158.74163625759579
158.23464331254866
156.79715305874726
138.25661450673994
139.48213348794567
141.54302115371920
143.63073175093032
145.73518120133647
144.88842556508939
147.58837231334002
147.98631043101281
150.17748239989857
150.29162749928994
147.68802099714284
148.18321669254570
149.75389436511193
148.43404641171441
151.24741219193368
161.68290307294743
160.28343040780774
157.01076646141584
157.04178283533594
156.35440510056179
156.82415683912072
156.80164964058051
154.65144839848617
154.47045197739618
155.27224002140147
151.93770547788816
152.18585187526324
152.01586424168403
152.96459758224913
155.13169703861780
155.05107884476899
153.18916318699704
152.72812393595575
151.39375298913095
153.29384665811241
154.73825666713046
155.66745570975783
154.01805114260759
151.56663522585654
150.46470548502961
138.48606199569303
139.64122918061878
139.58990779565269
139.23938785514292
135.74428281953220
137.51152797100957
143.24927679352743
143.68907449736338
140.60557035446499
137.19734987847553
137.12704686885959
141.17131731100199
143.43366142818590
134.32245442980008
136.14979158453269
137.26465374440127
135.46506073738223
134.08242042922939
131.88253920530778
131.07073502756475
133.64469385350358
133.13121821192800
133.35951872058902
132.50445833229375
135.95690753176640
127.87341811167327
131.40935895913057
131.26148008732494
129.65684787409756
132.89872198746642
135.62924419407466
133.70932326623580
134.87679475960232
135.05241026959632
135.04004762531440
136.09343188822174
139.12645683214691
135.81220467439334
138.04563616500894
142.16093373197532
146.58183851406994
145.77755732579024
147.43479550799344
145.76527012221436
146.47506861663783
135.22926867496000
137.67144387587808
139.28084487554526
141.75349203345175
139.87371869441816
140.03455602607261
139.86601600179503
140.82102024879080
143.19158740614660
143.30993759835366
139.67871993591405
131.44158346087019
130.65356120932739
133.10136518966726
124.86924193655254
128.87710517755141
115.92172695971412
117.72883703476097
121.65258687340894
129.03878853405493
129.61059520363864
121.13190499324891
123.31574925154041
127.66658429089034
132.84725379149447
121.39612152919581
106.82241998906218
114.75539784930066
119.03473484978123
126.42469380289171
129.49595171531115
131.16490465259307
137.12677288598786
139.54083907895611
142.92903363837812
146.15429249629653
148.75002994039210
157.79265758542707
160.45218331839013
158.00458301016749
156.45467529148627
158.96284647132086
142.13303803497277
141.45845430974711
143.29403622413031
141.89763314706718
141.66670164544234
142.69669234463316
142.04240265769980
144.65862131221135
148.85098650133128
147.08924920279208
148.16544416388297
148.01832613883388
143.94216443783429
143.12650017452208
145.03740278345555
146.00214136400427
143.50342828049369
137.14466629291866
141.31096895362205
142.90457780143157
146.18498785405865
144.88810815919209
145.14172692308608
152.48476231065001
152.20293635240120
154.92927271473440
157.31692624243738
159.53688073844225
158.62644178762449
153.88938948655993
152.65555483523696
152.11649949467983
154.59312880952643
154.13278968663391
156.96736494523225
156.44946795778708
153.05247587411034
153.32340482715179
151.39980508283119
150.44956333737557
150.09330696067411
151.67528864648651
150.32758065660906
139.67265358323908
141.40523495466394
143.21452938451492
143.22971812226822
146.47553763376553
146.84389846163873
146.13379268701604
146.84913441587528
136.61875499772904
140.27230001934780
139.07666718307820
144.69303388746329
146.72084953395455
146.49763783135788
146.74200585895727
150.24026482729747
153.13123263033788
154.86054710487733
157.10388318565134
158.75569553002509
162.60799269075454
163.72697413049210
165.98204887498960
165.08879167885374
165.62180072838939
169.58534889486543
171.09204460615456
168.61190377543357
171.39233132885465
172.39740921433923
173.69606297985592
170.57395074395052
170.56931081297444
183.74519267637683
192.68920516361192
190.37229928889030
196.50989930668811
192.02244221254603
196.48949876492023
196.13006508369335
201.93914123065275
197.08606403945123
195.81721705752042
206.35912147877039
209.29773111678497
216.23748000964832
218.94538005995605
224.19307481432054
218.02592416948565
214.76644766639470
215.90526799377255
