-106.08522699776964
-99.47237268980771
-135.94291473917013
-166.55933219990527
-159.15758243346562
-153.29003352701747
-167.34719979471978
-193.01735718685327
-223.72441685886758
-203.94111285795719
-186.08399326135952
-180.08667236135156
-169.48609627462554
-161.45482126138734
-198.00620767356861
-200.26134031183122
-209.01243008156797
-231.96966669996138
-264.02764640704925
-272.91490982298245
-285.42388871851722
-305.22465201071145
-289.63363348098744
-266.60312175919728
-291.14053879539824
-308.31268986107386
-322.18250975828784
-291.61506592369733
-284.26522688014489
-282.80467488529007
-258.03450681729919
-266.92331732805422
-286.62076584583519
-275.05044171747693
-277.33629766110460
-257.51578030343029
-254.26934000718882
-252.82595243806014
-272.68035012721487
-281.63823331868724
-271.40791796123153
-253.24294360489498
-229.48029152960297
-247.07474873192533
-244.59789221596574
-229.89698729337067
-229.59100139738032
-227.37425958570969
-220.27053260828922
-255.43064245648353
-264.93345117918182
-312.81806099384460
-320.98829638427986
-311.58245107055058
-308.05994962977638
-295.47936511998211
-294.38479315497625
-295.74632769271392
-306.66043847626412
-317.72960869871400
-331.23451388210941
-335.87568970562046
-338.07890958255985
-332.47934985525183
-354.55085386326306
-359.19949238580898
-388.01297784871923
-421.64034612938383
-435.29275809720679
-436.35097709643151
-431.40545023610258
-403.20626245397835
-378.64812486907419
-380.59833334070464
-387.62937412043851
-386.49600425064904
-365.14399534490008
-367.93725780299496
-331.45145925049582
-338.37900259227541
-341.97915910428071
-361.96873769335218
-347.08334120174317
-345.26786190956216
-332.23581836897921
-306.92199051199486
-283.28348274097198
-259.84517232886890
-235.22529680697031
-220.92625233576260
-227.15217065889166
-214.82656170971697
-194.69515170849095
-201.94374011715735
-213.17569804748123
-215.45401383363466
-233.48775506649173
-225.46263487147479
-235.51659332446425
-251.96681266274911
-229.40243326381099
-208.82045697168201
-194.54844936514800
-206.20870105816385
-198.01509048739587
-179.52778155266478
-179.16955508880307
-169.11206155220404
-183.53379343198216
-170.95187390179308
-164.93627300042658
-153.35574408416059
-160.44463695477640
-168.54927449691982
-153.07734326320343
-171.59909865440622
-155.87987508308078
-164.21360876551233
-168.65134026742888
-153.31005306211770
-137.27888564123953
-125.34972150404793
-113.20085178808675
-116.66902356356478
-147.37074211071314
-126.52052466114102
-154.84717474992487
-139.48985638076843
-126.03272940027757
-128.85414835606633
-114.07156202828300
-107.57957120618076
-127.66966271227193
-160.53103332454958
-170.07623528948716
-170.37601730375357
-177.92951480881925
-159.46968626787333
-138.51862712765194
-125.67406869557651
-112.09926329130678
-112.91441388864571
-104.23697065055212
-98.92005377104468
-95.92782558801609
-98.20796204561199
-104.28098224218526
-96.15887483570322
-93.82255314937863
-91.94927901230412
-85.35461374059747
-76.83322431002101
-67.70622161838597
-63.19038121029958
-57.85207971979052
-54.61623905030081
-53.56165142060634
-48.69960764791404
-43.50673511411343
-33.56859900522647
-36.29817651484342
-33.57310062188179
-52.31200108937818
-72.64799732094598
-77.16389074098501
-86.42319225290106
-95.29860244843758
-104.89809181055699
-99.51797410879611
-91.18856573652698
-83.75767555326992
-77.06375616294731
-67.65596711826780
-67.34413447840795
-62.69408774128492
-57.66741193438346
-53.50536791756739
-85.08297574804155
-79.62479206385544
-78.69395642515627
-66.30208970896538
-64.65156656592191
-99.41789117722811
-93.02010325432195
-95.93436800520772
-86.83491292553713
-92.69077425724721
-89.94004034154840
-81.58387117831141
-77.55750876470964
-66.07061700483607
-71.51849029228983
-87.15147628147777
-97.37255887790781
-92.05257870494761
-81.84512512897248
-74.94143844955089
-94.65293829086221
-92.95799502423795
-84.83571152770210
-75.77634271465543
-69.58824659931084
-62.23579163846595
-57.47740498057662
-76.74150110261024
-73.57391194995046
-63.62979209716260
-59.31246035843941
-55.79974638906170
-63.13927323052214
-62.47562870623358
-76.40199862756862
-90.38482488471189
-78.52081981124321
-67.04781095812326
-78.24343307164811
-72.32515806420572
-66.53980512724198
-73.16680362195390
-82.18706369377125
-85.87434733186693
-81.30006062087975
-95.53578600342001
-101.36443659288524
-107.97952839751341
-104.11626357966681
-120.78847066149090
-104.99948269292430
-92.89914493982053
-80.74260723409878
-73.68524305988812
-105.14729477373692
-103.95059244884497
-98.09277025242953
-89.20736925863864
-79.27713178294560
-72.71420180963194
-100.39484735187509
-102.83283840001231
-95.95009256051934
-86.18245862661716
-80.30925302679394
-78.22793487269028
-74.28780097607299
-66.27911465243240
-63.28748214090960
-87.28977398008678
-112.59595180224835
-108.17618263303325
-101.69929560600831
-94.18457472556126
-88.64064962453969
-81.05376711018545
-74.62990839185458
-80.21710120941417
-78.44292948021072
-72.22648365983024
-68.26589231937869
-83.48013888047547
-75.91986257159968
-85.81961014858788
-71.08360351556037
-77.44557253345604
-72.37557239451891
-84.50056714048755
-84.26486010638617
-97.61292606840559
-89.23213124221985
-90.50918956982231
-87.02986642174885
-74.28228965949245
-74.88906511466860
-82.01437192063700
-69.46854520509271
-65.84783278845991
-61.15221227381625
-59.04887558339124
-47.73866629524622
-43.13339772461002
-36.42172825692606
-35.48710428352870
-39.36528784499029
-38.88483398606721
-36.53166933463857
-28.68650388211719
-21.97931039614520
-24.31722274853280
-17.16858924867317
-16.52745429105835
-12.65225793000764
-6.66686315368870
-2.50976047940583
-1.13360448598425
-2.91596068333432
-3.42199171588020
-1.28529284582739
1.25561886559569
3.52607526379837
4.81866326157076
2.11516709663843
2.35176024419708
3.50767497912869
0.50610263127313
-2.04893946281057
0.01323477896311
-4.28821123448849
1.66168787972739
3.83213066966720
-13.49851038298114
-10.00708201614301
-11.75959878763086
-10.97222669088042
-6.95573797126124
-6.46495697443726
-8.46230030254993
0.77131142319063
10.93491918050824
9.92581210016851
5.76653197812058
4.83776476354711
4.60301655620578
4.90409269891256
1.86068579990153
4.16597831058447
5.02670546613980
7.35813237432720
9.07654757453633
12.07866693428393
11.23097754365608
11.01402359623293
4.76600019913672
2.77105084253648
-4.45164677847705
-7.61338712535456
-17.38315609162517
-17.55603084729594
-21.63948224132805
-30.20257285391944
-39.16032185337157
-46.10852603622731
-52.84785676808495
-73.24909195791568
-89.25888949195026
-111.53268063498635
-120.99887291300166
-130.35434495187042
-132.64209186794932
-146.92498396047051
-146.81357997960612
-157.26915084292386
-148.99040225349472
-136.76520221229910
-128.10668820087051
-142.77699356369317
-154.25560982939160
-127.03777866957424
-120.87643691111299
-113.66674537045037
-105.67193241841369
-92.30951301662554
-100.23994345776903
-91.23578349271976
-85.79998213033726
-76.47220500533524
-67.89377772318019
-60.27350529975602
-51.07334355493381
-49.08750626663537
-47.44526324784228
-41.75189277973463
-37.49090901317621
-22.28305287340775
-35.42916500403257
-22.84175763964139
-19.44074116215979
-3.24318429370268
-25.30711763825798
-15.69795820965163
-17.66626650171463
-3.84886790071752
0.42412878091186
-28.34940473087804
-24.02285990142225
-18.97666061811858
-15.96690430579151
-7.65574178246676
-10.88362220390303
-16.70087468615741
-8.54666369284244
4.57761990060348
-1.13412298514911
4.63436786225140
13.35047141363033
14.12372871951418
21.95626394839860
13.77700719802970
22.09333198759069
33.10187002543941
38.52175242781159
44.65309805039480
52.78659810948460
48.82821855592435
42.01720857545342
53.95775379041093
48.14819520597022
37.16029264804560
36.37516339847727
35.62931065887167
24.07937716380397
30.38937921932645
37.41983676927374
33.32749375160818
40.35834792998439
31.27592079581701
42.16544496951208
44.62693525984329
39.80509401582999
39.70306923745911
35.48117143460344
48.42201355872827
67.84291021944316
80.98772141809589
76.18765908279157
92.45762429368243
100.67572528627247
100.70877990270836
118.57186540480491
105.99464128029388
115.78835347385669
106.99115464614006
98.78758966878357
89.00348590703503
81.09594265647790
89.69862973848922
85.60695991128514
72.31489122864588
92.31873286912715
62.14252674351077
79.12681948882360
71.56866524105367
82.44630660644322
96.33619445387617
110.50259552883850
119.95224087056360
108.52374234153137
84.49850120274040
57.38894899056727
51.70985031748123
46.16623171693537
65.56806812591788
79.76356932158807
89.91067868693221
71.65596938828735
61.51012188325055
57.04744991867532
72.56690869414774
68.63102740276740
59.86045502466786
25.12013899119423
45.99811713352597
41.68574279348834
62.71012345924485
79.31983789358500
83.91970417176897
94.41497336235545
83.60119149948402
80.72457232542011
97.07559769257684
107.46867387346953
123.56981136572725
138.17582970004324
125.79502091579280
136.45541380878046
142.94086896723130
148.98065371654928
133.97305339061674
145.67395398280314
156.75926714183944
144.89623516788996
134.42007262487823
146.93986435894354
153.50312872611607
138.30581013548110
124.32895014400320
110.84603535300826
124.43321911136525
134.87260705997551
125.53805422908228
136.58451193842839
149.43801642115366
159.56663674926679
147.81079952257420
158.01399662829607
147.11986314090757
137.55059602728696
149.67966901600397
138.89560452140685
148.79089776375719
135.38175212570047
125.40263219121699
116.31961010542034
124.84555034115920
118.45073985407454
125.11498964986619
138.30406504074909
147.23097871718730
152.86644627435712
144.77555946028770
148.14214921592099
134.89067964163161
122.79373796722165
109.98358650802598
103.45128793937153
94.66378919507473
100.82381479665318
117.43420819370138
129.90932575509731
120.72673280822595
128.20055278519177
113.43948508997605
119.16098538799552
134.07959251387180
123.20188746214912
136.56935006910660
135.01575048307336
145.64242636936467
155.30842952172279
161.25878854855065
146.77124494294580
138.91256488964297
142.73243141685586
149.62445858115896
157.91402162855374
144.55830533758430
151.13652768629916
150.81477937461875
137.68382302342053
148.82031035160108
136.22927484846173
125.43060032592790
134.68019392341634
144.37190228251242
133.99403131944388
145.51536744539706
128.75304038529876
138.05652253954554
142.57759061451875
152.16496564122815
139.18414663082029
145.70090644598588
148.14976143285514
149.30359098945291
148.44873830871796
153.15836441706213
156.32870329613223
139.99701457342857
131.20445871766145
139.01758565838608
129.32732918243136
131.38135937259761
142.07524003847732
130.42955900296477
141.05321022575271
146.49009616316545
135.12372809431434
125.31157136342622
110.95038614319957
124.62597510899707
113.41818037377976
106.75615498104499
91.39662859642192
82.22814816837976
99.65286379696587
106.98234362826814
121.40452799567980
114.60658980621857
112.84395563112618
126.39048694782690
125.57429453264268
115.41943294783972
131.61914212796449
113.46420482356002
114.26502901036751
101.88827740137050
117.85943156746011
112.54886224677472
101.25661607945030
104.13762296077174
92.92417470697964
79.85208419126339
83.22931414956608
82.07083214264723
75.29089046733694
71.29117421030415
78.64035108492581
66.60392650222499
80.44002101869408
67.46907690790130
81.14459189865690
75.59651166316392
70.20441136519206
85.74522272856197
103.94233408740035
114.17418898798410
111.97686216719156
123.01161254526356
130.73341870566543
115.79124690578354
113.12207222873099
104.06770093888755
100.40711240613079
116.54440425867715
129.12385634630644
-70.84948333367264
-44.63385069748951
-33.08042315991219
-3.89461993211638
24.39641281305274
45.94415627844944
63.14519026757404
75.91359997607016
79.15810750881974
74.97056055809388
86.17307784569718
82.06447300660430
75.22699473755370
87.47290092051325
101.75674676233352
97.55721887156844
114.02906541962525
122.05191651813578
113.62903408451419
100.33911472339859
95.20754017552618
107.28816082187495
100.30715666219884
93.35622953348475
88.82340177850486
102.28500685678077
114.84477727515437
103.87007011037110
92.14128970303975
92.45799789043510
107.56233172659425
109.86803058464059
111.17977902398482
126.77164542314738
116.11348347763816
116.13493523714452
125.93823094946669
137.68363577010604
134.46069533976308
127.45555140714386
135.45022408333415
133.39069769350451
135.10711956957127
122.99549707867826
122.90740728517389
112.36951188305190
105.96473205218375
99.92594667813827
91.72026359796831
106.30508844186643
111.02961554739498
109.86783979108630
112.15327977939077
110.60659689439350
111.58139931592862
121.71434807894590
132.69875081479086
136.23312745289621
134.51838238061234
117.71828849469483
106.85247473341452
108.43522211125104
109.17114890763875
106.79187074231655
109.82159229359146
96.71220578449183
84.73026729906800
88.87511092660361
75.96496076158016
64.27236967841780
57.05783368361046
58.79578493451663
59.59771148025998
79.81560159481086
68.91279871456933
77.31476810258955
67.78413772721197
71.14505093336663
88.12948535571353
98.98208733850953
117.20736516656025
116.78284803724407
115.16697159631207
108.75938274171244
96.69360138631914
87.28955685881036
55.98695076911213
71.26198479691179
73.11782702185783
77.11115009799059
94.42655931077620
104.41622464598760
106.69092032583198
109.78631601806651
108.74935247889582
107.84090502772827
118.50435386966527
127.58117405721417
119.69547696706640
127.09492099407377
119.40412912688996
133.17714538742183
138.94768085310773
127.39864496143068
136.17825625062881
146.16306188288195
133.58951841021613
129.58192627054373
128.12477035850580
125.49242912138399
120.72210360049034
94.67857386011251
110.24311403326462
106.87340857927444
121.80515324803851
121.49449964031774
135.17221282062025
140.85877685087266
124.59105738145134
125.13142227391172
127.57166851314156
109.81419079618415
107.58899432335939
123.50106273826799
92.90137346319453
84.98221536813219
102.62364508164536
86.88337120149694
103.61031140729523
116.95817793648580
103.64287777384176
90.57786662015421
92.11406102561115
112.01938272917012
112.25811196781461
104.42563570917372
96.47527194706311
105.86600950824929
120.19652820561554
109.78579630125351
100.84536955334136
110.86791263490102
118.72786106206721
111.64495035494350
116.31688135729125
82.81507192242206
93.95934298242551
81.48150425021457
69.31470742312170
55.32766556025686
47.07109445462692
30.92737701890927
-6.21093004092153
6.46661054078622
-16.16804379350967
-25.31565886189138
-30.40287215042749
-67.55003789187876
-72.81350854203069
-122.76287337051336
-131.36756034520079
-133.56022628845017
-131.26661821060694
-168.37903118858492
-164.23344630912419
-169.81875827563127
-165.13576433631232
-208.14291339362148
-195.88510155690440
-250.41440189134943
-251.84363110799760
-256.24340639393029
-288.00701957515469
-284.21752229742339
-335.95184852232853
-329.21765312421763
-306.44233935119126
-313.19372019841626
-328.44345688016034
-359.65004693999174
-356.38224089669734
-388.49039394264622
-365.21501410310071
-392.85248357460927
-398.75869079611761
-370.54118560606423
-338.20557679796025
-311.10818659169104
-290.23594574311335
-272.37457945277146
-253.24238249980965
-235.40576751240334
-218.03452327596077
-207.93191382303868
-188.98567719697061
-178.97297414929193
-162.20528881167581
-149.22149460764163
-136.76229905006545
-125.25451194171944
-118.83285909785785
-108.05381756657448
-101.28034212825105
-96.45071567462750
-90.09477297145544
-85.08151116383955
-85.31975484318413
-81.06217880807587
-75.02110303029380
-69.87251149653640
-71.61291499358759
-67.08261523929514
-64.04147846407442
-57.88771310595931
-55.41677791495077
-53.92779564172117
-49.52279975664769
-46.66185703567608
-46.99928831648572
-45.68037630543060
-42.32312641036447
-36.11536882548951
-35.68407031689208
-36.14593892167650
-35.12455794575928
-34.78274293959416
-32.58626036802123
-29.32802972713411
-21.84044684814372
-23.56349358515177
-23.15055933497950
1.51675062308236
2.70042471669733
7.40839255868818
24.40415708369088
22.68264391320855
19.79710629111974
16.38845142000791
23.58353132718695
19.44203009034091
15.40906051681773
9.39217928527460
5.98743474059829
5.76517041751654
12.74327221578511
3.10446429811327
-3.13836220949043
7.53938039201534
-2.91609089001117
18.49312513263400
14.31513600680631
4.63556247063285
21.26717077388496
13.16301598765560
3.00889580215219
20.36963383019322
18.79141999845546
29.23012237719139
34.75424759999987
48.88774560133101
59.95477501904807
53.96775756495592
40.89242612798334
55.63364246832563
71.47502468018868
74.05843688052144
75.99041063149403
85.87680181352964
89.07978082412768
98.60806607695174
92.08019661200406
94.67922971298678
108.63471379104688
90.98007704187400
97.10602452165099
89.05584582598203
107.40586381321481
110.46035512174483
95.40448852758591
92.91629055813848
78.47569073690181
83.21770219466173
69.37185622304905
60.45918123342194
57.17279759199628
63.44095100722100
78.14804926838019
96.56968205979797
106.20621118868513
105.44029334832547
112.01423050508309
111.27028333172649
95.35797768122262
97.34522059400977
96.26591784255552
95.64519776695774
111.52744220597965
121.93177817805967
138.34652889180728
137.68583598410083
147.08785994396726
131.26988153414356
131.37184965505836
142.92202487670139
142.68930479192886
142.36983072171157
143.35123870770235
131.04801802704370
141.28945015129176
151.53386752627878
146.29802617368571
157.01989559063102
154.35400242204773
154.39114290541309
153.32995493238241
151.57086103627361
153.53551903922198
157.54563924170785
164.84712004658803
161.68320881777052
164.09193304392255
145.23973756886460
146.31641376139140
145.89281740835457
143.42497301261551
156.16908497445380
155.71700095748434
167.13285251249332
162.94498020999228
168.77024534735827
149.27723507372266
151.15591829363208
135.56859184660505
132.78757981140478
116.14155190677752
100.88610863260493
104.07235340103381
88.28328077757804
92.96284963935349
99.33363813024340
103.28028462816111
109.83682998321670
108.13362955949560
91.37374206758815
75.86945190914520
66.11322397229526
80.27487289160132
84.46508655990510
92.26943967301997
97.20754807204618
101.16859798689109
102.49309285655598
90.29688974150707
100.18489210034505
101.62889594783110
108.78637961379548
94.22108703774067
81.07853992342096
91.04076477498813
94.94528009048874
101.49424030438732
105.26133055128147
112.89114918711516
100.57584533750602
102.58288366342731
110.92245205948524
92.27634841281831
98.61547415077300
103.83768515315754
93.62318606554787
99.63475747391794
89.52616529498410
80.06981676060656
83.47998209475365
85.91906854086166
93.84477275715955
90.27080070299117
96.26927112053727
93.53870434262181
97.82452478620691
103.26531059654366
107.94965166243705
101.23176744100066
102.79820843722705
105.80074802773728
108.61527123357628
111.95904732070930
100.41987692551533
108.02873972218565
107.11665649402819
111.78238675102287
93.60824227615306
99.87559621425538
87.18972128120066
93.86817057280079
100.29469482612717
105.14661501939267
110.14452955627171
112.28793578783755
119.85005713877480
97.76865681702706
98.75775188061293
105.32784542665536
118.42209219770010
120.63510445298213
122.93926351239730
120.34706155914776
119.70655021444902
120.67284143583257
124.14221952674747
136.41112089626034
138.86365013179062
135.64556358757071
144.27707283428074
143.66772384432770
151.09786190635563
150.64383816236983
156.25111417239677
166.97801963445141
164.24329113781619
159.39088151902195
159.08690253561326
156.12240142801434
156.36750995937939
149.44325552419019
149.93629665997187
145.05640739994786
149.03455771638471
146.56579224494200
149.03800034658377
134.40954908012230
133.19727827625121
135.93901553597289
121.77275346251955
119.03740600042509
123.16879090519538
131.56300949250775
128.69772124904750
129.04617554086684
138.31736216699980
144.38077747159201
127.78384045715119
129.20727371693843
132.89857038884736
133.07449746502778
140.03411527586684
139.97961807366727
149.32414992734729
150.10070040894578
153.66056936257274
152.41732006538820
153.42682594198760
159.42603366586471
156.36556170303871
164.16108787499624
162.22521408251714
160.51974097560588
145.20309901845545
142.46490082338198
126.04429922701323
138.76607538735729
148.76031133624053
149.88918122564996
146.06444139949659
144.02253743310354
141.57331470886484
144.13750475398876
143.72934695272670
152.19218065268768
150.64194958924287
143.73473596169381
144.59040887757934
131.05850719646548
134.34577117278315
136.09244692454484
146.44900346717796
144.45368030274219
142.72919852709805
142.85048199527654
143.18280190488292
126.80195753457136
114.92818995027750
116.93631207521548
116.66397315692005
105.91545584969811
109.84700072678872
110.70241577786332
112.33880654148554
115.25622094535235
104.45931290391202
77.31079943785947
83.77880578739529
90.22415223936663
96.09297343812946
97.36612194886388
103.67869343659140
105.48745249142209
111.32268880823592
125.32524471292484
139.48923974080873
149.39829958126694
146.54959649171224
144.72119447441858
140.95262028332547
151.45407859635560
151.91116719061191
137.15111576763593
126.77264634847997
127.05589208567689
132.41273800946428
131.78336256314108
131.68137161209933
145.38242813904020
153.37055732603284
151.14777000124491
149.09145630006606
160.76851283160801
158.64644203102412
154.05747060303108
151.81037415506913
158.72621507920712
157.49614925695110
163.44630957912602
172.12547630291451
178.61221317068427
172.41221001301014
168.47656367658706
164.29702489735445
160.60424283559857
164.60511235205041
167.55906006723217
151.24587401468048
151.04535935097789
135.94278379008639
135.16205256557342
133.55965965843617
136.76240412792899
123.32734176802076
109.17688690419010
112.23660258719971
115.45574683180203
118.20452750944622
118.13979878103055
101.93587520493388
111.78423168831112
114.83537783040489
118.28377546519246
122.61280853581350
106.71193802463354
90.77283403927535
75.93204374732497
64.95824233057992
61.82577863040389
78.44467099128283
83.86088438614476
80.57367180117501
70.68145630029014
70.17594353774930
77.84803052825615
84.39630088784199
79.45436147401306
70.85947451523697
80.98561698935120
68.11082012754441
77.15814287629343
80.18735678355013
87.17685106398106
79.65529962562387
94.46772055704086
108.30238786215855
110.68351991833795
99.52408517534521
103.62512914968109
106.95095981677754
108.70396672340243
103.31517509661560
105.04942913924698
93.80002802686514
99.08853464306497
104.66126537893463
110.00674435382133
98.61600179648427
93.01543467354101
84.94510676696368
78.42023006503292
70.88623688170259
80.46846941149514
73.15809113639695
68.45665542573039
77.80697602715921
93.93811841749293
100.68891219144695
105.65148273817489
97.59295337300506
90.68260642010598
94.38432798243325
100.15602066155118
90.20054061609299
93.96579825561983
102.34284405858833
104.52179630887815
106.09406580407860
111.93929891421578
117.42741637086634
117.73968437770834
105.54886700048556
110.29361883817832
114.71984112421492
103.07369413262327
90.46318811305937
95.11907862524285
88.27761997287980
81.65125899230341
84.03696566084395
79.01189095771539
71.40883375838069
68.71915834779861
79.92289228795092
87.09892232029992
78.65210902505072
72.27906059104191
70.92063894526406
68.89267429890567
77.54485888779837
73.83472650572456
72.02201777696689
64.62851861152787
81.05393102796860
85.43317134412820
90.32903673377822
94.03891258139140
98.83172265933321
104.90769288743985
98.23595930813475
88.16401605325339
78.88373845796838
83.44736820591882
82.01911430150237
76.05611381134605
84.66794538787687
79.70764344273167
76.79733029002364
73.92265027543195
71.21915204009082
66.70971123534524
62.64555276090505
54.67153251492192
48.11131050101798
40.38013754860819
39.24221331594980
49.64749843743577
71.19138969080345
78.60860246646727
74.48242716537109
67.16864785529278
61.61732918837372
58.77984222963125
51.99076060589895
62.71193574993764
58.86670363108079
53.69728842261225
49.89416437288127
60.13594752034761
54.50718356718519
51.79554157996225
50.38739487930428
48.70027707215358
46.87550112706971
54.82778432970164
74.04289964016974
68.38782472214839
77.50213146484752
84.59385599688831
94.15470608429017
106.61513292002643
100.69847802175369
93.72937506759881
62.03657089261827
55.36918006521221
56.21638410233262
48.66614786889969
39.04934920526478
33.39787522338663
35.82581005090670
57.13988184885289
63.47158666281594
67.40589052159267
83.07391291653683
85.74064211018057
91.42483102461156
95.90887500543515
63.97674098823890
47.53135313073783
55.80760272014066
51.86976002209271
58.68239959546121
31.80657554705576
52.06960966653408
32.87606601509124
12.95799915278656
26.64566761612771
48.07154575103094
68.92841244947363
41.82198023017196
62.09595565302226
69.39314562577297
72.30704458980857
90.04770461143436
92.12952047953942
105.28722054005371
117.84276089073504
74.52662913512052
89.57271045887892
84.86395053199536
93.95081259549522
105.37427198591629
94.02338623973978
108.99244418806987
109.62655456682759
115.98751966449306
99.72123717492795
113.25136574720298
130.32904308283941
111.72526350478503
100.79643884836369
75.13181493360379
64.53060122815573
33.86644056290578
39.09308483398297
57.41655959806707
63.93423605420854
57.79638647080995
62.51098913377080
81.89507717421210
98.52281881737497
100.50157423018297
100.12400216925712
115.47140950905370
126.47521089568541
121.93401469829237
122.22284349408640
111.73921240814346
60.25702428268801
80.01150977251523
91.26658445739881
93.03798999502511
56.80542742026958
62.24914357622941
68.05609047532738
82.28308406694933
97.96143582653295
55.09663660385690
50.99639062488416
56.66396746643225
75.56245272905996
65.01243727942739
81.19006563090250
83.96208182307447
98.48664140999826
55.82293492746694
61.95829810242522
81.25896553118184
88.24260357439066
73.92414945451759
89.00351281455019
84.79491422014991
79.09039774425599
93.02737029008316
108.58559356203878
118.81175876577908
131.01864741655302
138.31399869333532
148.20550281687596
157.37951335045162
161.73660631348173
170.39888581836976
173.72781069589138
169.87862773006097
176.13365032899162
170.14816365939708
176.85363970542380
179.86437336622009
183.10457837000166
191.49988413995933
197.62446322515464
191.30699658805065
181.88342289227975
184.72296886578206
