-108.67085793655727
-91.89361044289323
-110.04705015552528
-108.56569054905795
-108.11960566002838
-98.65641891816759
-98.01085096890759
-103.74930770383578
-105.77606680126264
-97.64242736273594
-108.01366506244187
-102.22047910056328
-108.48127463241406
-109.98788771049499
-102.39896663747989
-107.98901588283404
-108.66580789468512
-103.78835391097957
-99.52891651544867
-110.17638030081949
-99.28350616737920
-93.14667774660141
-102.24207745633991
-109.76858843368935
-109.61912297236093
-99.61105840836446
-104.25797515808377
-108.64516954110738
-96.81771072478776
-99.98117095533047
-103.37322157963138
-101.73604582369059
-108.86037662674819
-103.29155717494328
-108.62964386860729
-104.00138206016975
-109.37949574082162
-103.17992098359036
-104.67630775906559
-103.23838964967675
-103.30666179612824
-98.52094763400558
-108.62485832252415
-98.33262426974906
-110.41905474473251
-99.22611183723737
-103.78621452821258
-103.29519744604011
-108.55818080960842
-108.83303845056608
-109.07654220826723
-102.58056428381198
-97.54844672909742
-99.16811184957400
-103.51693956699803
-109.85267359172897
-109.06399531536397
-103.83806315725614
-104.03155086858044
-102.32897254535217
-108.19730742175736
-97.28658981066854
-109.22310498782483
-107.80410038343283
-108.48516646471214
-108.04433963869558
-109.68617745698984
-103.95680563271083
-109.73314541188697
-94.34620427228505
-97.71569808386235
-109.98150141294134
-88.92887871475210
-108.18239663291870
-110.46054519425209
-103.10083321655949
-105.51475807329496
-102.85875043642227
-100.42467239869845
-105.71573229315395
-92.51230590218131
-109.45785767324233
-109.76808907932873
-109.35715468550454
-102.92985235879640
-107.48191542746463
-106.35118800021942
-103.19645987416911
-108.84540986488223
-103.38442145873594
-101.88127128351309
-109.35324329164777
-105.93199979958925
-104.40485695989314
-101.64583686297604
-101.59370929200094
-110.93229508620243
-100.71387390786244
-103.98991391143647
-98.47907560055395
