-10.00000000000000
-8.90000000000000
-7.71000000000000
-5.43900000000000
-5.29510000000000
-2.76559000000000
-3.38903100000000
-3.85012790000000
-1.96511511000000
-0.76860359900000
-0.49174323910000
-0.74256891519000
-0.26831202367100
-0.64148082130390
-1.77733273917351
-2.59959946525616
-1.93963951873054
-2.04567556685749
-2.14110801017174
-1.92699720915457
-2.53429748823911
-0.08086773941520
-1.27278096547368
-1.74550286892631
-1.97095258203368
-2.57385732383031
-2.71647159144728
-3.14482443230255
-2.33034198907230
-0.99730779016507
-1.39757701114856
-1.45781931003371
-2.31203737903033
-0.58083364112730
-1.42275027701457
-1.78047524931311
-2.50242772438180
-2.95218495194362
-1.85696645674926
-1.77126981107433
2.50585717003310
1.45527145302979
0.40974430772681
0.76876987695413
0.09189288925872
1.08270360033284
1.07443324029956
0.66698991626960
0.20029092464264
0.18026183217838
-0.43776435103946
0.20601208406449
1.28541087565804
1.35686978809223
2.12118280928301
2.00906452835471
3.20815807551924
2.08734226796732
0.87860804117058
1.09074723705353
4.68167251334817
3.51350526201336
4.06215473581202
5.15593926223082
5.04034533600774
3.63631080240696
5.07267972216627
3.86541174994964
2.77887057495468
2.10098351745921
1.39088516571329
1.25179664914196
0.92661698422776
-0.06604471419501
-0.65944024277551
-1.09349621849796
-1.78414659664816
-2.60573193698335
-3.34515874328501
1.28935713104349
1.86042141793914
1.17437927614523
0.95694134853070
2.36124721367763
3.82512249230987
3.04261024307888
2.23834921877100
3.21451429689390
2.39306286720451
1.55375658048406
0.89838092243565
1.70854283019208
1.83768854717288
2.85391969245559
1.76852772321003
0.89167495088903
1.20250745580012
0.58225671022011
0.62403103919810
0.86162793527829
0.47546514175046
2.62791862757542
2.26512676481787
1.43861408833609
0.89475267950248
0.00527741155223
0.20474967039701
0.28427470335731
1.15584723302158
0.04026250971942
-0.36376374125252
0.67261263287273
-0.09464863041454
-0.58518376737309
0.37333460936422
1.33600114842780
0.20240103358502
-0.51783906977348
-0.36605516279614
-0.12944964651652
1.18349531813513
0.46514578632162
0.41863120768946
4.17676808692051
7.55909127822846
6.10318215040561
5.59286393536505
5.53357754182855
8.98021978764569
7.78219780888112
9.50397802799301
8.05358022519371
8.04822220267434
6.54339998240691
14.38905998416621
14.25015398574959
12.72513858717464
14.35262472845717
14.21736225561146
12.69562603005031
13.12606342704528
12.91345708434075
18.92211137590668
21.32990023831601
18.69691021448441
22.32721919303597
20.29449727373238
17.56504754635914
21.80854279172323
21.02768851255090
22.02491966129582
20.22242769516623
20.50018492564961
21.05016643308465
20.24514978977619
20.12063481079857
24.80857132971871
24.82771419674684
22.64494277707216
25.28044849936494
25.95240364942845
27.65716328448561
26.59144695603705
25.33230226043334
26.09907203439001
24.28916483095101
23.96024834785591
25.76422351307032
29.38780116176329
28.34902104558696
31.81411894102827
32.43270704692544
37.38943634223290
52.85049270800961
52.86544343720865
54.87889909348779
51.39100918413901
50.15190826572510
55.33671743915260
55.00304569523735
63.50274112571361
70.95246701314225
88.65722031182803
108.99149828064523
105.89234845258071
127.10311360732264
122.79280224659038
117.11352202193135
116.80216981973822
116.72195283776441
113.74975755398798
108.77478179858919
108.99730361873029
120.79757325685726
126.61781593117155
135.25603433805441
133.93043090424896
127.93738781382407
124.94364903244167
118.34928412919751
110.31435571627776
101.48292014465000
100.83462813018500
103.65116531716650
106.28604878544985
105.65744390690487
111.59169951621439
116.23252956459295
120.50927660813366
123.95834894732030
124.26251405258827
122.53626264732945
116.98263638259651
115.58437274433686
115.02593546990317
116.92334192291287
116.73100773062158
116.35790695755942
117.52211626180348
118.26990463562313
116.84291417206083
114.85862275485475
117.47276047936927
115.02548443143235
112.72293598828912
106.15064238946022
109.03557815051420
111.03202033546279
141.72881830191650
147.55593647172486
167.70034282455239
163.63030854209714
169.16727768788743
189.75054991909869
220.77549492718882
