-106.08522699776964
-130.32964552866673
-122.23617741204657
-140.51750812594804
-147.79850378306440
-160.47109770232436
-150.24877452450937
-180.67927566239987
-183.13279269671284
-195.21947768738349
-177.37873085432437
-194.69259389732738
-242.17378658218709
-263.86463536024337
-241.86518824163986
-258.09402898463884
-252.76029749511051
-258.02086160229123
-300.52316985521452
-331.94328817225914
-368.79787939432975
-386.85507703377175
-415.60665039458047
-428.72397013820881
-433.66048123614820
-429.70132743272001
-421.82734439120139
-420.91160097192153
-430.86156053159988
-430.83436186564813
-415.00308401443323
-412.03645671165248
-406.03988550574411
-390.54877962350474
-369.69866842251190
-361.32172097401053
-371.94542979534759
-338.10644304644285
-344.43732094152904
-353.77480039496845
-342.45411955659773
-322.08425136421408
-316.92452155800066
-302.73937666205677
-281.95107210365467
-282.03436533434882
-268.00656992641001
-262.19817618911668
-250.69398844883420
-264.58806093336671
-248.57909812503127
-248.55519094758455
-238.75115881715206
-225.48931068864675
-218.84838834600808
-219.52365544334705
-250.41637533829231
-268.62524570053750
-264.70509344583388
-242.09176528409211
-249.16716344360037
-247.56288083731653
-265.56359317557860
-292.17721922528636
-300.25689750559172
-296.90871366668387
-284.98933299690520
-289.20725836688200
-275.08384751500546
-268.52625617319762
-269.66700549676455
-250.43208164632412
-234.35061794750217
-227.34140656888991
-211.40185656191287
-202.52808546251563
-216.27623167196967
-207.66648697574172
-193.13960132476751
-184.02184452316780
-171.15630141804229
-161.58153132316244
-154.85644204128349
-146.43027429892825
-141.82026441136915
-140.62186213155709
-133.65384820065023
-126.30074396528161
-127.91250846929128
-143.70338440841871
-157.58035913139048
-141.82225118807762
-154.03012749454132
-164.82146456134060
-173.23714130297049
-176.32333603437684
-174.95534802494183
-152.10771079780054
-151.78230189199195
-166.75746238691931
-176.10631604810987
-178.57544933220848
-173.45806199516886
-162.04686883204178
-156.86291102533147
-191.12355027249643
-205.26797798518234
-201.87999084915677
-214.56675067472307
-234.00889870010289
-247.04057121449128
-335.37333399607570
-331.21955031054785
-321.34633276581712
-297.65479041335243
-289.94753072397003
-297.09947986519785
-301.74733525718148
-288.97469069410818
-284.00537872412474
-265.71027515678969
-269.43020282326631
-273.46463903107110
-268.37407586262805
-271.52005203756300
-262.40274024539599
-244.31209211846192
-242.03853870052984
-264.96253398300149
-275.39109524871009
-281.60364102968509
-261.72907742183514
-243.20723768481776
-229.67106336259093
-236.89834714004684
-260.64819683936173
-263.29811619598820
-242.17389656647978
-253.10909068713039
-250.87634912934180
-245.97619771032157
-235.62484637993762
-247.19967580706643
-240.68241502150244
-228.27960581772930
-229.88119723047296
-238.76826895534847
-254.96459106606909
-242.68135924485927
-224.64044374514290
-211.99237430682518
-189.90223340736151
-176.95663728375919
-163.10987883476025
-162.02158281966652
-161.80664127417498
-165.14055083951922
-151.53308700740348
-141.63750634669381
-144.44272071799733
-171.42610524101028
-178.52239841010623
-180.45430455049262
-198.90453127988502
-193.24610276146478
-184.71024197257452
-194.12439330698825
-208.09219889212895
-198.33810316781657
-201.28133733122462
-215.20284150354274
-229.77802357370459
-250.93853932545414
-249.17058389225960
-266.10714357656695
-261.25349298210722
-256.80996981586003
-251.06223417020649
-231.95360746783808
-226.15098310636679
-244.37544482431136
-228.64880835966238
-222.36816180941474
-237.38488960057003
-233.00934453733544
-220.31211468187550
-202.68635937437074
-201.89522015924959
-193.05951074096640
-176.79176682770418
-171.15713024619274
-164.30834882461735
-167.04037861571800
-180.11916465407398
-176.40049062774602
-191.88823899882712
-186.77136291061726
-186.54367401938282
-201.88003774280998
-196.59840446155471
-198.87908983731256
-193.46530930932079
-184.91055398143772
-198.59347754486038
-198.09124420336576
-203.25572432558531
-202.71692952195903
-231.63092711714125
-246.50833914762947
-247.54761714308509
-252.92238339088505
-279.47811610808691
-288.68049320245564
-301.25777129988472
-307.62445279733066
-311.01212981124627
-321.42743893239731
-316.07872844766547
-296.33960213902378
-282.78847773889095
-296.55083737264522
-282.84863950763548
-296.46297554536767
-314.24676155206419
-321.79357801710671
-314.22368855057618
-326.95085121390207
-322.50422505890015
-322.08915997550372
-349.89975939029011
-372.14745842081300
-397.49239339893211
-375.29721101556089
-387.03919352663195
-380.43773454803585
-354.80700913739673
-349.92412904295429
-319.47408551806478
-315.10431759698531
-311.86508548051381
-287.93584648716370
-263.15492378519878
-246.38826941624535
-229.31479820813254
-210.64457201850507
-191.56925940227705
-172.45038868071109
-156.58778753426498
-156.49758043822968
-185.39535788235884
-192.84966128036234
-247.73703210423344
-226.70107653533361
-215.88730811463060
-225.74852391876146
-241.53274986694703
-223.23945002559284
-205.07440459932965
-188.34798951972778
-189.89908691154426
-176.71223137814599
-160.45822975776031
-152.15677889977755
-144.39007096493157
-134.47816741526935
-126.53169647175758
-119.98554992269071
-114.30417307011211
-104.15198506273646
-98.08708532470189
-88.10993221455922
-85.78746554910619
-83.00879074531895
-81.53736841977121
-73.04395696214556
-64.70474683536955
-67.25510826524132
-58.24896210556761
-54.77505609926915
-46.77692479042442
-42.19727493292695
-37.63181244793584
-31.04642687438736
-32.98812777926831
-52.45882672299953
-52.86378314594366
-49.38566775069935
-49.90710215186983
-39.55985719628404
-35.38094353955449
-48.78726582541931
-53.90492787930183
-54.84034673975763
-56.20802663593344
-82.01456708654203
-86.77415972434359
-82.09944682556898
-102.80419188735810
-119.73090781873597
-159.06211277009572
-164.16605733920136
-159.02441052634569
-169.89633008598074
-179.96470360858035
-191.63149451296090
-204.82943730170487
-200.19597415843666
-214.87912035282810
-224.40735440075539
-257.48541444170479
-247.59721597235523
-264.04315934454473
-249.70785125335922
-228.49327764736523
-248.73713556116064
-252.33395798676727
-239.73514521096422
-220.81779366390199
-200.71682692477759
-207.20317028643427
-192.92314897385984
-179.44480730514942
-163.56574415993398
-152.75901121718215
-143.21370606577582
-130.81780376744146
-121.21016637858338
-113.63803496627996
-108.17949434171454
-98.43129608290513
-87.30004695669433
-78.75173252736673
-73.69060192254651
-64.63890245547960
-57.86586756002092
-55.56479318057345
-51.61193941836103
-46.30467068592524
-44.50099040809587
-42.70818769408982
-50.84739234538048
-46.40242587411255
-47.04148515416829
-43.73480960706475
-41.81005807756292
-44.74536716554177
-43.17909605314736
-41.61494245558823
-43.30139668521358
-53.38445578069198
-44.69434943774213
-53.97480729544491
-66.95081323199757
-56.85159127857212
-48.10117915131161
-41.77872137809028
-43.99794709105430
-44.22161488648944
-41.81295743672511
-53.65154599999920
-46.31735020140046
-52.85358835964798
-47.49529027443796
-78.40973341488404
-64.33061567223325
-54.78751547979122
-49.02878702135040
-43.24136770541647
-41.88050191171799
-49.62025245063730
-54.62305143913186
-79.94832450199922
-74.28975949850410
-62.27148151691573
-56.01581755392426
-52.72531541057811
-44.84010299928919
-41.32360200138527
-38.31454105064147
-37.35770804746628
-47.31900828962243
-38.54637110736423
-40.88635160455042
-36.18115011071295
-31.49734771894578
-39.85970845374564
-53.30580425132447
-73.09972195444566
-111.03307191600450
-117.43658025543229
-97.50234155208499
-117.96621523467357
-145.02464095462199
-147.42830028050926
-148.65212882575247
-124.23281334920667
-133.92880289542848
-128.63259400660405
-133.22834250238100
-125.70290615903869
-116.85551443915443
-127.11928662996823
-124.23294849744015
-120.98757609768386
-110.32211689668799
-108.45044424173447
-111.44485840627138
-128.39710337749335
-119.46155782052389
-112.93103516452429
-113.40465881624982
-107.53629363337546
-103.26414162087268
-101.24287836866947
-96.40536261271623
-91.97669754504294
-98.07735470614328
-91.66487445129357
-85.05362723140647
-74.30768969763777
-66.85392085129878
-58.00415459740042
-52.20512248509936
-49.77980269613408
-52.66737373163874
-53.73226404923295
-50.96717276648516
-48.96031965771698
-47.09441200954382
-53.78313824787580
-46.51521481347985
-39.73386201197741
-38.82915218459746
-32.82664158538682
-33.18680389857190
-34.88535609220443
-27.96795586923388
-27.95124596991969
-29.19981806786792
-29.94514744520801
-29.63661683110894
-24.50908028098652
-25.58730362092037
-26.24406429064469
-29.32465758770329
-28.53958744954594
-23.44973650334068
-17.54369097843032
-18.46397034221086
-16.49086465028979
-15.97023206055411
-16.66986126477350
-16.75641758856344
-10.30749790953469
-21.79565942287897
-23.03267633488893
-20.90915499224563
-24.14702152129825
-40.69143916006239
-34.60932194214791
-12.23819497263662
-14.27762294786176
-26.72981931491018
-42.39705524887273
-38.04565210194651
-46.05415250062583
-43.82769938986998
-38.32708277366226
-34.18700857577522
-32.03282804700580
-25.07985947782860
-24.45485136124489
-30.00340216720578
-42.15573176073278
-41.47108226638507
-27.84042134033185
-20.19285204123013
-22.35108199171098
-23.87687720976180
-19.45293800894843
-16.03891478328169
-34.51862465051616
-29.81334685294950
-51.52985661339017
-49.36186967182407
-44.46807062098900
-45.86990106294513
-47.77645700159956
-36.63303964052029
-46.10820574845345
-37.44925501445893
-32.89910304518520
-29.60713292861543
-19.72596245784909
-20.32046625510014
-18.52724920405302
-14.58035324488100
-18.75581169101546
-20.61871837151586
-20.49988112093752
-10.96024831056799
-9.08356804132121
-2.62715759859253
4.39329616426637
3.45423966924287
-0.97967811896756
0.02512402569357
10.82358210636815
12.97400559512603
5.68718482179515
11.95829899888454
15.43797276245914
13.02150781805155
12.76801291099193
15.91113588062467
13.59230713368624
4.60925764919758
-1.64207340515645
-1.37346024958525
-6.13412255796385
-26.79997194062340
-29.53915828108126
-27.67012124497536
-22.55447040253380
-19.88669888859748
-24.34620393906956
-31.48895688311200
-30.48209256953191
-30.09356797941620
-31.00406057603349
-32.15453146276930
-29.19281213422466
-5.45884419275322
-7.56292960096736
-13.41200961930204
-10.33620216167007
-19.95784054552843
-20.71224598620658
-17.78929741375789
-13.19757274068894
13.63473908124362
10.41606282893656
11.27454502674417
15.10312544296930
33.70591033140436
32.35008570713441
28.37228602864138
26.27565726998857
24.79745019139881
40.21640263694907
33.48574020230791
33.04674389896392
27.69921501207030
29.31228997626090
23.17107199122427
41.99027499454836
61.94334004992198
76.24568053068081
66.39345677606379
61.20714637242256
54.21215282757399
46.96608998674695
43.84813591189191
41.42291018768933
35.91919847034884
31.77604227310052
33.78076660102038
31.03141234679835
21.12451587319678
18.15170494109511
15.57769077685347
17.24329236567615
41.16029416608255
63.60036420485780
51.96635724441968
49.36367692276276
44.55977869922285
42.18428412502434
40.65595893969101
17.06677641660171
35.83534816256653
39.43058873624555
29.30075707764203
28.20591828730862
25.47849798982025
41.74669646196002
32.50773519231387
34.72159852517720
33.52021687237996
56.43525017424116
50.43692067443906
65.39801741020987
35.70519575094138
54.06678306201364
33.92035510673772
56.79907869477530
43.81663847366472
68.95881242752279
88.89997862787732
72.96967288162394
49.59721391604275
31.42079142640766
50.77526957965017
69.69524750783918
85.01906394314781
97.85692372670820
104.59940883288471
71.93506866202517
53.75377202931485
7.73295518808852
26.70973554126136
13.92486359960017
2.41641694361191
14.40303404861454
2.23316613556886
27.23914417583699
5.38726688648646
19.61968762077183
38.03490545318520
25.48338599876870
41.17687690320967
27.66961119439667
17.89116357296480
31.22275198058106
53.81109938239760
49.08415302098824
37.72612328841161
56.11550266676217
53.97033266928146
40.32613947656834
25.25439759687295
49.74159253556253
73.80167349442642
67.77588426649183
90.22830484197769
102.05097832662109
117.20272884826612
128.33730529282590
137.17196675381120
126.37339283108228
116.85244758093690
104.80387578985626
118.49016721122887
131.69968748732325
147.77908709930787
159.32704773906320
144.91632367920144
132.51211433095335
145.55641015115407
129.09703488550105
144.70920609014553
156.38231005240124
144.63738646109289
157.12062656371685
141.92869410240826
125.20957639192717
138.57825558550036
149.44462570447803
134.39044827984787
148.44931951872880
163.94730487494090
178.82739104975178
158.69950520726488
168.02596829251488
176.87724188999212
164.10210602480095
146.67468282083041
157.69535994557523
163.03360576976127
149.88655026246036
159.82458962660991
167.18096981581829
173.04312198291802
154.88904056292120
167.95623707833460
175.55615160907755
181.78236160402733
167.26542970924692
181.12954915016303
190.21211876345961
195.98588734604189
192.51406028580593
165.53922515678357
174.13994719803682
155.06568266580976
164.93268913858864
135.12889776898021
150.45906320627205
163.85904433041549
171.65393583251151
171.47088684979826
183.10398100956127
148.31410781888948
160.65396880604052
170.74327973579668
174.68568334299627
185.39643438443400
163.78829331412254
126.13131386149317
136.06274387673824
116.28531284522310
108.90241870509041
72.33954413689611
82.85688000582289
77.27365915328460
93.03777493207264
91.45885740062737
88.36644158293963
71.88941150724830
58.84567589201717
48.41427542413869
41.69992679978791
30.25649687175554
15.26139300391138
18.73098111620673
40.42508730034295
38.48966641662005
25.32146693783673
7.10159133331694
3.25714034470663
-3.35274810548759
25.34418259546889
14.93525671139375
7.28154437838547
27.50044486249827
50.91353716668435
46.69301470753565
41.18563071142223
62.51991441532169
40.46781395410716
58.04117325349991
79.10053099397201
94.83000484304006
90.67701878612986
101.69854752655802
95.37764935565245
88.34513440348725
106.16115123148316
96.14479296293580
86.98779817278216
76.99441947724686
64.26449526854958
59.25113010900343
51.56039020155627
41.19802206651522
35.68264271843351
59.87145654285506
74.79423179464017
71.32240715676120
65.38679688936105
64.13600989755429
62.48500633701865
57.76954910632443
56.31874326969948
76.95926126879911
59.02689343636160
54.46683424196142
76.15986629477088
96.60624864926527
113.69055353418787
99.02099582409284
88.36603043268080
82.66694319132456
100.27601803855283
106.61468512166660
100.61289375931224
120.89572179642587
135.16521400183734
146.99807925131284
155.26797342350716
166.35952079262157
171.28532274264032
153.99319891693509
143.31713685162711
131.28425423779677
101.86335810493104
95.26804973937706
113.68466216082457
105.38108419238753
96.28736196717641
85.71593074153957
81.58684884615950
73.35492529186840
95.78594419483045
88.31509951600829
103.33720272492921
95.87474130983426
86.33265227733789
100.19177722710094
117.05684491033367
131.35524528238818
141.34705816837814
154.62644763051031
163.86591461936138
150.55749411992039
121.54840411651882
133.05861598152177
122.67185955847565
112.03579791822678
130.77161546297867
142.80135070257279
128.81051812845311
136.13125322670714
147.45040653097550
155.33156750013811
164.66936865055271
131.73947902906434
149.14315082481619
161.67069977474023
148.49039662972694
159.73275458323528
171.85345844604331
175.00789622923622
183.43091808181808
193.26271087425962
198.28097810157178
201.58021335875503
180.60135887968718
181.73832333583653
189.75680908263223
197.83123916971152
205.08734557034708
166.92295737551839
172.54428969046299
156.51802557722729
164.59699275293076
177.73008694837657
188.74924635492241
198.23832936470029
205.78688503203787
185.47655999457294
160.84636292763273
148.95710223212546
160.38702825344367
140.74525192434407
151.16432105329389
164.71244604481402
174.32473743828839
160.48151234673884
160.80679286089867
146.48477578049864
137.91143784490936
149.24940465589515
136.96789335819918
126.68642955923529
141.15229439360382
153.10277875429057
142.94257930965813
154.25865096519010
166.91157083797998
177.64295598781626
162.31225762810655
149.68465610294845
132.60124950547609
119.87403612263419
110.36156474520634
125.44132997005060
106.50042787682671
98.63899537667919
112.48983737513997
106.40749215816641
98.61285624887293
92.48633716167014
111.75166398979843
125.51436858330406
141.98477487111742
152.48891987207566
140.46317012195550
149.48788115274994
136.58536247252556
112.81879510274489
103.22750805368973
96.66989357932003
89.48158781656105
106.63921334247644
120.53924199915332
107.55646969714012
123.73355969264961
137.62495118281171
124.51590215670444
117.57345322863739
106.10712872263771
97.04137950108883
114.49607982549713
128.28209548509213
138.10908872319510
122.20317790991025
111.46285770554681
105.12543454478779
94.28105715400142
90.37716330069121
88.61615757240803
71.33161019858093
64.71507385611370
60.56545816814474
80.56772660790702
76.53458316806193
92.57737732887296
109.24743113699461
82.61100190074305
63.61860918955083
36.73517283542229
62.74496989469355
85.12331044777297
105.08264285377105
120.05003084127179
139.33613754034320
152.89183901069975
161.39066221240466
165.11970757544378
176.91995827964047
159.90516080660197
147.72313106805260
157.87260660929007
116.56753464152888
132.24881431183792
145.46531796771393
155.58202071571961
164.03219319164498
128.61540665524757
114.14503977525392
105.49373628603448
125.37068560800863
139.01144990327839
123.85654929776463
108.45504751963249
98.43776136243312
109.49159884796565
128.11054350562529
93.73765308497013
106.78032227522277
77.12195767493029
70.64507877289783
53.24740525842709
42.70108578924758
39.00386632554235
55.47319303800796
54.63288550660521
75.88393589968248
69.53948465101051
63.68412988008668
74.80571717826086
88.25849854783709
104.94914106408255
93.46797605772812
87.89543676449003
101.43432540303638
115.64773256102815
126.22954990515962
96.28677770877880
107.88007529421822
123.33247295076042
135.05554563797500
108.86645736113468
122.78962279120714
101.93030368553966
90.14058045267581
64.86220088191203
83.20490545538917
105.43916256523636
88.78145573750128
108.67658895992106
84.83129238910402
98.20961519622401
108.59392472425853
122.89083222928849
129.24142879330944
146.40610161652100
113.44535906611344
131.00919131971645
133.12201969072825
116.45593101371283
129.95786152561317
101.65526949697188
116.17394322446441
87.05280503550222
105.49947983249027
124.69247206778672
129.82696388043161
145.42493792819519
152.39150516922138
138.02394200718075
126.88743298375431
110.89014774253656
85.55153694290310
57.14298601439992
42.34268011593563
38.03422974396026
56.85689629083961
39.34583162126301
20.82505320696777
44.77039115774148
37.02752809100444
50.90722824741403
66.63096051042537
83.33055448867918
73.44762894422422
88.93567924372707
66.63912586064042
87.10791520597451
103.23531194504632
111.50327953067530
99.83566955753412
113.11529542984414
129.42541677600425
127.94249103503101
135.95035137959229
148.34817548553184
118.16131619373306
91.96010066691420
101.52242365325955
110.02402256055602
86.81770380067294
101.86139589031865
115.44306173101124
129.04456046108052
127.45072517939676
138.79769612659422
147.75532116494097
157.24000981335163
169.58893742826919
179.44378551787997
146.68721342165995
149.73295981974385
132.46075807865640
148.04414976578823
160.35237682967360
171.63828701401337
179.94962901224886
188.02575508023708
168.29937780464698
174.49269850528063
160.87870596037664
172.21934399280019
155.11064730719531
138.25298270841984
146.62633015139443
120.90097131684449
134.35896480141665
145.48289056071050
129.74957700415661
143.44032273537567
153.12595303892599
164.21739778430504
169.34969877018762
178.68194136262474
182.03182733074922
189.23207680566853
199.88154457141155
201.56088979200044
200.21144530401799
203.77716325112470
185.93245610613147
184.19360480478187
190.10294794768765
194.68720297678996
149.29203806484790
125.15518275601985
112.24640809169387
125.59451261697583
143.25053364148320
149.46024068023070
164.72225379747545
171.90333206605516
147.49227139765088
156.09414239478380
168.01738196419706
168.27205872060722
176.45933313198213
183.25773315533363
185.73724582439058
192.53969869462932
159.78950185285103
147.85183990183276
157.33458771990180
169.14618611687692
172.79354512918724
178.35208992925874
165.56363808104635
143.96610431025016
151.32184403744009
156.63914352283663
160.28939304206605
169.87257677531068
179.64372507357501
189.01697306077349
194.38409317080811
202.02153561272453
208.26303507504059
190.28983812738286
198.71265912015667
198.59542673952680
207.10497806560841
186.44175310743040
193.73251189380858
200.15409108276282
204.49411048396428
203.08385850572557
183.11577570105644
156.10930445028509
163.67992354409634
174.78856775601562
181.70861109418453
190.72003199958982
164.99749424935601
140.56080954073914
152.33777704836766
160.77816635477660
147.60012882917144
122.67573126158612
97.47251530764443
84.97303715137402
76.50355230319498
49.89297508498355
68.19757600907461
89.83317237206631
100.58668475833611
94.21339001335379
111.57857014108221
93.46051469369165
75.82133047800536
55.56367776436356
65.43842213654131
76.25996060196562
94.01486701564218
102.14634293230478
94.48089122273919
71.03621379826288
61.74381760459392
84.11986808486193
72.90667645895216
62.07481784515596
77.59592801266372
99.82227894564075
109.01036077929642
94.97272534388394
71.55885084115820
67.24396078570697
86.64148281200035
76.01446142117875
83.97831514610169
104.12600437580076
122.86737279243701
101.56212952651043
119.54432660685534
133.01637367893755
114.84064954522292
130.90284189955406
144.79467882722474
144.26966846668520
128.19172568146698
142.84942954220023
155.34551192166850
163.53411406684964
128.59769014941344
143.03257025814872
154.57321508819604
168.15464157744640
147.93098323365021
139.22725825578053
149.59229257950872
162.23822153891271
166.05170468868954
168.21641156479853
150.07011213293100
153.76662848114475
163.77013835034776
172.45140207839111
185.67895948160520
170.87651342442058
180.59861845682624
193.20589811201282
200.64457578318292
203.77978114071948
176.52290763865929
184.12983440643018
190.39076861048525
188.13209464140860
161.32414959024979
141.42547643154472
142.09260699679007
153.47594498928771
140.31175558113230
151.91332031917040
162.65775918586883
141.03379900960968
154.56350854467343
163.69308191266967
148.22421059882987
154.77067157070164
161.81219889179124
133.37942475152482
120.29912463599240
133.48415670206322
108.18847662016152
101.42817600747155
115.39721033474858
127.45115489239613
137.03970470755743
122.90723188856414
106.95829441156150
119.10254919362529
104.12328131962992
94.04390223291935
113.13542495834319
127.03405349919224
116.50468742463877
111.35798225669217
121.19137015037060
125.89898418377932
107.86367817074604
120.23899877477317
132.71265717742818
123.05538067922031
115.24055064992432
106.59956949484416
94.05351534645543
82.99092920744590
75.89785985439364
52.62828502995043
43.63677134236508
36.50200210491585
60.95498965302541
58.93973661313544
70.41859132751499
64.14010699043098
49.42852078303817
42.46288686987762
61.39020985522914
53.98851170431870
50.15885448654361
37.73966670745970
34.80330278477435
50.53452126920527
44.63818231181410
36.56975526865125
15.40795473857017
11.53117677957236
32.01567048968515
51.87035966873236
45.04747008953757
62.68910313080376
55.94626541591312
74.93188775611722
83.76474203410088
73.82686925544860
59.51543239113485
69.63526838957338
64.59496450149477
58.04078335491742
52.54200289720013
69.81662483623052
84.62611780482857
74.85068455405504
94.51426567940705
111.88449813536812
99.34691699265343
107.94608746094373
120.24773201209167
134.37117192730449
115.37490331459480
103.10471066263398
114.77577639296833
123.30828311488530
130.50116793398763
143.77273679179618
129.22032305440831
116.51206354556885
100.92156234196123
78.44184811621160
93.79891277458030
104.30914327765367
116.30008102358130
129.90709160814103
139.18287523454933
123.35344017832719
135.13160831670334
116.42289850798944
107.70454417800370
116.28372170822436
99.82505844036397
111.62189158269378
99.95128158768111
111.41894452902278
123.82802315812083
113.31151581751521
129.74434791985655
142.14348984724180
144.85101655736463
153.57457800273170
139.14342982304217
150.42431820759211
132.90678333053341
145.98345881497539
133.58702035988367
147.52665797702861
159.38633772141137
170.05454027920126
156.68603259148074
141.97879453994733
147.02384783560606
158.17349325099812
165.69603275778834
145.12762444216031
150.91526672895628
138.32435343186057
121.55283244761615
134.54901045286894
139.23166554646133
121.28355713739053
94.62592239116954
82.71964640282569
69.75243493485902
44.19812716711753
24.47061350806823
17.53829326874285
7.27360747105355
31.70059129371099
16.48333724051202
34.92101344223435
54.53586219007719
38.06035419647891
21.83635260249058
10.53240746465943
37.48609341277404
17.78024451857570
32.74355167781628
48.65986062670270
29.96233036310573
44.23902205676841
64.01947824135719
75.29740308639445
91.55040525218523
102.83606587490739
111.92031886705229
91.25874969871944
74.48642289474458
82.62591064753171
68.49915694612157
79.91049450318299
70.83188095939330
88.06796063239405
107.33905923453040
84.51233491054646
60.20296827114481
71.84137268371654
91.88469463336293
84.84558572349157
75.63002092207333
90.77336444719143
62.32135226208221
77.56370741040757
96.78256846287357
89.56235657075440
109.97994044691058
88.99624647174832
106.49777651536866
88.43831313145704
77.84546786944220
88.07976836540030
77.85872511949069
57.50406956315393
78.14467387627003
89.66305219001481
103.81653967747610
109.25048253023731
116.44465377538909
131.02266474286947
136.41273962792181
141.72974051929000
123.94304533072635
130.19135638489564
108.56527400241177
86.74031199541551
105.11941639725205
81.63862240618749
63.42075661158554
75.09099090679403
70.01787256271984
87.15480393260452
63.71154651800333
80.93855145607013
93.09752953339782
107.83669477964018
127.55974022199676
142.12921205071191
113.07923201287792
122.07723190891885
133.80224482406260
142.94883981236464
153.51738785118189
160.75065615150518
171.08879388464408
179.26589218157196
180.45763984446063
186.48041361574982
194.63636154517644
193.78417523099989
197.31709509896211
201.60366216151294
