-10.00000000000000
-8.00000000000000
-5.30000000000000
-5.27000000000000
-5.24300000000000
-5.51870000000000
-5.66683000000000
-5.20014700000000
-4.78013230000000
-2.70211907000000
-3.03190716300000
-2.02871644670000
-1.52584480203000
-1.17326032182700
-1.65593428964430
-2.39034086067987
-2.95130677461188
-3.05617609715069
-1.05055848743562
-1.24550263869206
-1.92095237482286
-2.92885713734057
-1.53597142360651
-2.28237428124586
-2.65413685312128
-1.18872316780915
-1.76985085102823
-2.59286576592541
-3.23357918933287
3.18977872960042
2.07080085664038
3.36372077097634
2.32734869387870
1.49461382449083
1.44515244204175
1.90063719783758
2.51057347805382
1.65951613024844
0.69356451722359
-0.07579193449877
-0.66821274104889
-1.60139146694400
-1.04125232024960
-1.03712708822464
-0.93341437940218
1.75992705853804
1.18393435268424
0.36554091741581
-0.47101317432577
-0.52391185689319
1.92847932879613
2.43563139591652
1.39206825632486
2.65286143069238
1.98757528762314
1.48881775886083
3.43993598297474
5.59594238467727
5.03634814620954
4.53271333158859
2.97944199842973
1.88149779858676
3.79334801872808
3.01401321685527
2.01261189516975
1.71135070565277
2.64021563508749
1.27619407157874
0.04857466442087
-0.25628280202122
-0.93065452181910
-0.83758906963719
0.04616983732653
0.14155285359388
-0.77260243176551
-0.79534218858896
-1.51580796973006
-0.96422717275706
-1.06780445548135
3.03897599006678
2.13507839106011
1.62157055195410
3.25941349675869
3.13347214708282
2.52012493237454
1.96811243913708
0.87130119522337
1.08417107570104
1.17575396813093
0.45817857131784
-0.08763928581394
-0.47887535723255
0.56901217849071
-0.18788903935837
-0.36910013542253
-1.33219012188028
-2.29897110969225
2.93092600127698
2.13783340114928
1.72405006103435
2.25164505493092
2.82648054943782
2.84383249449404
1.85944924504464
1.97350432054017
1.47615388848616
0.42853849963754
-0.41431535032621
0.82711618470641
-0.45559543376423
-0.71003589038781
-1.73903230134903
-2.26512907121413
-1.83861616409271
-2.45475454768344
-2.70927909291510
-2.83835118362359
-3.05451606526123
-2.64906445873511
-3.28415801286160
-2.95574221157544
-1.86016799041789
-1.77415119137610
0.80326392776151
0.72293753498536
-0.04935621851318
0.45557940333814
0.01002146300432
-0.79098068329611
-1.31188261496650
0.51930564653015
1.06737508187714
0.96063757368942
0.26457381632048
0.73811643468843
3.96430479121959
3.46787431209763
5.22108688088787
4.59897819279908
4.43908037351917
4.29517233616726
3.86565510255053
6.07908959229548
6.67118063306593
5.40406256975934
7.66365631278340
7.09729068150506
8.58756161335456
10.22880545201910
8.40592490681719
7.36533241613547
6.12879917452193
7.01591925706973
9.71432733136276
8.14289459822649
7.32860513840384
10.19574462456345
9.37617016210711
8.33855314589640
6.60469783130676
5.04422804817608
6.73980524335847
7.46582471902263
8.11924224712036
8.10731802240833
13.69658622016750
13.72692759815075
11.95423483833567
12.75881135450211
14.48293021905190
12.93463719714671
19.24117347743204
16.91705612968883
18.12535051671995
16.81281546504796
18.43153391854316
17.58838052668885
14.92954247401996
16.03658822661797
15.73292940395617
15.85963646356056
13.97367281720450
15.67630553548405
19.10867498193564
17.49780748374208
16.94802673536787
16.05322406183108
14.24790165564798
14.32311149008318
12.99080034107486
12.99172030696738
15.69254827627064
13.12329344864358
11.81096410377922
13.12986769340130
12.71688092406117
19.14519283165505
19.33067354848955
17.69760619364060
15.92784557427654
14.83506101684888
17.75155491516399
19.87639942364759
17.58875948128284
21.82988353315455
18.74689517983910
21.57220566185519
20.51498509566967
20.96348658610270
19.46713792749243
20.62042413474319
20.35838172126887
18.42254354914199
19.58028919422779
20.22226027480501
21.60003424732452
18.94003082259206
19.24602774033286
18.02142496629957
20.11928246966961
21.40735422270265
19.36661880043239
17.02995692038915
16.12696122835024
17.71426510551522
23.14283859496370
21.92855473546733
22.53569926192059
24.98212933572853
25.18391640215568
24.76552476194011
28.58897228574610
26.23007505717149
29.70706755145435
30.03636079630891
33.53272471667802
33.47945224501021
32.73150702050919
32.95835631845827
29.26252068661245
31.03626861795120
35.73264175615608
32.35937758054048
30.92343982248644
31.03109584023779
27.82798625621401
31.04518763059261
29.74066886753335
28.16660198078002
24.54994178270201
22.59494760443181
19.53545284398863
20.18190755958977
24.56371680363079
25.90734512326771
25.71661061094094
23.84494954984685
24.86045459486216
30.37440913537595
28.83696822183835
27.55327139965452
28.89794425968907
29.30814983372016
38.57733485034814
38.91960136531333
37.02764122878200
34.02487710590380
31.22238939531343
33.90015045578208
35.81013541020388
41.42912186918349
48.98620968226515
45.48758871403863
45.53882984263477
45.28494685837129
41.25645217253416
42.03080695528075
48.72772625975267
45.35495363377741
41.01945827039967
41.51751244335971
37.96576119902374
40.06918507912136
40.96226657120923
40.26603991408830
37.13943592267947
35.02549233041153
38.82294309737038
39.64064878763335
38.47658390887002
51.72892551798302
51.35603296618473
58.92042966956626
52.22838670260964
55.70554803234868
51.33499322911381
48.80149390620243
45.82134451558219
47.53921006402398
44.28528905762158
46.45676015185943
48.31108413667349
52.97997572300614
49.78197815070553
53.20378033563497
63.48340230207148
60.13506207186433
61.02155586467790
55.11940027821012
55.40746025038911
49.76671422535020
55.19004280281518
50.57103852253366
63.81393467028030
62.23254120325228
61.10928708292705
68.99835837463435
84.39852253717092
85.65867028345383
82.09280325510845
75.88352292959760
82.89517063663786
75.90565357297407
83.81508821567667
93.83357939410901
120.15022145469811
115.43519930922830
119.09167937830547
128.28251144047493
121.45426029642745
159.30883426678469
