-10.00000000000000
-8.70000000000000
-6.83000000000000
-7.14700000000000
-6.83230000000000
-6.44907000000000
-5.20416300000000
-4.68374670000000
-2.81537203000000
-2.83383482700000
-2.45045134430000
-1.90540620987000
-1.41486558888300
-2.07337902999470
-2.76604112699523
-2.78943701429571
-3.61049331286614
-4.34944398157952
-3.61449958342157
-3.45304962507941
-0.80774466257147
-1.72697019631432
-0.65427317668289
-1.38884585901460
-2.04996127311314
-1.34496514580183
-1.01046863122165
-2.00942176809948
-2.70847959128953
-1.63763163216058
-2.47386846894452
-1.12648162205007
-1.21383345984506
-1.29245011386056
-0.56320510247450
-1.00688459222705
-1.90619613300435
-2.41557651970391
1.22598113226648
1.30338301903983
1.87304471713585
1.38574024542226
0.34716622088004
-0.78755040120797
0.09120463891283
-0.71791582497845
-0.84612424248061
1.43848818176745
0.19463936359071
-0.52482457276836
-0.87234211549153
-0.78510790394237
0.59340288645186
2.03406259780668
1.23065633802601
1.40759070422341
0.86683163380107
0.48014847042096
0.13213362337886
-0.48107973895902
-0.83297176506312
1.55032541144319
1.69529287029887
0.72576358326899
-0.34681277505791
3.18786850244788
3.86908165220309
8.08217348698278
6.07395613828450
5.36656052445605
5.52990447201045
9.67691402480940
9.30922262232846
8.47830036009562
8.83047032408606
8.74742329167745
8.97268096250971
7.37541286625874
12.73787157963286
10.66408442166958
9.19767597950262
7.37790838155236
7.14011754339712
5.92610578905741
4.33349521015167
2.90014568913650
4.91013112022285
4.21911800820057
2.99720620738051
1.79748558664246
2.51773702797821
2.06596332518039
1.05936699266235
0.45343029339612
-0.59191273594350
0.46727853765085
0.02055068388577
-0.38150438450281
1.75664605394747
1.48098144855273
0.73288330369745
0.95959497332771
0.46363547599494
0.61727192839544
0.65554473555590
1.28999026200031
1.36099123580028
0.12489211222025
-0.38759709900177
-1.34883738910160
-1.11395365019144
-1.70255828517229
-1.63230245665506
-0.76907221098956
-1.79216498989060
-2.51294849090154
0.93834635818861
0.34451172236975
0.61006055013278
0.24905449511950
0.32414904560755
-0.90826585895321
-1.41743927305789
-0.77569534575210
-0.09812581117689
0.51168676994080
0.66051809294672
-0.50553371634795
-0.75498034471316
-1.27948231024184
-2.25153407921766
-0.92638067129589
-1.43374260416630
-2.09036834374967
-1.08133150937470
0.32680164156277
-0.40587852259351
0.03470932966584
2.03123839669926
1.02811455702933
4.22530310132640
4.40277279119376
3.86249551207438
4.27624596086694
2.64862136478025
1.98375922830223
1.48538330547200
1.93684497492480
2.04316047743232
1.83884442968909
1.05495998672018
0.54946398804816
0.59451758924335
2.63506583031901
5.17155924728711
4.45440332255840
3.30896299030256
2.27806669127230
1.45026002214507
0.60523401993057
3.94471061793751
2.55023955614376
2.09521560052938
0.88569404047644
2.69712463642880
3.32741217278592
2.89467095550733
2.80520385995660
2.62468347396094
4.76221512656484
3.88599361390836
3.79739425251752
5.11765482726577
5.50588934453919
4.35530041008528
5.11977036907675
5.60779333216907
7.04701399895217
6.34231259905695
5.20808133915125
6.28727320523613
7.35854588471252
8.22269129624127
7.50042216661714
6.65037994995543
6.08534195495988
4.47680775946389
6.12912698351751
4.81621428516575
3.73459285664918
6.56113357098426
5.20502021388583
5.48451819249725
4.13606637324753
4.02245973592277
2.82021376233050
2.13819238609745
3.42437314748770
6.38193583273893
5.84374224946504
4.65936802451854
4.59343122206668
3.53408809986001
2.18067928987401
2.66261136088661
4.29635022479795
3.06671520231816
4.86004368208634
4.57403931387771
8.31663538248994
6.98497184424094
6.48647465981685
6.23782719383516
4.91404447445165
8.62264002700648
8.86037602430583
6.97433842187525
5.37690457968773
6.43921412171895
6.29529270954706
6.46576343859235
6.61918709473312
6.15726838525981
5.44154154673383
4.79738739206044
4.41764865285440
5.07588378756896
4.66829540881206
3.80146586793086
4.02131928113777
5.31918735302399
5.78726861772159
9.40854175594944
7.96768758035449
6.77091882231904
5.89382694008714
9.10444424607843
9.99399982147058
9.79459983932353
11.61513985539118
12.95362586985206
11.55826328286685
11.30243695458017
10.97219325912215
9.57497393320994
8.01747653988894
10.41572888590005
9.27415599731004
8.84674039757904
9.26206635782114
11.53585972203902
14.48227374983512
15.13404637485161
14.32064173736645
12.98857756362980
13.18971980726682
11.97074782654014
11.37367304388613
10.33630573949752
11.60267516554777
12.84240764899299
13.95816688409369
15.96235019568432
17.46611517611589
15.91950365850430
15.32755329265387
14.09479796338849
16.18531816704964
18.56678635034467
18.41010771531020
24.96909694377918
23.17218724940127
25.75496852446114
24.97947167201503
25.88152450481353
26.49337205433217
25.14403484889896
25.02963136400906
21.92666822760816
21.43400140484734
24.99060126436261
24.19154113792635
22.67238702413371
23.80514832172035
24.02463348954831
26.12217014059348
28.50995312653414
32.25895781388072
34.53306203249265
34.17975582924338
31.06178024631905
32.15560222168714
34.24004199951843
36.31603779956659
37.98443401960994
49.78599061764894
45.40739155588405
41.76665240029564
37.38998716026607
34.85098844423947
35.16588959981552
38.74930063983397
38.17437057585057
45.05693351826552
41.75124016643897
51.27611614979507
60.34850453481557
57.91365408133402
51.22228867320062
48.60005980588056
45.34005382529250
43.60604844276325
40.14544359848692
36.73089923863823
42.25780931477441
43.13202838329698
56.21882554496729
55.59694299047056
53.03724869142351
49.63352382228116
53.37017144005304
47.83315429604774
55.44983886644297
54.40485497979867
57.86436948181881
57.97793253363692
54.88013928027323
52.69212535224591
61.32291281702132
62.69062153531919
56.22155938178727
57.19940344360854
61.57946309924769
60.62151678932292
62.25936511039064
62.13342859935157
56.62008573941642
65.45807716547478
61.61226944892730
56.25104250403457
52.32593825363112
53.79334442826801
56.11400998544121
80.50260898689709
85.45234808820739
84.40711327938665
78.56640195144799
80.70976175630319
74.23878558067287
73.71490702260559
67.74341632034503
75.76907468831054
70.79216721947948
73.71295049753154
70.74165544777838
67.46748990300055
95.62074091270050
96.35866682143045
88.52280013928740
80.87052012535867
80.98346811282281
94.38512130154052
96.84660917138648
98.36194825424784
118.02575342882305
118.62317808594075
131.06086027734668
130.15477424961202
142.93929682465082
132.94536714218575
140.85083042796720
135.86574738517049
131.07917264665346
136.57125538198812
138.51412984378931
124.56271685941039
118.90644517346935
109.91580065612243
108.32422059051019
102.29179853145918
95.16261867831325
86.64635681048193
89.58172112943373
82.02354901649036
74.42119411484133
67.57907470335719
77.12116723302148
78.20905050971933
79.68814545874740
93.61933091287267
102.25739782158540
97.33165803942686
110.29849223548418
111.86864301193577
111.28177871074220
145.85360083966799
174.86824075570118
185.48141668013105
195.83327501211795
206.84994751090616
194.06495275981555
179.85845748383400
171.67261173545063
185.40535056190558
200.76481550571503
190.48833395514356
184.13950055962920
