-10.00000000000000
-8.00000000000000
-6.50000000000000
-6.65000000000000
-6.78500000000000
-6.80650000000000
-4.02585000000000
-4.12326500000000
-2.61093850000000
-2.64984465000000
-2.68486018500000
-0.11637416650000
-1.10473674985000
-1.09426307486500
0.21516323262150
-0.50635309064065
2.34428221842342
2.00985399658107
1.00886859692297
1.40798173723067
1.56718356350760
4.31046520715684
3.17941868644116
2.56147681779704
4.30532913601734
3.57479622241561
2.71731660017404
3.84558494015664
3.86102644614098
4.17492380152688
2.95743142137419
1.76168827923677
0.78551945131309
-0.19303249381822
-0.97372924443639
-0.57635631999275
3.08127931200652
2.27315138080587
1.74583624272528
2.27125261845275
1.94412735660748
2.34971462094673
1.51474315885206
6.66326884296685
6.19694195867017
4.77724776280315
6.79952298652284
5.71957068787055
4.54761361908350
4.89285225717515
4.00356703145763
2.80321032831187
4.72288929548068
6.25060036593261
4.82554032933935
5.04298629640542
4.63868766676488
3.87481890008839
3.08733701007955
2.77860330907160
2.50074297816444
4.35066868034799
3.51560181231319
4.26404163108187
6.23763746797369
4.91387372117632
4.12248634905869
2.81023771415282
2.62921394273754
5.86629254846378
4.87966329361740
5.09169696425566
6.68252726783010
5.61427454104709
6.25284708694238
5.12756237824814
5.11480614042333
4.00332552638100
2.60299297374290
2.34269367636861
1.20842430873175
3.18758187785857
2.86882369007271
1.38194132106544
2.44374718895890
1.39937247006301
0.65943522305671
2.69349170075104
3.02414253067593
2.92172827760834
5.32955544984751
4.39659990486276
3.15693991437648
2.44124592293883
5.59712133064495
7.73740919758045
7.86366827782241
7.17730145004017
7.25957130503615
8.03361417453254
9.03025275707928
9.02722748137136
12.52450473323422
12.97205425991080
15.77484883391972
16.59736395052775
15.13762755547497
16.72386479992748
19.75147831993473
20.97633048794126
18.97869743914714
20.18082769523242
19.36274492570918
20.12647043313826
22.61382338982444
28.15244105084199
29.23719694575779
26.01347725118201
24.71212952606381
28.64091657345743
27.37682491611169
29.43914242450052
35.29522818205047
33.56570536384542
34.20913482746089
31.38822134471480
30.64939921024332
28.18445928921899
26.36601336029709
28.72941202426738
27.45647082184065
30.61082373965658
34.34974136569092
33.51476722912183
42.16329050620965
41.54696145558869
46.59226531002982
50.43303877902684
54.18973490112417
56.67076141101175
74.20368526991058
77.48331674291953
76.73498506862758
79.26148656176483
78.53533790558835
81.88180411502952
73.99362370352657
69.09426133317392
82.28483519985653
77.35635167987088
73.72071651188379
77.14864486069541
108.43378037462587
111.89040233716328
128.90136210344696
142.21122589310227
172.59010330379203
160.23109297341284
154.80798367607156
150.62718530846442
149.16446677761797
147.74802009985618
144.87321808987056
180.38589628088351
