-105.41139618203064
-138.27770912584319
-126.08072258120956
-155.92051989749370
-152.74527395414421
-193.02237837465125
-234.16669793634506
-276.10569055509535
-253.25966800115111
-433.63283638143616
-440.82181445988670
-553.27212040891004
-604.18094771702636
-689.73357794287563
-668.53548399118176
-656.43614056348054
-665.31459331433962
-627.43803711621342
-639.00719381642296
-639.30709863680875
-628.79138630891350
-610.55453103375748
-605.46995059647804
-731.00457223099590
-695.15879732266114
-891.34236220959190
-880.11058142786158
-839.19522590608301
-801.61861928608937
-805.32945798789069
-786.15030707689914
-754.20166784589685
-720.75500578856713
-699.53076593630715
-684.09115233148464
-707.64804069471188
-714.95027305053759
-694.66748325130243
-690.26542038051093
-665.18244837516886
-662.88584293954682
-711.16725817410861
-714.51331343500351
-728.15620478428605
-740.98268706930048
-760.46357941306462
-750.77585354912435
-748.94332681492926
-827.15512460141167
-786.15902429004836
-824.33131166557905
-855.55545188638791
-848.35782938335524
-840.71866807882077
-823.17461524603709
-824.33316352558882
-825.92458182724488
-801.84471438187757
-778.26275038836764
-899.48631061967262
-853.58289209313398
-953.96083081245160
-919.67869706250235
-879.29705112542717
-836.62732192606347
-863.56925235890435
-847.99080428175205
-826.19982571412652
-773.04606538719554
-801.48743281956536
-776.32602246851138
-727.90915535770569
-706.62130430094612
-691.40122341038989
-687.04215959421356
-667.90103897735969
-647.78095852925856
-635.16576328592100
-633.78116437894573
-647.36839215758880
-642.74419491988226
-618.26897131302314
-605.83712326632860
-601.49849247730594
-591.11702464925895
-608.99012442320941
-633.07662279491467
-651.96593801757660
-618.83583942417272
-593.98694344212777
-556.17533972601484
-547.03489238014856
-513.69081946982681
-505.93418859549666
-478.96647121218678
-453.28455720012448
-444.52212295329912
-426.87158594650839
-397.18440419917914
-391.69480518284826
-359.61841333817966
-357.26146355882054
-335.49771024248867
-323.31630164359103
-304.17324796490260
-287.26206812820249
-253.17006152694896
-251.27000603030075
-247.54105669327348
-243.31227034226526
-233.71760465967492
-246.76811215981763
-232.18489264930253
-221.81580710145022
-214.52864938016992
-206.76981384322940
-210.05064318423945
-216.83819667888326
-206.39498481197052
-197.68837024473041
-201.59816273168934
-209.16559129667229
-208.35229566029091
-225.17305927800325
-221.76395902619004
-209.61673459127275
-201.92946645955698
-194.91789510576771
-189.73878599214365
-204.20768039157869
-225.52113157409741
-217.49098294836935
-207.03078563225654
-199.12631362200585
-199.78165357269904
-189.88833527594568
-186.89160565829866
-180.57807602066890
-177.05899572642033
-172.97288506536702
-182.42960316534246
-172.22387077959974
-173.88528716545400
-166.61285917804889
-160.33874729689677
-154.87822541423824
-150.27755092758451
-155.11548092187749
-154.31738419419096
-145.32725499186881
-141.02315106546962
-141.83028854260215
-143.79380470090578
-149.43898660462364
-163.75534908883071
-166.81245652396430
-163.87155896582905
-157.06484878506109
-157.22831681450279
-156.04719699687632
-145.69394446987712
-155.56662307369754
-150.30125219904571
-151.16070546753605
-141.40687160528609
-140.73596026997498
-136.04160474605700
-131.64774986298397
-127.75206029676488
-134.00546179230545
-151.07463356970391
-156.71973045157770
-152.75120119541796
-146.48080221183366
-144.57576273259224
-138.38986442880559
-137.29024024117152
-134.50773442024183
-153.62997026161443
-147.63633852333072
-157.12318110450275
-152.03821594633629
-154.79018754200229
-168.76822881747071
-170.98652101389871
-157.29843669880785
-152.74520800989254
-167.00922328069052
-189.31160864205413
-195.13588873233354
-187.59087934485973
-182.19035708821164
-180.56246919108318
-190.92228453952313
-193.62905308924331
-200.63018523988359
-193.64650669890332
-230.62156863143039
-289.93920254402110
-283.61874247783231
-307.24426614372044
-299.03331993244109
-318.07942544278075
-329.54977930351475
-338.80297696091594
-327.06313818699857
-358.97132482791824
-354.46058198371423
-325.19402882775069
-335.77697351890424
-349.41386480720001
-326.43028112043413
-329.25258201422440
-323.29756436936316
-299.07561478441107
-294.57298103957532
-289.13623959842857
-266.78621421345292
-250.10494901623937
-228.35043066697571
-236.64963428031098
-222.25610362114210
-235.10747811037598
-208.31046827479986
-200.07253192383965
-183.26925276423518
-194.60635037569170
-178.22480945725016
-166.42997196437480
-150.61596877471410
-144.08537565386456
-133.98847923072691
-124.22547199232734
-122.15398658389319
-126.83080613673485
-115.61828377197442
-123.73726108835689
-125.24288510901994
-118.21107872900151
-112.51811857960476
-106.78375243852672
-106.66149038122893
-95.93210781891926
-98.47388804424992
-89.19858141465170
-84.71310023098748
-87.35923232175180
-85.92517344922392
-83.12801463818849
-84.08453409745746
-77.24755034293432
-73.82343400649539
-69.91177726557235
-67.32586383942078
-63.03242666025096
-72.83688308762686
-69.42264440711736
-66.60105942009038
-65.53505569202167
-67.05271679279423
-66.46104236483134
-79.96117612476189
-79.68259195073405
-78.27442819913156
-77.51818350807611
-80.25151852486837
-73.03870943689715
-75.84388254406338
-74.57349503997600
-73.84955820926095
-72.18834154514661
-66.09115275806718
-58.42399568278994
-50.64764716443561
-62.36074324803187
-85.51408721313855
-74.78777818384789
-76.09156329596263
-96.60737001339322
-93.79487052948896
-98.19167221926034
-93.93965113321349
-91.31301978344258
-113.71615797230926
-112.95621309110862
-100.37580970905179
-98.82681205367450
-89.03433362123758
-79.30273352335173
-77.47423637795944
-71.70549357085947
-65.32216538698317
-57.48466898007036
-74.54646659226559
-70.54440699601138
-63.24618878112129
-53.79249296261923
-48.15431444847866
-44.84314124672937
-40.22575582153836
-38.57820735521697
-39.22134399026557
-35.73654157085350
-34.86361372697243
-39.12871753202125
-43.56507494967021
-48.20420931525013
-47.94760525949256
-56.34831967323428
-60.47577494018611
-83.32380268547919
-89.59397357367041
-106.93161752671634
-112.39237760727706
-114.91296209676702
-123.57310616195790
-136.45657208768716
-151.93932047671967
-170.44300774820857
-172.01620417172171
-167.21425748950702
-168.70352825311201
-174.38547439928269
-170.11129283595324
-178.21727342095471
-199.07743592904001
-208.77592282424513
-234.90445897932202
-224.73068231122753
-233.11996827635767
-260.07620911527829
-275.17051200160734
-291.83170861625013
-293.08141066110898
-295.35428236968818
-287.89171034563157
-299.36425171892671
-309.90401074681387
-302.54720594512008
-286.97295965449962
-295.38604986278199
-277.31175360691202
-281.39698538410056
-283.02869000844453
-265.73493827390405
-255.10863332636811
-238.23036116468904
-223.54238276543228
-224.65450049259499
-235.04538005925224
-222.96273941942857
-254.65942898997832
-267.46358687074672
-247.29809401522436
-256.52983446390499
-251.54057113307670
-236.90045943335028
-231.66492518325083
-230.71164202752144
-255.43658512856103
-235.46694466907675
-251.89307502948014
-236.76554915524517
-218.96206802960040
-216.55374839901850
-205.64724848864870
-193.18769090523182
-186.12208279244373
-191.35948403377822
-179.29219966027162
-170.55820628815519
-161.30005841602616
-152.66437217842719
-156.05778095484231
-149.66694102278615
-135.36405482985370
-131.69699720703107
-127.42750719136890
-120.25499959469303
-113.90952773333075
-115.58295506640762
-124.59796046874357
-116.09513155660956
-100.38308449290599
-92.26797489025874
-84.92944282783949
-76.40260148178797
-76.44309538940661
-73.35684731808993
-65.05729739456834
-61.58077729576674
-51.29701556122905
-48.58916709316306
-50.12450022173697
-52.13680843425487
-52.57024269803793
-51.98053414330636
-49.66282602291573
-43.63487372453101
-38.85494191552873
-41.24384126165414
-42.38698603915354
-46.75743576017335
-65.03675068103004
-70.94098706926400
-74.53927570852470
-82.33798728913122
-83.08953513184262
-80.51831591057777
-86.11787197866177
-88.91065674639448
-104.27951904762027
-108.72145374401302
-104.44477222533723
-95.71070768847952
-98.68094215907038
-102.01581492759243
-110.60124379522765
-111.43876994125108
-110.38505583953902
-94.44298327521756
-92.81994776710782
-253.90450828446984
-304.00684432998736
-276.62470004025090
-330.68090275387789
-299.85255633427852
-257.70516163383098
-242.55087035176379
-225.43411494497377
-219.41913515083618
-209.87444689056451
-209.77958351172191
-164.45476135294498
-149.34015270940040
-134.14068645406658
-121.86094495188395
-120.67655597571395
-112.97477859015362
-85.36008224692959
-77.39675125460228
-74.53577127897937
-62.02790880374437
-53.09529598001818
-46.24625342679447
-46.07539911879275
-42.39027610576192
-38.30443379090811
-31.70757350056999
-28.17183756506255
-23.84011785173691
-25.56816452596713
-27.57263126624624
-27.66061546328989
-31.02066853861615
-39.93304847433224
-50.85173609942136
-53.55077718791203
-51.30673211417820
-22.54809690025223
-26.88052449472080
-29.72591610886836
-42.45564418150745
-19.27573722272771
4.50383493441683
20.40613516420940
17.42616100884110
17.62521474292488
12.50601600316160
13.24944789409802
6.85836010754260
-9.53055579899994
-20.07049437400327
-27.00080360741153
-23.69363200621272
-0.81831110332476
15.04786481511114
11.12206618012077
14.66057566311494
-1.91440279147120
-1.87704486171294
-15.95115765315218
-25.20438531477590
-21.68908133778992
-28.63137429512863
-44.32017143060835
-57.43200848022519
-62.59816657601461
-33.30553338767547
-37.40091426754240
-77.69842556670767
-61.94928984829814
-38.81570126107887
-34.87831689802191
-34.34720032674566
-14.66765575162720
-13.96724304291028
-10.24463610615212
-7.23398053265580
-2.31846238644886
-5.11875666457992
1.10683541819567
4.41339621908723
8.82191496488230
6.52611445468791
26.98129402636150
23.04549428442497
24.72865644617890
25.40125589956707
21.08227370318126
20.13037850864560
19.15667892156816
19.90193928038498
19.94403893834415
18.18101551064256
16.20653430078436
16.04644755720487
-3.34991237548166
-3.36946178412429
-3.69081180112936
-0.09104493521630
0.56259517169420
4.33983266091349
2.09647696385474
2.72960658277213
6.32351372480083
7.49410544135108
10.00567388631348
11.48799875241582
-3.27002311604000
-3.65941150985632
-11.01069148066454
-6.60616837820663
-3.51801397730334
-2.93721965298685
-6.63671657362121
12.44822727089554
-1.60530011859336
20.83302485862654
7.52604600574471
33.25487045141684
44.25332810664368
42.94747675468746
38.41458738012489
37.20324304172687
29.45245821035772
32.49837238465100
32.57037662251010
20.29872223223602
18.63713919078981
40.98799550017349
32.52101569861526
6.20449864524976
20.58997829014295
17.71870065913589
18.52659546873588
1.21675243261574
2.04789621400488
15.94981832671865
27.37264239528248
18.52446869617937
25.77277674126400
42.39597120749751
58.50055370626457
29.57854825011782
46.14034174565191
58.39364555535498
37.32926965739594
13.69314998311556
30.44820234726056
40.47533664850653
14.84813553198468
32.43549248043365
48.90745119072204
34.19099568241334
39.06367277023345
20.08801513124708
-2.88047909266809
-17.01417042628816
-39.20461437496401
-32.04944721444745
-13.34489874644863
6.82898172732585
-11.25992326224975
9.04390534136101
30.33841883459925
10.92619582761154
20.92436371958060
40.04810854385091
49.63359587693066
21.59067995672932
43.74419897375492
14.63971836468209
-3.04170693909276
10.78742936355893
28.64690236369290
48.11048156300166
65.47999269174429
49.71843700678486
31.13744156600097
45.68558829477124
62.10878438546195
45.98735825684252
49.87165731448703
47.17534448728873
61.68691386585291
47.44604998185119
34.27769300871438
2.69930649280003
16.85987409886349
6.63450395737217
-17.85613896702105
-25.05631787066532
-10.80576603167077
-34.22543196673428
-18.18301486462126
-0.13820604968611
-14.39608952843770
-29.38823379374999
-7.77309107194472
-24.38456625646432
-31.23303661374625
-40.29877341449431
-50.37583830369162
-55.16061581633173
-51.57327754033906
-51.39576498010986
-48.49847517062613
-45.58989038146227
-46.50690949474548
-46.59596466188621
-45.13717057903979
-40.52019566431185
-41.51595477941164
-20.61133983483867
-21.60887243524813
-24.55248197044900
-23.80330933278136
2.71423967865844
19.67654214558404
38.22947187027507
51.06577300782291
50.09680114142520
68.68315330478815
83.43791061218860
79.35360097265863
73.70651292908505
68.98600416645523
63.39278707797406
55.89468261810249
54.98989963037882
48.30438331988575
46.66998414682956
42.17350385693446
34.49527791724710
30.44354073132477
55.73681794535589
48.38504557143538
45.58542955371276
42.99011670259814
36.83439066716226
32.65876521234127
26.12047249903351
18.10318272747226
13.00051210244746
6.96336363170536
-0.43374912896860
-7.46255150575142
-13.02825789803262
-16.03812907689622
-18.41161679575904
-17.99993159203219
-23.91861962103856
-30.35639413893777
-34.06757624332596
-36.24119375843271
-39.06735246508556
-45.18706043388796
-48.84227843797670
-50.73822154622282
-55.15100541321414
-59.56334972670735
-57.18994540214833
-59.29718615914122
-59.67953715463839
-62.37833008259235
-61.47381099823264
-59.14201377569452
-60.80987794313724
-57.51944507611324
-54.41242688798228
-49.21383355868668
-49.58380528999986
-46.91353371598349
-45.50713249595154
-45.41104787368977
-44.46789743103895
-46.57379272649807
-42.85662129493295
-44.43566951963653
-40.63265007564446
-38.10610227496540
-38.06103081997850
-40.78509912016729
-38.27493925847975
-38.96965532279830
-38.45820417064209
-39.95957658002746
-39.25965495109696
-39.02068223691682
-36.02302903812993
-37.72018416994071
-35.17402989990963
-36.78957833680907
-39.17768295369065
-36.47438995933062
-37.80502553439052
-35.62067810638887
-32.66993742835393
-30.60908205575332
-29.42407263088452
-30.10387378996589
-30.58111760902541
-29.15348169696369
-27.23640489140347
-28.47216398171735
-25.86193566298656
-22.10717182862922
-24.99372614004762
-29.50390632359000
-27.20328065715706
-24.38158435668287
-23.40693439955616
-24.47126489343449
-20.23881899725706
-18.08030236544718
-17.85994592542932
-16.91332017756120
-18.42468006128953
-17.84157325528749
-15.77251010259920
-12.23187086163191
-9.95145870063819
-9.61792562092856
-10.14239899131578
-10.12620928873182
-13.87325396070110
-14.32019401443084
-12.05690812063653
-12.62775132212280
-14.52308847258334
-17.22361513117890
-14.02386070608758
-12.88082560991831
-13.53203772458373
-13.20019446221654
-16.93331893162850
-13.75103586075211
-10.52034880374534
-8.16705005715494
-5.59421522651687
-2.39747423179475
-2.11651395569024
-0.22267860692164
-3.73012781143899
-1.09090644726415
20.45126941356502
23.83853341462121
22.39905071910493
23.79172380583455
23.75898309310478
17.70913220984785
18.77223881834317
22.28694715129485
19.66879979597393
19.93389233972739
40.40167792354224
36.43052089505131
32.48884820939366
32.27632127508090
25.96397904100036
26.71526619953143
28.96337731208312
27.42826883556149
23.75620984202725
20.65947849906693
21.11633306922860
17.53326368413128
11.81115589282816
14.70375198559173
35.24062051697646
38.17523054634260
36.34735510332494
54.48815231795368
54.35009520451068
51.71512229515046
71.89904511596392
62.44827702465243
60.92854944117234
54.69273786658201
55.21909443886967
71.84627243098114
49.72586272013729
53.67478450085130
70.02497434193111
85.97914156095784
103.49040283864255
118.73661429584007
127.42203449214398
135.29189590703191
107.97198389252256
121.14930752948121
94.63768757031823
87.27421522118860
100.35385101664411
94.50471072254187
78.33074577287097
67.20373514429394
58.76166224442851
54.32431494182382
47.81024527000677
46.74455276160760
44.44241383246674
38.17027601933195
36.94013398200877
35.69578304405225
34.59480623709030
31.96442242030572
29.86151385444740
35.13162340818872
24.85252498388645
42.98802566394555
39.07629010440509
42.04283016263521
49.22672487677263
56.86715894116331
64.56914876412765
69.14524827760032
77.43334776350331
72.30607205056086
84.40034894186165
76.83449368751877
89.66549269591027
85.12731327167073
96.86204873576790
99.15403120487642
99.96557342473872
113.29980420045231
104.28443509434211
103.10764369976707
103.89295047525087
92.47651446785696
99.26873854388680
103.77641758052113
86.90061279963614
98.06636293787820
108.83081937790402
115.83906846074358
121.95627785264985
119.58423285425262
110.24113780140499
100.88015771600726
87.15507240005182
92.23349506848061
79.92206524167781
79.50475892153034
69.68515267218093
60.50515405258358
77.91558564736530
93.65128762018648
94.31742087389175
92.08291649322817
79.41557253283479
68.61024057012742
68.71654676829678
64.43362498788954
63.77081510214954
79.11735495154366
93.23723507672052
104.08310842001680
102.96963454810202
104.54613081750581
108.72105034277251
100.39822440166249
96.65022183200958
106.16607513165495
100.02260199983704
114.27803007933298
112.16004842178735
123.41117861324594
120.28396116987918
129.70003260310003
124.34563548873663
136.46491287987027
138.27559124009602
142.14741979789875
132.87264656917873
120.03751187360638
131.49969150045928
122.39131406601147
131.64633532927380
144.23766802778309
141.86279694420259
150.47013911041770
133.26750880925744
146.80413294829771
129.48278095230413
145.65024158693006
136.47865576956755
125.71075617741329
116.10894090216178
109.53345263673604
99.98188802040079
89.87889352639795
84.67075237295650
79.77938513507861
80.19900325567404
76.34689078578714
71.39713402815156
66.01747096169623
60.38801450267585
56.52824749708868
79.03102154334776
74.65339387134108
69.90580451001530
67.36478669944266
64.59258631769123
62.33126757249925
59.21500080034863
56.05231557191149
79.40193529921022
71.44246806956576
68.33159117294686
63.68912541767401
59.52610974447407
58.43620364233882
53.62649481745756
47.78722449524759
45.98232733620730
45.29402192094214
39.68587641285152
37.43770268048170
49.82804564946510
48.20703442178073
46.29400264154351
61.27197709744003
33.33518692167593
33.29795454233897
32.28332319734407
52.99849868847433
65.88830521364348
62.45332495866720
75.03779521647382
75.67718087704959
82.98719754015733
100.12721265725023
117.18450675673252
110.68303561122039
107.59326924743998
95.81811761455511
109.61986068065414
97.19861932779254
97.35575955095237
113.62460853028816
110.52502968753917
116.82481393373085
103.60357714987821
111.62579068015204
98.48289511534983
89.42277719481429
81.55506032403427
87.97386155730101
102.22249245338689
97.95455506874661
101.70926212603480
114.50227125506073
116.24944010713655
122.00905121283512
108.47329629226982
110.76556239939021
112.28157275390410
113.52834216526708
122.76249135264263
118.33573454811157
114.75955174784548
116.91874630652478
125.83160769163669
128.62182824347542
137.11576671338014
144.69459750057382
148.16042485951573
133.14607035365412
130.46292133596984
141.15937136544412
122.52142762995899
126.52520691411551
134.52760248933041
141.58188101331183
128.54338125383708
107.76367107489867
91.81949966851361
86.32843803727708
72.94836928517321
64.85031203207501
66.46560398320162
54.37692737946182
46.30376196786070
59.25869340098070
43.10695955287210
60.27844050421213
52.70585475271746
43.74533150414278
39.36676302082840
34.43906768349071
29.40737505195083
23.41886326576373
28.53043768549028
47.04965631429297
44.47359880448941
37.88048675606966
37.26577296685669
33.97042793082471
27.97724348778395
24.83042681690200
39.98069311356436
37.08758857069284
31.30128423697011
48.25902076083896
42.37792177277436
52.37300746533772
69.09213895368131
61.39904080570690
53.37382796888335
45.80973255084657
46.36522440614821
54.02285529751446
60.00588581162513
76.44378749807342
86.24424152860121
76.80896515320941
93.77796614662380
98.45259677355386
87.75489678077273
93.60546874862430
104.82217735325439
105.14672538486730
94.23631101389152
105.85879400885328
114.80342760509315
117.77407516116608
105.15015869431876
115.34912548076329
97.16528019378680
106.13293216213771
117.02558866391718
126.29215086505248
127.21793603860377
113.33801621216767
95.87698449068453
93.45695724205642
106.34032566657206
116.99974374976881
120.07697667568191
100.33820238411481
85.78172937204354
67.92382002487183
58.81421854083076
51.00242338200455
45.21211560167549
40.09606057602127
42.07276912302790
33.20515117641270
29.24830112634512
20.05031786641065
11.63540732588484
6.61123679205260
8.17963745608252
26.67272595928733
25.06159145484668
28.99318146617814
43.85854183233555
55.98169858292229
68.65776588746694
71.71284854706600
64.43612000690459
53.94800883521566
69.59003182195337
69.62826092928898
79.35299965212732
90.36275225298071
83.49444776005666
70.25683444247541
62.11336311795850
50.34234132496539
42.25597785957535
59.66987292423107
45.42828518382434
37.68095414957484
55.31546103222343
58.93060280853052
48.95251322485063
39.99212408701253
31.62204662961722
23.54827905434129
18.60619333686638
23.83898408536328
35.49893532754550
30.92680620147829
21.30148932715464
13.08221818135889
7.82559538108253
9.43628304889873
24.88535976066569
30.32144676877825
30.06704513877774
44.64079688554421
21.83505207279073
18.47138458486434
13.95485978860819
2.60324117216617
-4.91172383629034
-11.28423228865067
4.28545165061103
2.01295514881909
8.95302832494637
3.34907306148072
1.04046811572260
-8.44238528416997
-22.28524263231171
-53.22224669139220
-55.54625076255739
-53.98421946113011
-33.09150345909651
-42.09451881267674
-92.53639203879797
-79.79808201876681
-77.89813142680943
-64.19475418240822
-110.02134657559974
-103.91565225749450
-146.54564742083971
-167.71524145916604
-157.22095731287561
-124.09277139958660
-123.47245942102485
-97.23458699107350
-71.50233955928928
-121.87979077824288
-136.44724779098985
-114.53122478810555
-86.38790353111443
-89.24683440240274
-80.60276702862582
-82.92851811599931
-56.30304484221412
-60.94571084936817
-60.89088539899249
-39.96103436283371
-20.53577674701661
-18.47193101000807
3.58873777251597
1.64607939019304
12.84958304471036
-40.11493518103826
-12.80341631839413
8.56988637817682
17.29326104980944
10.63670735786280
-19.06454063851341
-1.78791739592876
22.88409429828734
34.11911319967597
43.21137733252742
36.31792425485274
32.22330754210385
40.02285925110766
37.48225703120155
35.20228803203184
44.79751475942302
63.26532717388768
53.70572270925510
45.87204896090568
37.81753279357207
29.87956699134059
6.01908271642884
27.88280557070535
21.47183630479395
40.72876134221509
37.52224382256015
31.95538065707946
32.78736669984296
33.54475354524530
50.84170856692604
56.59084859893090
71.68336876815893
65.56518112977358
57.91673543964162
52.47711314106760
47.40932736294523
56.58774767637825
77.07094287521039
70.25945543619471
88.46223626629914
91.93112051025847
92.94639604362760
98.93569550403669
101.61883526697190
98.48231007577837
111.92121250883824
125.90993496100975
134.50857533099733
144.46724256128206
152.79056264914956
138.24109495340227
147.48363361353339
137.20964012699756
123.44740805263132
120.07418422466500
112.60999519665853
123.74808600990804
133.49204029341860
131.85961270732619
127.56320351817884
138.76555444995213
137.27053122753196
144.67491052753454
140.93343435623601
151.65028263307349
158.08701554433182
159.47279537919519
162.15425053628357
163.15259489866935
158.38101664746387
164.05867844347972
140.45894086951591
146.57024165913728
142.91973394319069
143.21060763946230
124.99538863205422
133.11808383744659
130.43344952705323
128.67859420968324
124.72559024851103
122.40835907292012
125.61330262558813
125.76201715482024
133.32918555842843
123.45314585142071
130.99249386785513
118.07210264954134
125.02251130208332
126.08330842991930
112.15842471099327
106.65713009937261
110.40988530495162
110.84919088577377
111.66910341265607
114.19809796761479
99.13472471920980
111.57734577660295
112.66000816765997
108.50476316442257
109.41572364986834
96.32115391405929
86.65471990924236
74.44748839422415
78.72884765921275
80.12024822422875
84.16832143843517
85.73794540970307
94.39278273564662
77.37226698866017
84.50426086740433
84.26510359348141
86.44702746851435
89.39311064461603
90.21887097200214
89.24499278007323
92.33742466193291
89.90743894511237
91.45930576888509
107.33524421385550
97.82314299326451
98.53764116124374
97.65548439118859
101.33992013234561
105.53715862129580
110.47059538276301
97.93106017387824
100.74193444669157
112.76148342492138
101.36452368415266
114.24677470036653
117.00729676617208
120.84595113924411
122.61598250937013
124.31018502855923
113.97058033229996
115.98269502175056
120.40872183724061
120.07190243692847
117.49610706405532
119.40002637843313
120.74292693274859
120.42474400368027
123.55566622281115
125.25458042525010
125.19100811476893
124.18320258985385
131.77756196313109
126.72437700843439
138.36927401836854
151.38050497074420
151.40977179360362
147.96401514895834
147.61393421086927
149.05116236028158
144.32182550179880
144.44349586286387
149.04646847304488
153.40099565112615
162.57915622108618
144.32901613898011
144.52489837199383
143.14250767864115
142.29614646017143
142.33582947532796
139.62997970712129
135.60930780854684
130.02227766500630
130.44725765285958
129.25376714725886
129.92961163344555
128.44423902239663
129.27894593273572
129.79131068595137
125.11153240556389
121.89844653032748
119.37522213866352
132.83201270706553
128.83777394711714
95.81297727865625
97.76703252055415
102.79821063006109
119.97369929284764
119.93112008649908
120.20900639832435
118.02357893734971
121.55374861704388
128.02551834113825
125.92322741951587
124.98706019885172
128.88907884917612
128.77678235346406
134.85177115103798
136.48150922375126
151.26903188632315
147.13934393796956
147.00299859276689
156.74373671739761
154.61728891162218
152.36768752864455
151.52322808241092
148.51635991679751
135.23662928939547
120.24595005859740
123.33480440994349
120.35591527320504
122.09950342290129
122.20507213334992
109.56256956660988
110.46375846802280
121.28685025616799
123.49923357801603
134.47567233051029
147.74643223569063
154.94652471645765
142.57598202248613
156.10254614404630
146.94621740084960
129.42193709994442
120.84173569284386
136.05201038396777
116.13269162369951
110.15158137565001
77.10957297440811
70.25747776322022
63.24538431797676
61.10879232425248
55.99860459793759
53.15202326330480
46.04796944554266
41.57340289517414
42.63596992081825
34.22094616663497
33.74175149157168
32.78625892480407
48.02383007701611
69.72164340101268
65.74343050099095
62.60034485221644
54.06524463822064
52.74799134453382
59.39663700915596
58.55696912322726
56.55825373104452
65.73688617205627
75.67756595456044
83.65438830001168
90.03842567004216
95.01710648133584
102.51255022593899
96.46260349585788
104.81786236759652
110.94029747025071
110.77483363749668
111.08917073628064
114.36938351450571
115.05534333037936
112.73028628664507
110.31333154498412
109.26219930070752
111.95865931886952
108.66410933154461
109.79631008623666
108.29794459917919
107.14350238799955
107.87957115239440
105.58694225708233
101.69292999492552
100.39915037909705
99.25920736196940
98.88430267783474
102.02544245081923
105.10737379952988
109.31751581891848
110.54373751219244
112.35670775819655
112.14915794403296
116.81043082488934
121.09132832060170
125.49255857382423
125.39196651727180
128.93735608081346
132.24783713801861
128.44672667978443
118.71039781420967
120.49185361008971
122.52581797565789
121.85989190722276
124.76365242548796
111.49172861154092
102.17504570319934
94.32847455023675
101.54030514339171
102.53980917542791
91.67437529830084
97.14947684257774
110.91030823544956
112.83367071558709
113.76472703050055
115.86782423824756
119.07440264674489
124.38482226818178
125.74274242933465
126.06911229503713
126.96442994246368
127.36163844287798
126.09836469985540
126.07782380811392
123.76104879697272
126.30550455273476
128.44136882189352
128.05909120465898
125.36276909814866
125.66187881998256
122.02534520588449
120.91867764059674
134.37677625164312
134.25000452886258
132.45378060046545
132.37682719726553
129.66216692024594
128.72349798782463
132.72571836287489
132.15145919945465
133.54404381018554
134.64925458872395
135.15053263414518
135.84469728545696
137.43194287137052
138.44819746810913
139.28340823994785
138.06451820542736
133.89025477725116
129.51833620438524
134.25430448360709
138.27649733085951
136.78533142376270
137.03891047669785
138.96163740729335
125.42103107814505
128.11080822350553
131.75152006953385
131.36301363894438
134.44316199799681
132.90805044906111
132.83923764356206
134.69459539045215
131.76668148771134
134.56033289552798
137.45529607586687
137.20515060148983
140.01617022526187
138.66505008098230
138.80114842907903
139.12530147303360
148.27920996121526
148.31050399349257
147.44792848712703
145.50311241322163
156.81078950206174
156.22300779829018
144.10997792451803
145.96996165861097
149.16348014308431
156.24378643071285
157.14925553387008
165.83899263912019
152.70991235601377
138.65895859614548
129.89572960227912
115.00924747763392
106.68948136270016
112.36036404525191
117.09715215233537
125.97043799115151
115.63076037471113
108.24315673493486
111.20622912955004
106.37590167231157
102.08093044194088
118.35932902964366
111.67804790339588
108.53519169784201
98.70926849685490
112.34810463238250
104.90488105678152
114.94788566640982
114.60149205159473
124.31450147752159
134.40717398801007
144.18791603409770
137.62547982370600
119.87363878916084
108.17769259522782
101.08901943498313
116.87385637184435
107.93125385964528
98.38413880683034
88.83824086062914
87.30739623872745
78.03534555912321
74.66064006924637
78.86908604891060
73.62821661471536
64.98132684533489
82.58941777892858
77.80828779376594
94.85747432626169
89.93379124898284
82.48035048309468
81.53256094288565
75.28960139495432
88.88864505845919
83.32125599998406
97.65073006281334
90.21801755137665
103.30607690915417
95.88771657277213
107.19151605873343
94.13424825004660
87.49683415678444
79.51370690456993
72.78021093631037
74.80046796051913
88.47346238086214
90.71325543444107
82.10917971190864
79.46541100779633
74.04623564874042
91.32237133657472
84.05251204612649
77.64164279457628
70.25813688272756
49.28182347267981
44.39183889748857
63.11389312277465
58.46908126286954
73.79323475498535
91.42116051065241
87.82588439627686
99.36907211176137
89.81007875744844
79.47300452552587
74.01420091243685
64.89202428566449
59.81483770472542
58.07381471543042
52.90410134744153
71.87217147392886
85.51083587212483
80.43533399145051
92.67413935682598
87.35788887501259
100.54418045685711
94.33408900735671
84.37056812356423
71.32915398271909
63.19873560443092
57.00834573908188
50.03517696643151
54.58574040137987
71.39850447076535
87.50435929981458
80.92681527711946
72.86535346705340
66.07424265115797
80.52808097676794
94.75798972860407
80.04071749759284
79.84186385241584
97.41476005922611
97.95610990147375
88.69754003993459
104.11346761619907
108.93841644025939
100.15604659469111
96.14736515617052
107.43358849785578
100.30215575823961
95.11346846755934
83.84770706259154
103.03744977194447
99.10707340065063
109.09910614867076
99.02315118125131
107.22679792252265
109.28379281959077
109.64509303757848
98.44467131331588
89.84845780182208
78.94976593479231
72.36200266841767
89.03518194747664
102.24974684103461
90.19891250015080
107.17699863830498
107.46826051054308
94.79813600069932
80.92249132549912
64.82947456876376
77.63915638900906
48.59677330118569
66.03463083172980
78.03113946084565
73.43347080802407
87.81212830385338
97.84886111111665
81.49214514657362
91.78673955182950
94.98850656313572
107.04073507736342
111.46998517546541
114.62421975345976
111.42841548927689
106.80719491883171
120.99850512486324
132.75549539514503
137.59919675072189
122.18024764481295
111.36347371963501
130.16651776751709
109.33906712803825
120.27803217828846
106.91103755696730
94.56397209569232
89.97002631895428
79.24627591079657
68.79246128908150
81.89631649395832
73.86416122876388
63.60397735246433
54.53513101596224
72.45489767221184
88.32117060108600
91.89781547423469
106.20067696024292
107.54569791128695
97.69185702370756
102.47986028533674
92.72161561586219
86.67764758905973
71.69769467965715
84.34738097254984
78.65141216885297
70.24303636026339
72.77739922776685
64.48652175952698
56.28241319369386
74.40300020498411
76.41323989752456
95.84284296231593
83.99608124028559
76.25992838334179
66.63305682932133
76.40429758305973
88.69863976814042
97.57341686254819
87.18373124414653
101.92384370808520
105.18533878658357
115.41455015010392
93.57342405363163
107.45137884579263
90.97315797352248
84.87053335389049
97.94427425605252
87.51569178931169
102.21198512045335
102.22061250350231
113.07961582874425
128.52632565246202
130.98991881167373
120.37218429502458
117.22990082009750
118.48108640214940
128.49998646934813
127.19866494713581
126.19803030545017
124.71336300003647
135.21965172138019
122.63293790226322
109.20368286257522
121.96437370625983
125.75561714522908
126.87355289693750
129.44620474694767
130.94685089141834
130.21272591427746
142.10926308802044
137.75642706970024
139.70013049370823
128.61542250029746
131.78928672146876
130.65497520399617
129.10569535097247
131.16784993798478
133.04910421048632
132.19130421069076
133.65932646358431
134.59305319691629
134.84901598148085
135.03309498457060
136.61123666353365
133.64418676638181
119.50725050445234
120.05674223028319
111.73392943723003
117.97357742325322
131.27831605171022
125.81318730205402
138.61700911532330
141.89387677008389
143.95365027524983
132.59487971196191
121.41530848954622
124.31227680469237
124.63915675039998
124.16339348445489
115.59775540622415
118.04078639213162
108.88281167160706
112.47140141228124
118.42241120238212
118.23448459642383
119.09780530114614
121.00072998442995
123.57182409852319
106.31038634664924
122.17204347292365
123.56196569104695
121.52586891811421
126.14208769903557
122.31181385233015
123.88022820957087
128.78511103262971
130.14533783860691
129.10350888818760
132.49208393095410
119.56878972876201
109.95990551514213
110.92482125386073
104.62630400537604
109.96395657898415
109.08623984734623
99.36308091832630
98.52535731550262
89.05036357925401
83.95898866699557
86.75013266197124
93.53193820969167
97.35146319510235
97.47369223313973
106.08445166768503
113.54910849033122
113.57070478628275
113.73468447694302
114.90294511607310
116.74310363433369
116.34186728979572
117.04203050341511
122.15834536323878
131.50576398560341
133.62312285721171
144.18836453799170
127.63656843660704
125.61859269621841
131.38680354756301
120.69609934551163
133.56416160276726
138.16904896297055
139.06701260659625
139.16862081289170
141.12839851766245
144.16190932207579
145.37425720148812
154.62346410768032
152.47711718670325
159.20485603820524
159.11585683832084
140.10730549528762
144.65537805155708
147.22416657101488
147.40081383076196
147.65003440964082
156.63613861639632
158.23276266928309
159.71070498764249
159.90512481500403
160.02424830679524
154.28349646301103
148.87624010403735
159.00136326027902
159.49402756199837
162.98707596181700
169.28028410657970
168.44111453716485
163.73475349113778
162.34700743425930
160.16869409688812
160.66274739159346
157.61280284010712
153.01386502821558
154.23274645136007
161.84170442057521
146.31944379161251
156.24730002673459
154.99089533485807
152.40565883332317
149.49531334796308
150.77825056743379
147.35959338760509
145.58981705642881
142.20019648382765
142.16521915779202
144.08098021689304
147.27613491114283
149.47481237699424
150.56266604975019
150.30910783464822
149.73246502456183
148.05814420349091
150.31915660562680
149.21915243816591
148.11646278473958
147.34058421719357
146.75405849849108
147.99884642898095
145.80175718757718
149.14345531520075
159.22080558783756
155.75734413204825
153.69762171203408
154.65755355221094
151.77421496974455
153.36904280601803
152.54202624117173
150.06642351194154
153.97920977383299
152.83404854055235
151.01224269853790
144.78657923853024
153.17117748674801
153.73222454877424
149.08188340148595
150.30516559486364
149.50527177487911
155.08868457717230
154.93114751158765
161.17477199160297
156.08395984517685
159.43656035521326
161.78100513447512
156.79056573894354
165.41824816604330
159.85672995868293
168.33953212407141
161.99869427612595
159.70068687707558
154.87026567330167
161.89450995690211
152.00981289913940
149.21395019131947
150.70657388943434
150.93623948053400
146.81781484042341
148.39371721105971
149.80757113370603
149.93471251777871
149.12609527824500
157.72064916496751
156.46716440034896
154.78674312981479
155.92519071257072
155.50675117694610
161.82354169185123
147.13214915991381
145.28174539623575
132.67182763529848
135.49807476843068
135.47318522275671
136.22449424695839
140.76863523695232
139.97626892464194
140.31882726165639
143.64013834071687
140.00967692869983
126.30811555198900
127.61075613093172
111.16519303911832
112.59643021403113
121.01103780297646
102.56519415543508
116.80409749477154
128.04079435298098
129.45410340290815
130.66606098107076
132.28275705164597
142.00293808205288
142.26474144299542
139.17825654964435
128.35922310845925
127.66694772371348
117.91473080630959
129.94316502893432
140.86744332137300
142.80118135932256
157.51741619741500
157.11438670059331
162.19682515562505
156.27927297569937
165.77491550393063
155.59975938769929
160.81096945045488
153.65773195443222
140.87495146727423
138.97286467964904
151.46596660007935
147.96307045360922
135.81860218273661
150.15703989255726
163.04838079362372
151.83633051070979
161.98542770764564
172.22882662388241
169.79201780201245
175.91370670767671
139.65168713865370
136.73392653392625
116.74955531097379
125.09997071939188
111.26081054596581
122.16769794542648
122.82509158911120
108.85404328972918
103.21371901491015
116.51802989592113
106.18553558278026
118.43754497413242
106.31612794643274
98.88687073282109
93.09970759435531
98.83139499805498
114.00077916131815
104.59252351993877
115.35977477076985
127.26092033800630
126.54901473605992
136.06979326815028
138.18561245352922
142.04251583262510
129.02996617772706
129.14653128838879
142.95158445037927
151.21162235244458
160.70094177173237
156.70744792747996
154.99923704846475
137.26294754272075
126.93224687657901
136.16590503368789
118.66846540838553
104.78155726877327
105.42126235833589
95.59006489292692
112.23564826356176
121.31129655861631
122.28648223788424
128.52471032226933
119.50627756608203
137.34024289797782
116.82149044288359
126.97341951217530
138.28227406165516
141.51012870377821
148.35382655102723
157.05298060368625
164.13149460324945
171.54698689157078
174.75205849733686
159.51550787296281
163.58949383526254
170.81500060422664
178.31396258164580
185.46381891512630
169.06336529767887
155.46141834133968
141.45287907994299
140.02183394092927
135.80804985109575
144.03147226881856
130.69206983181417
139.86939779749838
145.66732292108586
140.46404424200321
139.09485873481449
134.11132683703798
138.80688953295046
129.88036315411892
140.48696050000279
146.47129225452420
129.40706174497461
141.18321662531383
137.00806053219833
138.83647336649378
125.29302164206882
128.84678770042680
142.55734942103089
153.49177929743826
154.78110969482475
139.50105875209988
129.01153691891358
138.10630080611509
145.66594113821736
155.20292065352857
163.01167563197856
157.03899883694075
154.21334375671159
140.23590981126063
146.68842391575481
135.74475981442745
146.36567348409150
133.82715972000307
134.65345516731676
132.35653475659473
120.67843279763335
119.40509271321166
105.18968899899737
106.27762531583511
117.20859797555997
126.05629798764977
130.04049311931959
133.20471057339989
131.33928781020691
112.28964001113263
114.91558787976908
114.43317341442118
97.27310577103283
97.48845656348482
105.21549640147087
88.57047397617605
93.78117973918907
85.06487979597291
88.26072932916347
98.87324024745648
101.08137136823989
104.63850842003551
102.90539788492347
107.48282724536206
113.73706594753203
116.21833772382897
117.64825208180770
120.38458450088154
123.55112419013338
120.79343735148731
122.85560799870028
125.82113880614028
125.00885304916439
127.38981734770825
129.32188207669140
127.07683321986772
124.67244211605981
136.38812980043622
137.83595968089963
136.39139060349515
135.16867619168818
134.39809084044700
136.56604999131775
134.17123409084292
135.95951710548997
146.43078776672240
147.16940095868839
145.61532060089309
145.13239187674853
141.47827521588363
138.47229856709779
143.09486453529155
146.19086387804668
147.81658553472658
147.13762041864280
141.69063671248509
144.66250567872981
145.69273130762045
144.27043046476638
140.84745929261572
136.35853124807153
137.93296703647277
140.72101155758128
141.67073178527323
142.69578622407806
140.80348630321831
142.44520834216613
140.25213487226793
142.05671158470881
146.16355157759466
143.02494179159697
144.70387837362799
145.47425693232049
144.80841893112765
142.14000489946690
152.87903959938305
141.93976536736460
139.11768667309366
140.68895929610801
152.02222181824163
150.17722368157644
147.38955186711596
148.04589501290104
145.72429393186357
143.05586815545638
139.33466118951807
127.99367411020469
132.51589967665620
134.04252637819872
135.13708480693572
134.82592530311229
132.97816425944393
130.91929510532393
119.62289539448830
124.89719139564934
127.55864918375967
131.40958456020400
139.18203262730441
140.52840647520023
144.02495993571455
144.76502353753202
144.59875540065607
130.59029026494281
129.91592238925767
128.45616821367406
126.75493679937851
137.95540493242203
146.93202618394773
149.89792052749402
143.25871554249122
131.06586477052855
133.76874862906868
136.50149085161280
134.00391885599282
137.58419043513456
137.34461624930725
141.88746690145138
137.42075432020738
135.74181969790419
133.33132200438101
140.24427078194935
145.72382810032573
143.99821911681676
142.24718803799439
131.82094175160000
136.85340136768875
137.27535435878613
135.61884391526905
139.63122141271162
144.17165648107462
146.27305188445024
145.79801507596864
146.06763362742271
153.35696229901811
162.03421229870054
157.95986458316949
143.56738716759486
144.84488240179110
143.93273139200673
143.86754465276510
144.63890066294005
143.65976779994963
142.39603104229855
145.18901304548419
145.37791657005096
148.59919455896434
147.31301404198433
150.46046729149887
152.41209129751704
149.84429245504123
146.96127887681317
145.41468184979672
147.34660800503121
151.97251202703137
161.12399882176237
158.60679974822264
157.32531960090031
154.26023275348729
152.12732910945718
149.80564549737818
149.48711431076879
148.71220348862090
145.76360532276448
142.51257237218289
153.73453034711625
155.06820273938158
165.63450291256370
164.45248531031021
154.41554332822108
149.96743508337357
146.74289263954799
144.18302429820008
143.03002616626594
140.28811033682086
139.32324567322561
138.86021018302418
138.41178502723872
138.74390205451851
132.60802227093095
134.36849286325841
136.19290506644492
138.13367749098791
140.22851505291365
148.83801541146045
148.40590136830266
137.07271765124341
138.10613025087778
144.03944577695410
138.34010672085969
125.71591982809583
129.19416113201476
130.63856474111051
130.55615960879371
142.96295522394900
150.20003282781803
157.49724972812896
154.12175890953782
152.62587525440932
152.69334147198242
149.95669151604991
158.68868381898150
143.63439903625638
145.03063207372489
153.50495671551832
154.55621267375963
156.19506752398507
152.79558642625204
151.72749205323672
163.92978514026777
159.42529366615702
154.11512080560652
152.23006734200655
158.39746142188812
159.03601325679199
169.41595645478031
168.98389226933895
163.51993132374099
163.09972964958911
149.25850286843431
149.36431226121448
154.79934176968271
167.11748719228891
155.35779849861277
141.97259468722669
144.35646304171161
142.43758401158482
132.35412674777788
130.63708713471922
123.87431349127401
112.34987815546087
118.79961867447383
123.21027442944691
132.29892047331057
121.31528120863000
128.02690919796689
134.56352046275293
126.21629306711674
116.53326928512706
109.76171335559836
103.43896320300539
95.02621427000649
107.16880842376206
101.59104548806697
94.40147548623901
86.61271252294928
78.95672348915687
92.57253775791824
102.83437129805520
94.71900671592311
88.22268395316205
100.20935917637223
91.32252910797942
83.88285718316659
77.89965516021094
69.95800194538711
66.20787038332453
61.51732083365295
58.81796464768195
52.42488755205620
46.55604037873331
45.03375299833114
33.16876459036749
32.78238531117518
35.36728382704275
28.26502277249397
47.89132393388999
62.72675152508623
56.71034675315463
53.19886092933650
48.74743865360952
39.44387563959285
36.50805601475098
35.71848147835631
35.26092320516980
24.03663736629127
20.85236585515311
17.03266247020681
37.28507476940160
34.85871894162644
36.00207018908578
15.84773702846470
15.54147362511839
31.99710529782164
29.64989460482981
46.43600358817842
44.04190307053259
42.75256142699655
37.83309847488001
51.61538934559249
47.05813718045679
60.24200641009859
74.04530808796511
83.35940729876830
85.33678773482517
86.76147238829626
90.59845579223845
82.55683343621979
96.44826053450602
84.92730100071834
79.52352399359440
67.68257588572604
79.48833710018519
91.15507905579224
83.01966900641882
66.51410083326890
62.81858647768064
50.66356661612189
40.90180348116301
53.51681132909753
41.07299378449394
56.24067510034332
62.00063923949739
73.66182607229467
81.17791575682074
70.95743385242376
85.16253191374105
80.45270831947805
71.12925842407759
80.50964330140317
89.95979149767021
80.26741215830697
73.73897287358051
68.25510010311621
69.32201828341940
79.92913344850672
71.80181499175725
79.83621241165692
81.57958832772249
75.41708488483160
62.77231248964254
58.30700937024898
52.71978802657043
48.38139680544869
37.75085428567011
23.95505483036180
43.21459222551854
34.77224891074108
26.15882285840109
25.80826093294408
22.45111199779281
21.37660783015175
15.23116083884133
8.84072331809080
28.98061546706310
23.92788207263792
23.46389183796903
39.26988496889419
36.73431125935021
28.55134243587678
20.67880305264911
13.97472413887817
13.76146883382797
12.11891405846979
29.05766347975185
23.61934183717842
15.80175771792508
4.14892755217400
-3.00383467277489
3.03758009825856
-1.57991089503689
11.88016127480136
-2.40860844651302
-0.25143201915624
-2.01426319018863
14.82263722494869
9.10401108761209
5.87947151781160
-3.25809817976333
14.45588624606941
0.54363006741324
22.27590807167508
7.10648376102979
3.62617497472773
-1.66623361794745
0.26140816001781
-4.96488758691290
-16.76122020529631
-16.09925459941138
-16.78587541850473
-15.64876233009594
-18.62650666009915
-22.57067920424232
-20.15782325302558
-16.06240816918928
-18.38591787911617
-19.29249071842499
-1.88566956867123
-7.61931040168412
-10.84730344569754
-14.39053724630025
-20.94694171902725
-18.68173663252937
2.59583774681469
-3.22100674979149
-3.51107642839553
-8.99438951746538
-18.57028734975496
-15.83980127830539
-16.38529452551915
-16.18768838339043
-33.16706490213301
-29.92754911161397
-29.88840489103416
-27.91829704191113
-31.00008306264616
-30.70298393574613
-30.74801447786547
-6.98396602781370
-8.83085915650203
-13.35123321711772
-14.98088107869419
-21.23874591042200
-1.38473221232250
-7.63814732822974
-12.91016148851373
-21.60412977069101
-39.05251985126407
-40.72636185105250
-40.43234944046321
-12.99832872398185
-15.20441436740326
-16.33680278614343
5.18832094372400
-4.04851469360193
-5.71421550969004
-7.87507628173085
15.56380220307772
11.12012353294185
6.69738611946815
5.60942171872700
-20.49551554093675
-20.29659457218313
-19.30283657061725
-23.36804508947910
-39.35435803619081
-22.62810962419294
-20.55281842751203
-17.92474264982084
-21.67709785819570
0.41071670860115
-5.76648846636044
-5.89251975560338
-7.87722761872264
11.11887131005524
11.04177320393738
12.12610794584139
9.80223499292948
9.91951654535982
10.25017583849156
22.26467313264257
13.40811694115229
23.35078427018949
34.29070506738115
18.31754508798549
16.67817857390776
5.88150999622682
7.38466441019337
8.33928384067241
9.46711819341434
11.24015000327342
15.72549635111505
36.71963799083557
42.38849788129765
48.45507443929673
63.96250868731288
54.33913583113232
64.16946560598417
62.38673114222215
59.96387288329123
79.79549814394728
75.57232608030726
88.77650363811522
88.36468043177297
97.52928223530418
92.91661485043814
95.78323946915610
107.36135369281236
110.78488823288865
122.19377253861958
133.82364890977112
126.07407848661369
109.55288252444205
109.58515812187255
113.25029219447723
109.67577862695920
124.68348872787539
118.56919833791211
114.65097742641768
106.99506103274321
113.23155286015769
101.43071873471415
112.31653017754860
113.07319338693898
126.91717635140535
137.77093592748707
122.14137943241462
109.59573106749167
102.07786833713499
102.03217574679944
109.50017108868288
119.93773246267952
109.07465305135406
119.65674652644924
108.23754448934153
109.65217750821257
117.88365697306598
130.90128116993549
142.70759492316071
150.39816791557189
141.58695666608023
140.33196972432802
150.57419663966732
148.05283886956926
147.38114300714912
155.58381197977880
163.47922909033829
150.97899682313647
140.28272933783612
138.62155088218810
144.91265908170979
140.71862263712524
133.09469708153296
120.21503708380635
134.09690455347015
137.11914429982104
127.49276725046657
130.63816970272561
122.63008951664014
134.90765054120163
122.82650011851713
125.01426175687880
134.24960533179021
138.19462055407649
129.72058807116289
133.53288064906130
146.06969205259213
134.20318532378116
142.18098241407742
140.67277836172721
125.32925433829608
136.54901935420139
137.38597577328107
125.19991324335720
135.78960033991305
125.85749832583841
135.98507970569509
124.67764233219796
110.06646447917969
112.54219770185770
125.12055522610689
111.22508208406420
100.02552894432306
102.74812237740277
107.46938137125149
109.25446455275923
110.56397520383571
111.70215549002594
117.78459091117250
125.82140942495958
114.77605808310797
116.34469184444666
127.05407600416856
111.53170353809467
113.11863345601066
124.32217895094095
112.62394580431362
99.58079948094846
100.06226006097860
101.84686132613022
115.55060937985219
108.35349733231000
123.94426644406008
115.69226243678258
118.39857327874518
120.44367768929447
108.73711398168952
111.42066622492001
122.75802519449587
123.42022291392091
133.82221865335109
126.09429175447525
134.99715498206461
137.06677936806366
139.51529636804713
149.61340869656510
138.86434286420319
140.21728056865950
143.81132020784426
141.78997652318327
142.14723705386260
141.96833302368177
130.18385917631554
132.50910023880584
122.37093269301138
113.81080714916762
116.12506915851721
122.12764390095529
121.21641312444677
133.74090062219435
139.65783748338970
140.13957027254853
150.19441468794099
146.72050579671978
146.83697735152066
136.70474375510196
138.96670181680705
151.98016921233975
160.93475619520075
169.50797921324735
164.25054556579997
151.95274987743201
142.68110944134949
146.40261378282389
152.90770568788599
150.74659387479934
139.58968698093884
147.11045567726245
158.76694376704896
152.91304905358098
140.65712309914423
152.23408448793387
162.93041497659394
171.31956305790001
157.67534235642964
164.70061484945734
175.29695985437925
163.15494678964404
143.51923722708980
133.74907840608847
147.70811010696769
139.52375038132692
150.44408421326091
159.60637815459566
170.40145232245186
154.84667775639159
140.13290182560490
135.43450124459531
145.50550358339154
154.37614591309620
136.83311313769872
150.50014219148125
134.77063908143717
125.18974878998277
117.98018886768247
111.96192128864915
99.81609540375254
88.03999835336336
90.94355915194332
86.80834143084300
101.50433906553015
95.15644612177825
89.14609432222953
84.22282222948834
97.33969035313903
88.23983365045652
81.93775071110950
73.31975843224755
69.86723885732887
83.57780975900587
74.47805365288350
72.15104750916781
47.34282335583327
66.34122611378069
63.17623690895569
57.87147283054499
56.45421404203610
73.27946249564280
82.86987087380170
96.20025696111362
84.57133002912508
102.80503069186273
110.70632252462168
93.43153584890570
101.34332986982957
102.89897810894246
96.41592682932017
90.12752247058791
94.96018120933785
90.04920526057653
80.99960756465067
73.16382195554432
72.75040742997291
62.94775270778654
70.80918514023216
75.76741415940367
81.75628937609302
78.43826188311965
93.27609838618170
104.45151352770755
96.30215422859141
80.04741980275691
67.91854604934505
81.52224137503029
79.70888539467165
86.43645211358026
80.42349933216606
94.82973248347783
96.47950056395450
110.80404582054184
106.75764507716089
122.35076033824303
129.36972171409747
138.89422735183413
146.66063532151185
154.63159140188139
147.85866342948407
107.85976986149791
113.10370141357885
97.29809074842562
70.34592339918811
88.69728918681324
95.87775927940861
104.01715205816296
115.48659093482344
121.92071246319583
133.27679978202616
137.51067790441022
145.15033706115648
143.53857577556113
142.86402362163722
147.38087839780195
146.18855559922636
132.44193731391377
146.18774002265963
144.80864295130505
144.01104705507657
127.03224841001796
129.35037589830972
135.80446172528968
134.81931773004544
143.10093524874711
148.08919134647380
157.11287513586234
157.09695894630258
143.86317384997986
133.21585640471577
139.59334126731960
147.07658179551606
129.24657025826733
134.26552112683433
142.31367468500429
149.99684485343028
156.60132900783307
135.35835867710264
142.10715091587147
145.08230795812730
127.25274105615838
138.59973217808368
147.04011938670183
153.99613368241376
141.90738007397559
98.76923649497236
111.27506106958420
114.78765932516752
123.34504072334957
129.34844905545231
132.92538993030877
140.04811687376844
79.03669653329007
88.94719052168512
98.86224577582993
106.74779162639308
110.25301416785859
118.45050779876989
126.24271180702134
113.92825169978141
117.99945156951628
127.31198818340168
82.89677621794462
93.02446579450432
83.33259672049584
91.67533619205699
19.60481516205467
-32.54578986818325
-7.00504460913594
3.15518831406905
23.84232317789496
-29.64686696464289
-6.23230490610300
-40.73530430985124
-37.82377912731791
-18.48013308789960
-78.44854382298706
-71.72319304027948
-48.94827522464573
-29.18070294762580
-48.77139269217584
-22.48021843804498
-2.05419028857700
17.23621887290824
10.97530618119217
-26.95257076025962
-81.90900766971512
-49.74355438766972
-21.41737352826652
1.81307930110152
-32.25116844394844
-51.68733525055689
-20.90509035903036
-2.99826265330649
17.16030541085217
16.55398038935250
-2.80173346719357
20.32917348092156
36.41268770402775
35.93259780785692
53.71961247884161
66.49595438261743
70.88064046934581
67.09311241042263
82.88011905723988
98.47660395321888
46.54139677612311
60.99361694584354
73.41670402681355
62.11579497122280
9.44994070838347
7.12055773774081
4.97836715758709
-24.14781771471817
0.10928794513553
3.14353067073022
15.09119000658632
25.06999292117365
41.56017007691413
51.66784415821339
67.04384058604187
69.97558309582324
75.16135406391678
82.72633904514311
93.33448209966195
94.05469892196332
93.04997502270265
105.96144062496300
108.20943237618432
108.94134519425670
112.15250488836384
112.81984172458104
110.83272245475487
110.96943486982822
118.58725713526142
120.93983106319190
117.64505060480960
114.92684137825493
112.11363384584270
120.64737862323803
116.24074611834179
132.25133863500292
88.09011066015833
91.73330570997800
98.97951521113305
102.51055859245265
107.01264939282424
114.02644614223331
114.76560913607992
118.70373629591414
116.55382676482375
117.27225643715246
116.20596234123380
119.86945766313174
121.32873860756770
128.82799410379164
125.58193286611755
125.17099359532932
127.74471464140862
136.41709749186367
132.68958964666245
61.99973238794832
77.84694303313678
83.51396391931046
87.72922268883008
90.52734003732684
96.82178488317999
75.02404759573736
87.07405745136140
87.87963351658242
19.88443935963897
-25.47868618162648
-4.63845392102461
19.24557674497031
-15.55008215621808
-15.28323380223129
7.43993149136654
8.00261296406163
21.06185292826429
32.31033592341723
51.83893962290536
61.75522622559195
5.37061305766944
2.20518538882560
17.62388616611619
28.99721648860312
42.35671963739707
53.35618332019673
64.95285410901462
73.69437317622504
80.29866628254453
84.17875852323527
93.83179052184019
103.63492577967313
114.96110418772527
117.14421067288846
117.12439511100382
120.96062029730994
132.95264633588687
119.41177183782033
117.78294452229061
117.65192781610072
131.13158761900115
136.07813602823541
97.09759188475539
84.50426165268397
89.98274468451649
96.68051801737893
98.05585901991516
90.19503716448729
104.96416212403844
94.15418348091855
106.88233673056618
94.61459682545443
84.94036262715287
89.30302855737868
101.52345265911970
84.27918331306674
79.05235947947511
92.91620783795953
96.07833529554307
96.09987191405520
105.16440419458682
108.65344336150156
109.26618870242258
100.59643784951079
87.61748848850596
94.78581101166822
100.12725897576939
87.35613195122933
94.33550400334863
87.39855071506896
92.58082022543395
97.84044634637216
109.12649519975395
103.50243092934305
108.54506689357436
120.60597456882857
112.59775740130986
114.18014504584514
126.07001551839232
137.64973575603938
139.46795146630271
127.03565017937822
117.53275658923101
119.16617950164284
122.32973030718011
110.47563175621400
99.59754124312803
105.98974562606884
98.91552441560920
106.85988498710149
99.21529404416054
102.77433771663080
106.71015233176450
96.29449847142854
102.54043114526125
94.59042996631634
106.03198939603297
111.59333804829494
118.35483669837384
122.07628823659610
125.14213055180068
110.27905095136968
120.37811407356490
125.85508449246029
126.17722316972799
127.56976494231299
125.93964532869541
117.33447352409689
102.87040680487621
107.10506351475550
99.46690667672293
91.88398878097645
99.64630910876572
94.04279363757814
71.74508388919895
79.64757600803489
87.76391111646697
100.19667056844055
104.97618196169471
107.37680147143165
95.06507133928378
99.86672541372113
114.13225803607591
116.54238902276381
126.77917036836224
135.03368549690236
119.70720121933242
123.99838731096291
126.39184687785036
122.81581488915818
123.16799682628367
121.57451208628852
132.58455162772239
131.58012736374872
131.07383326262232
131.50843340084774
130.18334224987038
129.49021637522281
128.98803029960189
129.56503234616076
137.29771531369352
145.04344423728284
151.03665578256147
158.93015882384097
155.76349243866017
157.05500642168562
156.21217212832087
160.29671925017078
166.10977914461913
161.02980369212327
165.50154863760019
170.56175505571929
153.42254421903633
160.95405474566388
164.62439799888000
163.83795115344526
165.48927786787107
148.18186886013137
155.94807146185269
138.27057849375043
144.21047105555476
143.18469137773030
143.09162179146011
132.86495632259386
136.19316482992775
121.03087383903433
106.44986008567899
109.31731993449708
115.00567529964255
119.70336178675898
121.77794250369436
111.49356536987275
116.64577442878810
121.51792643808346
124.44219607043139
130.53964175720677
135.52229528881665
136.36068277925054
148.44962702472515
150.09368092993364
135.15297199084642
142.64778203335723
144.16184528696724
144.18657053604778
126.61165978169554
116.96725741454037
119.80057910763712
122.97106133562529
127.87543499941529
124.67899274929067
125.81353466968794
128.57147657200096
130.49790708318253
135.02145238235678
138.14641429255235
125.24052247200059
128.51297637210175
133.60877412283685
136.47976385027118
122.08489592887861
123.87575106411599
111.04103927751703
121.36092191257757
119.85449366944916
130.92532532729041
134.78960126522924
136.19187566183055
138.33631491767406
147.86469529784566
134.81706617805315
137.66837124557759
135.72994456661647
133.39514712782946
135.48194481454144
122.17245788938067
123.49092820162825
123.81260524487978
125.93201734731832
125.50854723345765
117.08336188829848
117.66198639063806
120.22499252735862
123.14198602148035
127.97499476244869
130.39073282821502
128.59402861514616
119.41085010427365
123.38780548725663
123.02044534592459
121.54282375495512
111.27095865425399
113.49659203440321
114.31909763617460
124.30036155031468
135.61116163316430
141.64182498102244
141.36080546984545
139.76066467420569
139.06046154273540
141.10499414418106
142.09570543061383
149.97569511741813
147.71379291429650
152.38019950936803
133.12863268000638
148.39891005468868
146.92486871073405
156.18426879300165
163.13073262065248
158.57256991200435
169.11896828703181
164.35527168343077
151.96234708726635
157.78559224640773
147.85700677731529
156.82332697613884
162.11962667526970
173.90410795534450
180.80972668943110
171.01735049435072
179.80302830762224
185.45830826851844
191.83395959609481
184.00914002898131
191.32982076036620
196.81556444665256
201.12244198528776
206.26744263568835
201.28000293411270
204.15709289948796
207.25850304724599
210.49545864629278
209.95079277868268
209.23177526140279
216.02827921080319
207.16446265175472
197.33368244902366
207.02363938879617
209.82859270138269
215.07084377708520
215.18120867213051
212.60648131817405
203.73454837777734
202.99839440202646
203.10055849137632
203.61957777166199
205.00908009127625
