-10.00000000000000
-8.00000000000000
-6.50000000000000
-6.65000000000000
-6.78500000000000
-6.80650000000000
-4.02585000000000
-4.12326500000000
-2.61093850000000
-2.64984465000000
-2.68486018500000
-0.11637416650000
-1.10473674985000
-1.09426307486500
0.21516323262150
-0.50635309064065
2.34428221842342
2.00985399658107
1.00886859692297
1.40798173723067
1.56718356350760
4.31046520715684
3.17941868644116
2.56147681779704
4.30532913601734
3.57479622241561
2.71731660017404
3.84558494015664
3.86102644614098
4.17492380152688
2.95743142137419
1.76168827923677
0.78551945131309
-0.19303249381822
-0.97372924443639
-0.57635631999275
3.08127931200652
2.27315138080587
1.74583624272528
2.97125261845275
1.67412735660748
0.80671462094673
0.52604315885206
0.37343884296685
-0.26390504132983
0.86248546280315
-0.12376308347716
0.48861322487055
1.13975190238350
0.62577671214515
1.46319904093063
0.41687913683757
-0.02480877684619
0.07767210083843
0.26990489075459
-0.35708559832087
0.07862296151122
0.07076066536009
-0.73631540117591
-1.36268386105832
-2.22641547495249
-2.20377392745724
-0.68339653471152
-0.01505688124037
-0.91355119311633
0.47780392619530
2.13002353357577
2.21702118021820
2.49531906219638
3.44578715597674
3.00120844037906
1.80108759634116
1.12097883670704
5.80888095303634
4.62799285773271
3.96519357195943
5.56867421476349
5.11180679328714
3.90062611395843
3.91056350256258
2.71950715230633
1.64755643707569
1.58280079336812
0.42452071403131
0.38206864262818
-0.65613822163464
0.00947560052883
-1.09147195952406
2.71767523642835
1.34590771278551
1.01131694150696
0.11018524735627
-0.40083327737936
-0.36074994964142
0.17532504532272
0.85779254079045
0.67201328671140
2.10481195804026
3.49433076223624
5.54489768601261
5.59040791741135
4.03136712567022
4.52823041310319
3.87540737179288
2.88786663461359
2.49907997115223
1.14917197403701
1.63425477663331
1.77082929896998
0.69374636907298
0.52437173216568
0.07193455894911
0.26474110305420
3.23826699274878
3.61444029347390
6.45299626412651
5.60769663771386
6.44692697394248
6.40223427654823
5.36201084889341
9.92580976400407
10.93322878760366
13.53990590884329
18.38591531795896
20.04732378616307
19.34259140754676
23.30833226679209
23.57749904011288
21.01974913610159
19.91777422249143
20.22599680024229
22.60339712021806
20.64305740819626
24.17875166737663
25.36087650063897
29.62478885057508
30.46230996551757
27.91607896896581
33.02447107206923
30.82202396486231
32.03982156837608
28.13583941153847
27.12225547038462
28.71002992334616
29.53902693101154
36.18512423791039
42.96661181411935
41.26995063270742
38.34295556943668
38.20866001249302
35.48779401124372
34.13901461011935
41.52511314910742
39.37260183419668
39.13534165077701
41.22180748569932
42.99962673712938
44.99966406341645
44.19969765707481
45.47972789136733
44.93175510223060
47.93857959200754
50.54472163280679
53.29024946952612
52.56122452257351
51.50510207031616
48.15459186328454
44.63913267695609
42.97521940926048
53.77769746833443
56.59992772150099
55.13993494935090
64.22594145441582
66.50334730897424
76.25301257807682
74.72771132026914
70.55494018824223
68.09944616941800
66.18950155247620
74.57055139722858
78.51349625750574
82.36214663175517
84.12593196857965
97.11333877172169
121.90200489454952
128.21180440509457
132.09062396458512
125.28156156812662
116.65340541131397
114.18806487018257
118.46925838316432
119.02233254484790
120.92009929036311
123.72808936132681
124.35528042519412
122.11975238267472
135.00777714440724
142.10699942996652
147.89629948696987
146.50666953827289
147.15600258444562
142.34040232600105
138.70636209340094
129.73572588406086
126.46215329565477
119.41593796608929
117.77434416948036
117.49690975253232
118.24721877727909
122.72249689955117
130.45024720959606
161.30522248863645
162.67470023977282
165.30723021579556
166.37650719421600
161.43885647479439
154.59497082731497
149.73547374458346
143.56192637012512
140.10573373311263
130.69516035980138
129.22564432382126
124.70307989143915
123.43277190229523
118.78949471206572
117.21054524085915
122.58949071677324
122.23054164509593
121.30748748058633
115.17673873252770
114.35906485927494
115.22315837334745
114.90084253601270
114.71075828241143
112.13968245417030
113.02571420875327
111.22314278787795
112.30082850909015
108.87074565818114
107.28367109236302
108.05530398312672
109.64977358481406
111.18479622633265
110.96631660369940
112.96968494332947
111.17271644899652
108.85544480409688
99.96990032368718
93.27291029131847
86.84561926218663
82.06105733596797
83.95495160237118
89.05945644213406
93.65351079792066
97.78815971812860
106.90934374631574
110.21840937168417
117.79656843451576
121.01691159106419
119.91522043195776
120.02369838876200
119.92132854988581
119.22919569489723
121.20627612540751
116.68564851286676
114.71708366158009
112.94537529542208
112.95083776587987
112.05575398929189
110.55017859036271
109.99516073132644
107.49564465819380
104.64608019237443
104.78147217313699
105.90332495582331
106.41299246024099
105.27169321421690
106.44452389279522
102.60007150351569
103.74006435316413
100.06605791784771
99.55945212606295
99.30350691345666
105.07315622211100
105.86584059989990
102.37925653990990
100.84133088591892
103.25719779732704
105.23147801759433
106.00833021583489
104.20749719425140
99.98674747482627
95.48807272734365
88.83926545460929
88.95533890914837
92.75980501823354
102.58382451641017
114.62544206476916
113.16289785829224
116.04660807246302
121.04194726521672
130.73775253869505
157.16397728482553
155.44757955634299
151.50282160070870
148.15253944063784
145.53728549657404
142.58355694691664
141.12520125222500
136.41268112700249
131.07141301430224
120.36427171287202
113.82784454158482
111.04506008742634
104.24055407868370
101.51649867081534
103.06484880373381
101.95836392336044
106.56252753102439
112.10627477792195
126.19564730012976
127.47608257011680
128.62847431310513
145.06562688179463
147.25906419361516
149.23315777425364
153.60984199682829
166.64885779714547
199.98397201743092
