-106.08522699776964
-107.23158314615050
-108.78931395290086
-148.51161073487339
-195.97650043365519
-230.69335694169445
-263.21647598979359
-301.36819326888434
-340.94015740416171
-365.96948433255977
-433.65396816708267
-400.77816301713580
-390.30526032744001
-406.21845685671713
-427.56138843564315
-451.08615457173312
-440.71832062588203
-480.30737091496957
-445.79939282144244
-432.65695628206998
-476.03981283857252
-480.07670307620702
-486.17647608421584
-475.51820249701427
-448.33856464313823
-411.92070658530486
-428.56599728417211
-399.18560631099268
-392.97854213072145
-364.26347892491526
-338.89589506512300
-315.06034841329495
-324.60239401535136
-307.47844846593199
-276.57471773086189
-299.60415520723251
-282.17252126075681
-262.99343933378304
-255.51061254052252
-279.19743441921861
-304.11887475451528
-282.57561489486977
-273.87797595295393
-249.38247568726979
-264.01713625192116
-246.41550685930733
-237.67545798757857
-219.53902579487095
-243.67428506300467
-263.90149070641598
-245.59757873315573
-224.75410913732904
-235.99280747423910
-235.79281715154804
-263.31360017743185
-237.88367479058019
-259.00964766820590
-301.66051605626569
-277.15895107587562
-249.33284373319557
-225.40470439768688
-204.05761001952271
-159.46082465311156
-149.99377566566704
-145.00627743545417
-143.52849828029488
-135.25162889785250
-128.13842148678040
-123.55085310473058
-117.28488952256200
-114.54944210707984
-112.09410160919587
-115.12136582061365
-126.59179811442030
-126.36659390063596
-127.79645337629871
-130.61317554177680
-151.36881029540015
-140.79525061728171
-134.96382157704036
-133.57895915855480
-129.70126865917965
-125.78180314614946
-131.57948906712517
-129.20825057209422
-123.72845504122085
-116.67808502199730
-125.99079265446692
-117.75748734254265
-125.69311827171694
-125.35999136431354
-114.09893064507330
-113.64470676056628
-106.59676850873969
-95.34026619280931
-94.14167489064522
-96.40515971532054
-90.51081904724062
-100.16100709919792
-92.27357544338838
-86.11839387061572
-73.31741732138788
-83.52352547098434
-76.60811494224721
-75.92435800094640
-64.42817655820335
-59.17939670831753
-46.55032926761838
-44.66872520578519
-41.20628483539133
-37.19648610326495
-36.28585010290656
-43.37033666749516
-36.63976370869789
-53.38962774553698
-54.63752368195215
-48.55969197232967
-48.46738608704923
-44.12025427383719
-41.70163985795387
-41.84991736442326
-39.73469239140767
-43.29429312444159
-40.46857135097650
-39.37599561209949
-46.05133237786322
-48.85806214111899
-51.35333595816638
-48.88610628203831
-48.29202972545611
-46.55888145074537
-46.10321141188227
-45.81244238488211
-46.90133516500420
-49.00390527729149
-45.83465181569828
-44.61531752872266
-48.13969087797011
-44.23106932843485
-42.93964564029221
-39.50254316784783
-42.46692350532614
-41.20564194189464
-45.60943682309945
-44.12289955989784
-43.01500762958130
-38.51914371019889
-31.66724130021008
-33.99193441317133
-37.59182700030087
-51.11720938449304
-48.85935235852862
-37.91069159803160
-45.52605887451637
-46.08680064742370
-52.40110078692389
-60.56166528080209
-75.14676265234439
-92.34265532884189
-111.65777046501533
-126.91506119606224
-137.96964990448657
-146.29329650846958
-152.98380064588406
-150.57089907692469
-151.63702338478836
-147.11523655913027
-146.64753522368505
-146.00973542544708
-148.62389557396173
-149.27851865391702
-147.81063976940800
-146.85823932694689
-152.47423984047822
-151.53271331224971
-147.72207176402847
-151.72077997924049
-140.99725760924207
-128.74403522394186
-134.94014635952792
-143.48552723652304
-131.18685340478774
-121.83162996554869
-98.70380511969850
-91.32600263831837
-78.30763353963576
-66.34305968335205
-66.13465468008418
-53.13032705890362
-58.27986476297892
-50.91862817497755
-47.66674914776196
-43.03421399878667
-38.29221340478598
-39.07289700986821
-36.38315210737012
-33.76057285497686
-30.95095541216573
-35.22867322005788
-35.18876112326773
-38.05637603202220
-37.99254987783652
-38.59973696057140
-37.78109171372115
-38.57494953794630
-39.86532723656187
-39.11712973334156
-35.43453823482006
-34.13403598209169
-30.79001103733652
-30.13910749335535
-28.11701808853025
-28.30829004208346
-28.68050786808400
-27.60562939136180
-31.21064311609353
-29.06452315903340
-31.91376245635304
-30.23137248678131
-34.75411007137779
-29.77142736346478
-14.13361940765338
-12.65016116217959
-17.57413791059005
-27.87258377734568
-21.52544058284326
-36.99261055239587
-60.97354988255452
-59.14715742871137
-74.48388507760453
-64.78541173143104
-56.96414517471221
-61.93111129810131
-59.84517857923655
-58.63553595552884
-57.38715421310992
-54.91618523322089
-46.11863967087830
-44.94746468637200
-45.36645482301026
-43.01779123342108
-42.48113246888422
-41.77906609321101
-35.38709789199020
-25.87964703625431
-23.70286604401299
-16.95961009347295
-16.04743874306119
-11.10706157681910
-9.25921960883335
-36.00633327459545
-25.47941264411494
-22.14261001672433
-17.88455189450471
-27.84314327160341
-21.54937174498038
-43.19006845524626
-25.53145029796277
-23.39922429078362
-38.16492242405592
-47.49744675975781
-61.64825399790863
-67.15599782716086
-91.90874824446385
-82.17365285574418
-78.31986385918856
-89.79104090302131
-93.50652718031533
-86.57170090819207
-55.55225202511355
-105.68205184286158
-93.58166648693000
-79.64109170290020
-47.07768278749502
-41.19328275100333
-37.71102627150458
-10.00261685871667
-14.59709375039613
-15.27469946030556
-13.02958476659526
14.00805774215112
10.89279527523286
10.17057412293714
10.95263899412260
37.84137015611037
34.35650192334244
30.28265424777164
54.40085732158317
13.06383593708361
9.42530341521146
6.39636383190454
3.90199807978730
30.07105060000595
50.20003470758423
45.08726285641968
41.43629191826806
61.61896374565213
77.58689721002347
94.64322096919518
81.40216843869891
66.68120652414939
56.61746200698314
49.72874367686329
43.14967649904701
62.97019814727643
54.36216297103982
79.00876355682753
66.78092481748611
34.91196546785798
-12.38831926084679
-58.17015968963535
-56.26805628165235
-39.03682217533871
-44.07021455716846
-28.55035005780677
-103.00812842474028
-98.67092950751152
-96.73074551721602
-74.01385808315113
-50.49860576258658
-29.18723985513378
-12.63508142591665
-14.42705426519863
1.44397654058686
4.90162044858584
20.84175217169456
29.95895943645582
39.57810342096528
50.64949180092107
45.34953824453093
34.66182257890992
46.53995348798970
56.12982106803844
51.27356474553400
44.50716869102934
46.44768125848485
46.01650227082829
55.61623507785730
40.09850982129961
32.26706329281585
32.91688305533948
25.61555764097519
21.05295308340277
16.48915810665295
16.11489734534835
15.54573731636742
15.50614389033129
25.76821885905468
24.06830610604852
22.33550414702593
23.42309580921057
18.18953992256673
18.11086455386706
11.55684031287624
1.51576028192981
25.60698466767784
22.99908136972140
21.86739996510416
19.94597243399950
9.97962761033661
9.68995329049069
5.50438714598361
5.86898334183271
24.23742464580066
26.88557236395607
23.57063374798988
22.26142697661065
19.92185704118010
18.82829961223283
11.67414684857138
26.22758169802297
27.92064360977328
-1.45133689558337
-2.26092314125024
-1.03661842407972
-1.01538646775352
2.82416475658350
7.98747607505705
10.12877656166063
24.80543554058873
22.19930800736144
20.92385355940729
19.90205403000488
25.40187101734228
18.93291727372134
41.83481583943691
50.71888480158402
41.64172102527114
39.10594102902895
36.78779783125591
35.74767332919147
40.55087344066300
23.90545124750392
1.27035016637415
-7.21667328604632
19.53273326301419
42.14540621698770
60.49529444855312
3.27019374435001
1.02018387617770
29.73119436480947
12.46096304590489
32.14769348997737
31.47911836741513
19.75068248398659
6.41997373572032
25.48826296131935
44.53770542857163
32.74565571579306
55.64166497014175
-6.59065426100533
20.28141115609150
17.12907436296406
42.31924840171133
58.04354811517457
78.54107655549367
98.44071214764421
114.47489582842633
99.56740194774081
109.60398046845793
58.11673580268410
76.24269450106193
97.10056197744969
78.70903674997500
30.67223363395867
50.52797466791320
38.14236408917344
6.86523088177674
20.32391446096480
9.94560062386576
-29.18364235742553
-8.65563955773370
-22.00183252821862
-27.96274499426624
-36.32687505837070
-73.41973417814104
-83.15215705970492
-87.97805865731256
-96.87624570505689
-102.26540914126142
-105.36087876641112
-110.70324775280989
-111.84531571236995
-118.02340454967830
-122.30829043478352
-127.82348948248610
-127.02782656881502
-127.42015681368028
-129.21553196857303
-134.47870433871046
-165.54450323947407
-160.76688091938468
-161.95558231231183
-168.56906245370408
-170.74789980010846
-157.60386214324546
-158.64161582646082
-150.89730426095971
-145.51733416837459
-141.50722757193844
-171.36391512924982
-160.92859795420296
-152.72228354689653
-194.99961228957719
-186.15436637636915
-169.98345547525494
-158.16816499481735
-148.00131731536317
-132.95760968605651
-122.52034320291874
-111.16512811613686
-104.49427785696814
-111.90494443783074
-104.26515330472860
-98.74574135749833
-105.10394116279730
-101.15991426966410
-96.00378856894132
-65.01874052633109
-57.65881253853998
-64.60817780729377
-41.14442532311278
-40.40585308742558
-38.45461231064318
-8.00741411880495
-4.76199727414257
21.46178637862936
45.44243184655235
43.94584761092094
63.85819544951885
86.75178242722848
103.24712907746600
119.08269778924324
111.68961249349748
120.81731318119580
111.40866611824337
116.88493580609756
106.41354532429537
123.05457910013911
106.30144072256319
92.87157479885532
86.14966813299262
104.16185643302688
95.66131862349835
113.51566979339567
103.33072323239284
112.64872166264352
121.88189732599633
110.67082265715015
123.37556879869467
131.75983626416908
119.81448644521295
108.21706247913224
84.50502185742120
100.59614156327756
114.20624650436031
93.24499199304999
82.16432848105131
97.76450185670738
88.05367588682593
80.72013391326323
75.88403805459971
66.43712272221983
61.79658089452516
54.18871834270738
71.70725695356703
61.32286644286017
52.40397875310397
42.90032859212896
39.26135445459865
34.99885884677111
51.89132342135653
35.37416399715356
35.28464370968015
58.40721465982500
75.77318896193351
73.25222742743799
68.13784256635520
61.28857016500512
49.54880594212715
74.63593475153291
69.65741307817579
59.47494196152042
74.23710133446426
95.71169636151679
89.41507978552544
108.14174709607114
100.57772187375606
120.15341577548955
112.50993561966557
128.97380949877731
143.06077969580895
153.49901106846136
141.44435047304759
153.88164793829665
136.64120977447718
93.31991967662771
94.83593597150862
112.63858199693551
129.97433500374524
145.12355821749941
157.74602318343156
168.96329644506031
133.62557122404050
144.77146163756311
156.52324782116651
142.44991240548910
152.77284827820139
163.84345387824706
174.41552738076888
159.66817459296766
168.37441214827470
177.40851243245092
185.07101236326361
190.25979205122852
199.12202725886655
208.93330552627236
217.75718063282889
221.18860939633521
224.23898416478875
