-106.08522699776964
-128.61413293619606
-149.58384730439278
-154.07155449542290
-153.37994121810652
-171.29142555823401
-192.15339334923041
-207.82575878053515
-231.03093168884854
-255.83877613833002
-271.05048091424760
-301.60291801781926
-336.93825845506859
-331.25853321076625
-344.00720601157468
-367.54389421213972
-376.89263667291510
-404.27614156445685
-397.85983163754076
-396.75005428863091
-362.31179182782114
-364.66288654837814
-335.03003119310267
-328.88750261282280
-310.05040389044137
-306.60020090127909
-291.97436005981490
-273.21467293919653
-252.09493795625983
-233.15641864880578
-244.15494087762241
-222.62532586232143
-214.91870687847143
-219.24857178114956
-207.45505243175890
-222.61634137902044
-206.28809407307784
-189.52772799330364
-177.14493560909148
-162.84661918906735
-148.01396938127169
-159.81186114873339
-160.28565409937693
-151.01073740439281
-135.39985095111828
-133.33510910893759
-126.40077864433356
-120.29390640985592
-114.14434705203053
-109.11762720229774
-108.96596215410203
-124.93096627837392
-138.38425084204690
-143.62309676816969
-137.77309462102318
-135.67847387160037
-133.70755810995979
-135.90927434266720
-127.82570896838813
-125.44997625986200
-128.86724240055091
-132.10744067070550
-128.61544144666976
-127.30610001886919
-123.03283571902259
-128.29882547260294
-127.10786002537381
-137.09483023093588
-134.22099450258310
-133.55428290095645
-123.09200900366093
-126.82479706897293
-112.88761352190600
-107.89268710433615
-104.89025301198743
-101.77729371886990
-95.91454442041166
-97.88585299796534
-112.79334604683899
-111.63621982561702
-103.74819651126923
-94.70031408978727
-90.08873366266414
-81.78872525193826
-90.44283304271656
-109.40339940009576
-125.09421345815841
-122.66516918040189
-141.20815624535933
-130.13029876693662
-129.04238469755293
-125.39454916332184
-140.97656038804121
-154.22309109339935
-168.83198243643201
-160.82941524843937
-168.93218420693333
-163.54051788050998
-171.01977010659709
-181.13839855985074
-185.78052719882265
-172.51706022531909
-175.32727622169364
-181.37053631238422
-200.09202013383114
-210.83302029275961
-197.22033593506833
-205.31678991829091
-229.74710412585804
-237.32045359560612
-261.44079926935854
-273.48574058696266
-273.06979492393469
-299.96589600197325
-300.48323930370327
-338.37663727431055
-387.41584551861848
-382.72474589713767
-383.13875171264937
-399.24823524994179
-381.17452904676242
-408.91549988750916
-432.32275838822073
-419.66493286831565
-390.13947188943752
-372.82653550628095
-355.65485100576211
-365.84362258120041
-337.46448076014627
-342.82931613513477
-338.05403588209327
-372.03434443041760
-338.22016395226018
-314.43884980671527
-283.14956287091661
-313.70469322193725
-290.41694658707718
-257.50209394664103
-244.18054824540459
-228.65986895928714
-213.07904972193035
-198.22468551452226
-205.95048576037414
-190.66506219341215
-207.83091059048783
-191.09968905021714
-183.23751035590578
-169.57055222140221
-161.14639158105490
-153.53267659182018
-159.18427783676950
-144.06136588137008
-161.46989729965213
-154.35831525171835
-190.40743547136850
-177.52307125450122
-159.80422235377418
-151.49331975394063
-139.78791407539052
-126.45622779714910
-138.43150891763619
-129.46575734210157
-181.07574002004390
-194.56024995760401
-179.25193680961252
-189.23524587008291
-188.22097977605628
-190.11385478452829
-244.76866508737476
-237.05081478979358
-237.86072328920281
-225.72265266020312
-219.49288046827834
-213.14201205608830
-219.21809000480255
-222.61339261881508
-221.61502950352150
-209.81058902045257
-215.02584599383218
-215.91606359318038
-246.56443353147287
-258.14534723786937
-264.09427931769358
-236.85768570729974
-242.19127639858374
-245.10735611392371
-251.95510494158040
-257.53265887608347
-258.17411813258047
-269.17569836109681
-276.89138796191094
-290.40160601580300
-260.79640711008028
-234.60536802485856
-240.76037745258191
-264.26184699048696
-256.35277624377244
-261.43207917567747
-236.07919046564950
-229.33591557253885
-240.34034929934944
-232.45641285037914
-222.83806966098371
-233.49519605759946
-206.23678971017677
-187.41661526601217
-184.63222292369085
-172.78018161456984
-158.98184993186331
-157.73165625666252
-154.24980924889854
-140.77803560505538
-134.18663624365146
-133.83960681904426
-125.52569840070854
-129.82181873182114
-126.36901163636099
-191.27075239356270
-179.40673101928618
-191.55160672021299
-172.87661079495408
-197.41425621200537
-220.12536171022802
-208.01308492724476
-191.50070300190816
-188.24527586201000
-198.62064049795720
-186.21503172726960
-169.11085531828991
-185.45437617291014
-192.22820387797853
-170.54253538313847
-154.15255388986105
-139.03529040519004
-124.82588560359954
-133.42700215227927
-123.73094627012175
-116.56433412247166
-111.88306557736279
-99.92225754183103
-150.36606286906118
-134.19108620939872
-149.56391593301529
-180.21881542737833
-217.87941463991621
-229.20589233173243
-235.32698060584423
-217.37264598486433
-214.35702375453869
-194.08427667123470
-215.76861905492871
-225.04284891523147
-214.37995684564777
-219.41233149547782
-266.80477561678856
-309.69593945159806
-280.50318356707731
-276.62627249437156
-302.62294451461639
-304.11958238182518
-301.20707309429338
-342.29910976747271
-365.94961969510808
-337.53330782611295
-388.75011195047387
-400.87479894194888
-432.12121227117802
-415.41580665286625
-394.57668323329153
-401.71833451785790
-389.14891126727281
-358.37811778086223
-365.66392666041202
-338.19305333105405
-300.36886351456320
-276.68976159267316
-284.08062851622816
-261.32209400108258
-233.52087881208402
-221.34875422660363
-199.86162119270301
-178.81456052952964
-212.69702381147945
-243.23157596528173
-221.99332101304100
-221.78621969241405
-217.90115702407238
-242.62192073489919
-225.41708535772540
-216.31953881790758
-209.90149919526243
-204.34639908955884
-182.10218656003110
-202.83648488855178
-185.92434746078098
-196.33557235783422
-182.60548240255659
-171.97822770679556
-161.41552086843856
-166.26541969237951
-156.76727269854646
-152.22567039499631
-159.68668674846842
-167.08283555675584
-213.54055395209656
-199.91933997392130
-182.57355375808388
-171.35798835162979
-158.19494787566896
-148.28612995122964
-138.53834894442431
-125.71004540142205
-117.15526774147759
-107.20996874171642
-101.61811837791592
-97.39796775478790
-94.84295191837458
-88.49232465242980
-87.39315509747961
-83.57334861935874
-96.95341946561049
-94.93284282852480
-87.49841771090246
-80.66677538083171
-74.85551319559873
-73.30059025289252
-64.12942434372331
-64.92940544282648
-61.74622029322975
-61.86518013100834
-52.75272420555586
-49.47234473005781
-45.67463314661008
-47.61631028674731
-45.02947877015542
-49.40889242762449
-47.88978495451749
-39.04203242140988
-33.44831646464237
-32.02594315844441
-27.99141574703541
-22.23344689620693
-21.47484826550082
-15.58292479653528
-11.49256378863271
-13.77929790780964
-21.94196638243763
-12.95791076610038
-9.07313799439097
-3.89799843103055
-0.96367134625711
0.99222614217017
0.96278224840416
4.15549529275111
4.08604328458429
5.01397931271265
3.87705163003619
2.56005979981998
0.60377513715126
3.27128124222688
3.97724044203618
-3.46249147043687
-4.95616444001696
-8.55509320637102
-10.56616213374245
-9.97431166153999
-8.37886238306647
-10.17238806582415
-7.26539023820091
-8.73491221905067
-7.83714894310365
-12.24931465588960
-8.34091472024158
-6.89709443356974
-3.72506596231923
-1.44857977325618
-0.14195147758723
2.23460823247295
1.35328620249579
3.04488255226225
5.09516258949384
5.86058533316070
5.60355033131378
4.81153990578614
7.44548879442276
8.20648875169285
7.69282610412680
7.36815684866482
6.81478645251665
5.59171791455415
3.50330314947319
3.36696548883091
5.60148020355586
6.52340822265640
4.89243134645919
7.26908440460156
14.86884578748189
12.04204631780855
16.25157446088714
20.29439715467981
17.55151384722300
19.91089965381110
15.39462402783919
17.12165329924305
12.40265200022070
4.46438799185041
3.89501036568010
-0.17190134035967
-1.21858258509148
0.49775307247986
-4.36361776690718
4.90516363503135
-7.56553228681647
-18.34461764163000
-22.28402551531245
-25.91414275654316
-35.53255119199457
-33.78106536334710
-34.05790899998422
-36.67901091493245
-35.49978664719524
-42.84696948711645
-45.02457017421217
-45.88555199498289
-39.32127530338138
-39.53072947102400
-31.16495869252596
-23.59482323938742
-27.29566466459713
-24.97805686175500
-25.49278984519849
-23.57860360078751
-27.92188265802222
-25.58484480302788
-23.55351783545531
-22.92175743778440
-18.11554860326007
-15.71149125342090
-16.39424202497372
-13.54667756720553
-16.00200229912535
-15.25874103700455
-12.56668498176814
-14.60359218631972
-9.49404365336065
-14.07811687411689
-20.53463205396428
-17.01614011546338
-13.36352732662186
-7.89953330200927
-6.12167285777794
-4.34553451421046
-3.50796444143273
-6.94898029079811
-7.26534439074467
-10.63296574240476
-15.34642127954717
-1.98687347327865
-8.54375817695603
-9.39081104576703
0.82402040522212
2.78046823378460
-1.28381734913552
-4.06788279194563
-4.91174600500058
-9.95978580612705
-9.90899585991727
-4.72958100149753
-2.25311628232770
-3.67072706382666
-4.31503146295811
-6.04240067255849
-8.64830874970097
18.07909320523678
14.05966404245523
6.61474499678536
1.69451766705603
0.60734707549373
-1.76379472729689
-0.57381256668459
-3.05811849292642
0.51216351865011
-0.21291645986351
26.82620363024181
22.22445338267819
23.30837845241654
16.39415447842048
7.76307674228743
6.66823179166054
6.13739322190090
29.54563277136642
45.42828472201550
37.16474008206026
34.30163867866522
18.24474927215432
38.72509051336752
38.52199186100988
32.37411954495001
30.47304437606646
46.51812252271532
55.43055703684431
75.43073210492541
83.07045162965616
71.43133496147897
52.37247185889851
50.91491143060497
34.58263528712887
23.40129845998525
27.91187739759595
8.59148924262868
26.02323880496229
9.91058617293630
31.77438244070002
43.29114632586545
27.96417773640896
18.28628692695913
35.87852749128969
32.48653930257414
52.78439464552391
49.83980272433065
40.82640803270593
62.05448542184900
40.43435656317450
17.60772552918974
-0.52004385611393
16.52785114933931
-6.97711003558132
16.54927236594096
40.75557456414892
37.96734313274131
17.06187658655370
35.12792247425968
34.25645139068959
26.34988894718919
9.29403363144831
0.20349374231535
-10.06226331531872
-22.15667317925373
-35.11485962751647
-46.43623087266043
-60.80148363873784
-73.67304497326217
-67.93958930111195
-76.17741580243955
-47.74467668018800
-56.49936371239147
-68.86814781141196
-74.00235157334799
-80.96535116841974
-93.91394970749609
-101.17838672181230
-105.23156438385568
-94.47768139032350
-96.47528033807571
-80.50374539563389
-90.66544911174101
-91.92180125633656
-79.84431201912548
-89.77083965431272
-89.93681618683659
-90.98604206783180
-94.62830242681339
-102.41417713955391
-65.79976745014511
-36.88892980662746
-47.06816830337664
-16.05272503104302
-28.84064859695561
-42.14561103414991
-51.60249578053572
-62.78461551094422
-56.34450884696007
-58.19591532474562
-68.42416554941765
-75.23969012705420
-83.88223310808121
-83.67290295324344
-88.16936648814153
-93.48081986647097
-96.33194094177661
-98.18387982841242
-106.62634389214746
-107.76492896514556
-110.28574968713299
-127.23139040391233
-129.27448943955969
-124.40695320731498
-120.26761406778442
-118.16950302789792
-105.89191580435254
-96.39118257431936
-88.84933666035198
-51.08663468905911
-18.64145376483291
11.76073978564942
15.95328572043528
15.89838022142828
14.59235084996459
-2.86487977810269
27.58543675603179
18.44407954834808
42.53102855871672
28.20945281670377
50.32173626711403
39.15989952051314
33.00508473912851
58.57284619573412
55.55996852402888
47.21050803429626
45.49806390955251
45.73468272030360
39.74449886204145
33.24203898075942
28.14321428459349
20.07978745100411
38.32230701508262
32.05263635164970
31.47066795070697
24.65079161534129
47.11035370378001
37.43777734462066
31.21807868712819
28.25019527321431
52.30865052780904
40.43820968956380
60.55731709601661
53.59415625483958
48.28008193862394
39.35320739616331
36.07101231120831
32.74158020000426
30.03951747107829
27.46467491634134
12.26674989345902
6.98911072089774
7.20021645958998
5.30688556324234
1.86005644446834
24.10787820967968
48.73766197373416
42.55413339910688
40.44641599781886
37.82405533150966
31.59222286009601
53.88147958583114
51.11281237104514
48.45417271028141
45.24939782593071
42.94343564323243
64.20021436281903
59.19400617317285
74.19210961114511
95.91731774768958
82.37002265172165
93.48897663131130
76.53711549254209
68.27092606591678
57.02724138712814
54.70769902564592
45.84804115814283
38.61410570789653
55.66223502063797
71.13953913014934
83.62349962662802
103.30839589903304
116.03495082510034
106.94673231039363
120.86904212838827
132.57345253036004
120.85836206847073
108.61012829240750
103.19642251924522
111.07028882811937
127.98244626039340
112.93749059093497
100.12713633031075
111.49706979072897
99.26679715402223
117.42058293484186
100.87047005543275
96.57295010910815
86.19877347437689
98.12173101700213
112.07800178065246
97.84060633759502
88.44700899078892
107.42888457696679
98.00863090423600
86.80059268977877
106.18443306051603
114.01448574802885
132.43599096504227
142.43250288780459
125.60448503565142
139.59746009637442
125.12507474649362
113.79792654605671
126.26227252984832
118.51752071199495
101.94287183347188
90.95906644080894
108.84133710684014
98.62556779172878
114.03599749326332
106.52653706758295
99.24932823724826
93.54755115538617
87.33151884724971
75.16974777744102
66.33198271907906
83.34229558912945
97.62533225107660
108.40041720960834
89.98945411780038
82.85421860072752
95.61148173941999
79.47507733484950
75.99906458696714
71.94803020600118
88.05320912208211
80.77317235800885
68.91261807716037
86.43154026653760
99.71086431530104
116.49773205078472
132.07696957520974
143.77760577744729
146.81565489249363
158.69333099076866
161.76629491650513
144.95057897577971
156.93620289987669
170.09795541797172
155.63960774915424
139.42266559880241
126.47836866103066
116.31281989058300
133.63889221472007
111.03820762432748
101.18356691963481
96.54298618342855
111.69306884163528
126.55392786296129
141.33286225830949
151.62116807408330
139.19537682265329
122.06658340605009
135.94617789379683
147.36303075304039
135.95078618152510
121.19398138915767
135.26913942837521
142.98151317037238
129.02500721447595
120.06532745138546
135.61149039740530
129.00636830088439
142.13668285918840
159.58062802073647
168.83570791559160
146.26896326872728
156.26723510505255
143.39587056938345
128.38701514096195
115.49780364814474
130.08860817182511
145.68612534048449
157.34708766064009
165.22511062897212
147.41340426712421
156.97592101507462
169.23358760865031
153.04369279849462
165.77450182424727
172.52842374890139
156.68747928484044
144.16843136575585
156.30097331519130
168.66817509797508
178.11157352094637
180.73451243391975
189.15413475401408
197.87575313261462
209.41789275859463
214.27723582486885
221.28407854658010
226.61484780630269
229.97588661591075
229.26002636588669
211.67542973175989
218.16494205524560
226.44332037657887
229.82135179285049
202.60092511607357
177.73087817892375
186.47305961301274
171.14030994022488
179.90051371505069
165.38155108286719
171.60607400566045
151.43791484943370
163.96109874478287
149.92994919632315
158.48498448527840
170.50796509784291
150.67434866998087
164.32930681693156
146.62738225562401
130.52791366363135
117.77277112468582
107.83554286877479
101.83664242650441
120.46788543000886
109.77673002801988
102.27207086910512
93.30670417917160
114.46178092588066
105.45016887295640
92.27618304188707
110.18688409005433
124.47198419736389
114.74106778626552
104.55048199005672
99.68123322817138
89.91432726432697
108.45967668116882
101.58824932727410
88.99104461133936
74.55735286699519
67.34989356128098
62.60272009007918
40.67925035646395
64.61541526111412
62.66186011429850
57.79492701996715
51.04981877630023
70.97733168044411
89.27913771574981
84.12145855105118
76.81092650176393
70.86768273716065
61.82419191412725
81.40121255039823
74.28890202477382
92.42382542982861
85.51246973866101
103.11902810306734
90.60053803723216
83.29876096252053
103.50340347660519
98.24406673206720
111.17414438481913
104.26174848662576
119.20614196090592
134.50908603151896
146.84685383879068
130.17966373361850
118.43246595165606
129.96103533354932
118.30225402653997
106.76064013639281
96.10520620287134
89.73134073248048
111.84908032198354
128.41264645008133
141.19311369152081
130.31617311869627
121.17951517505533
112.99537713975262
102.26360169233510
97.98223427149563
115.55310927859338
129.73475639974399
143.61169346552248
133.84990602510567
145.81352383867159
158.64497788234124
168.95262620310797
152.65773321370818
113.18915090951681
101.75423685862926
91.93083168948490
107.95775440835364
93.36057814415878
114.22339571829993
127.48009379771398
118.96810926164838
130.50952188953767
112.04448288368442
106.55396356806784
123.68185112033876
114.16967097073898
129.35702234156076
119.25872615234972
133.99234420543087
147.79130228057360
137.33965484697924
148.93311845159008
160.34287450094953
128.97234514159712
143.25510539255779
156.37392356346913
147.67633245228237
158.52587734745961
147.94768984307953
137.20701577701448
147.50472255413405
132.04740709811051
145.65218835629349
133.64083353893892
147.89463503911128
158.92455680002732
144.78496903670541
135.35206590616562
146.07189140906507
156.46063120039537
168.82971066022807
156.98105120297450
144.23881223577513
128.05772624891569
140.63059060410805
153.31488496707186
140.70102575899401
151.80858062906637
139.42102294224466
150.72162817418317
161.59958817189295
161.80067719497188
175.42661423509119
165.03244795133554
152.11193001305472
162.68606511163711
147.88396183117854
157.81136082354411
142.50548003655297
130.31076264814141
114.22892203726818
128.34360941584970
143.89313922295028
157.12254928600117
168.91686956331054
180.41426220501896
188.48094847485373
194.93759105000845
200.93488914779229
209.31293240673995
216.43653443536365
222.61206878883547
202.59363167832819
204.58669508249847
214.23597519935441
217.52904776819662
195.71702038221483
181.20253329593692
189.05014675754370
199.89358140713603
205.52751615978480
209.84520667891707
217.33541207834352
