-10.00000000000000
-8.00000000000000
-6.50000000000000
-6.65000000000000
-6.78500000000000
-6.80650000000000
-4.02585000000000
-4.12326500000000
-2.61093850000000
-2.64984465000000
-2.68486018500000
-0.11637416650000
-1.10473674985000
-1.09426307486500
0.21516323262150
-0.50635309064065
2.34428221842342
2.00985399658107
1.00886859692297
1.40798173723067
1.56718356350760
4.31046520715684
3.17941868644116
2.56147681779704
4.30532913601734
3.57479622241561
2.71731660017404
3.84558494015664
3.86102644614098
4.17492380152688
2.95743142137419
1.76168827923677
0.78551945131309
-0.19303249381822
-0.97372924443639
-0.57635631999275
3.08127931200652
2.27315138080587
1.74583624272528
1.97125261845275
3.47412735660748
2.22671462094673
1.40404315885206
3.16363884296685
2.84727495867017
2.56254746280315
4.00629271652284
2.80566344487055
1.52509710038350
2.57258739034515
1.51532865131063
1.06379578617957
4.05741620756161
4.25167458680545
4.22650712812491
3.70385641531242
2.43347077378117
3.69012369640306
4.72111132676275
4.34900019408648
3.61410017467783
4.05269015721005
2.64742114148904
1.68267902734014
3.11441112460612
2.20297001214551
6.08267301093096
5.57440570983786
4.21696513885408
2.79526862496867
5.41574176247180
6.27416758622462
6.24675082760216
6.62207574484195
6.95986817035775
6.06388135332198
7.25749321798978
11.93174389619080
14.03856950657172
16.43471255591455
15.49124130032309
20.44211717029079
23.29790545326171
25.56811490793554
33.01130341714199
35.11017307542779
33.59915576788501
32.03924019109651
29.23531617198686
27.71178455478817
25.74060609930936
23.96654548937842
24.26989094044058
26.44290184639652
28.29861166175687
25.76875049558119
24.19187544602307
24.37268790142076
24.73541911127869
28.86187720015082
31.97568948013574
35.87812053212217
40.99030847890995
46.29127763101896
43.86214986791707
41.97593488112536
37.67834139301282
40.71050725371154
48.53945652834039
55.38551087550636
62.94695978795572
58.85226380916015
61.26703742824414
59.44033368541972
66.69630031687775
77.92667028518999
82.63400325667099
82.47060293100390
79.22354263790351
74.20118837411316
78.18106953670186
80.56296258303168
77.20666632472852
86.98599969225566
82.48739972303009
76.93865975072708
79.54479377565437
80.89031439808893
82.40128295828004
88.76115466245204
104.78503919620685
116.40653527658617
110.76588174892755
110.78929357403482
111.31036421663134
123.97932779496821
123.38139501547140
124.74325551392427
134.96892996253183
131.97203696627867
127.27483326965080
124.74734994268573
117.17261494841716
116.15535345357546
123.83981810821791
123.05583629739613
142.75025266765653
167.57522740089087
167.81770466080178
197.23593419472161
210.91234077524945
200.12110669772451
195.40899602795207
204.56809642515685
205.51128678264118
203.56015810437705
194.50414229393937
199.35372806454544
205.01835525809088
202.71651973228180
203.84486775905361
207.66038098314829
198.19434288483347
197.57490859635016
188.51741773671515
189.26567596304363
184.53910836673927
178.08519753006536
170.27667777705884
162.14900999935296
154.73410899941769
147.16069809947592
138.74462828952835
126.87016546057552
115.88314891451797
111.29483402306617
108.96535062075955
112.46881555868360
119.42193400281525
157.47974060253372
