32.00000000000000
28.90000000000000
26.01000000000000
23.30900000000000
20.67810000000000
18.61029000000000
16.94926100000000
16.15433490000000
16.13890141000000
16.62501126900000
15.56251014210000
15.40625912789000
17.16563321510100
17.14906989359090
17.23416290423181
18.21074661380863
17.58967195242777
16.33070475718499
16.09763428146649
16.88787085331984
19.89908376798786
24.10917539118907
39.09825785207017
35.48843206686315
32.03958886017683
29.33562997415915
26.60206697674323
24.44186027906891
23.19767425116202
23.57790682604582
25.62011614344124
27.75810452909711
26.88229407618740
25.39406466856866
24.65465820171180
22.48919238154062
21.14027314338655
23.72624582904790
22.65362124614311
25.28825912152880
26.75943320937592
24.58348988843833
22.32514089959450
20.09262680963505
18.58336412867154
17.42502771580439
16.38252494422395
15.04427244980156
14.53984520482140
16.68586068433926
17.01727461590534
16.41554715431480
19.07399243888332
19.16659319499499
18.44993387549549
17.20494048794594
16.08444643915135
14.97600179523621
13.97840161571259
12.68056145414133
11.21250530872720
10.19125477785448
9.07212930006903
9.76491637006213
10.78842473305592
11.70958225975033
15.83862403377529
16.15476163039776
14.83928546735799
13.65535692062219
12.98982122855997
12.09083910570398
11.08175519513358
9.97357967562022
9.27622170805820
10.44859953725238
10.40373958352714
11.46336562517443
10.81702906265699
11.73532615639129
15.66179354075216
14.59561418667694
13.43605276800925
12.99244749120832
13.89320274208749
13.60388246787874
13.54349422109087
14.98914479898178
14.19023031908361
14.77120728717525
19.49408655845772
21.34467790261195
21.21021011235075
19.38918910111568
18.25027019100411
26.52524317190370
24.67271885471333
23.40544696924200
22.56490227231780
21.40841204508602
24.36757084057743
23.83081375651968
24.64773238086771
24.28295914278094
23.35466322850285
23.31919690565256
22.18727721508731
21.96854949357857
22.97169454422072
21.27452508979865
20.34707258081878
18.51236532273690
17.26112879046322
15.93501591141690
15.84151432027521
15.85736288824769
19.17162659942292
20.25446393948063
22.72901754553256
24.65611579097931
26.09050421188137
26.68145379069324
25.51330841162391
24.26197757046153
23.33577981341537
21.90220183207384
23.41198164886645
23.17078348397981
23.85370513558183
23.56833462202365
25.21150115982128
24.39035104383915
28.25131593945524
32.22618434550972
31.70356591095874
30.33320931986287
55.09988838787659
51.28989954908894
47.06090959418004
44.45481863476203
53.80933677128583
53.62840309415725
68.86556278474153
68.07900650626738
73.87110585564065
112.58399527007660
100.72559574306895
90.45303616876205
81.30773255188586
73.87695929669728
83.88926336702755
103.10033703032479
107.59030332729232
98.03127299456310
89.42814569510679
81.38533112559612
72.84679801303650
64.76211821173285
57.38590639055957
50.54731575150361
44.69258417635325
39.32332575871793
34.39099318284614
29.95189386456153
26.05670447810538
22.35103403029484
19.11593062726535
16.20433756453882
13.58390380808494
11.12551342727644
9.01296208454880
7.21166587609392
5.49049928848453
3.94144935963608
2.64730442367247
1.58257398130522
0.82431658317470
0.34188492485723
0.40769643237151
2.66692678913436
3.80023411022092
10.52021069919883
13.16818962927895
21.45137066635105
24.40623359971595
27.26561023974435
29.33904921576992
29.00514429419293
29.00462986477364
27.50416687829627
25.25375019046665
23.42837517141998
21.88553765427799
21.89698388885019
21.20728549996517
20.18655694996865
19.96790125497179
20.67111112947461
20.40400001652715
21.36360001487444
20.32724001338699
19.39451601204830
18.55506441084347
17.49955796975912
16.24960217278321
15.92464195550489
15.63217775995440
15.16895998395896
16.05206398556307
16.94685758700676
18.95217182830608
19.45695464547548
18.81125918092793
17.83013326283514
18.14711993655163
19.83240794289646
21.14916714860682
21.03425043374614
22.03082539037153
26.92774285133438
26.83496856620094
27.15147170958085
27.33632453862276
35.30269208476049
35.17242287628444
34.25518058865600
33.42966252979040
32.68669627681136
31.71802664913023
34.44622398421721
41.40160158579548
49.96144142721594
48.96529728449435
52.16876755604491
67.25189080044042
69.02670172039637
75.22403154835675
84.30162839352107
91.87146555416896
86.18431899875208
83.76588709887687
83.78929838898920
93.11036855009029
133.79933169508126
