-6.00000000000000
-5.20000000000000
-5.08000000000000
-1.07200000000000
-1.16480000000000
-1.04832000000000
-0.34348800000000
-0.30913920000000
0.22177472000000
-0.00040275200000
-0.80036247680000
-0.32032622912000
3.11170639379200
2.20053575441280
1.18048217897152
0.26243396107437
-0.66380943503307
-0.39742849152976
-0.25768564237679
-1.23191707813911
-1.10872537032520
-0.39785283329268
-0.65806754996341
-0.99226079496707
-1.59303471547036
-2.33373124392333
-3.40035811953099
-3.36032230757789
-3.12429007682010
-3.41186106913809
-3.47067496222428
-3.22360746600186
-3.60124671940167
-3.34112204746150
-3.10700984271535
-2.69630885844382
-2.22667797259944
-2.50401017533949
-1.55360915780554
-2.29824824202499
-2.96842341782249
-2.07158107604024
-2.26442296843622
-2.53798067159260
-2.78418260443334
-2.50576434399000
-2.15518790959100
-1.73966911863190
-1.46570220676871
0.38086801390816
3.34278121251734
3.10850309126561
1.99765278213905
0.79788750392514
3.71809875353263
10.54628887817937
8.89165999036143
8.90249399132529
8.31224459219276
6.98102013297348
7.98291811967614
6.78462630770852
5.50616367693767
3.95554730924390
5.75999257831951
4.58399332048756
4.22559398843881
9.60303458959493
11.24273113063543
10.91845801757189
11.22661221581470
10.70395099423323
11.43355589480991
11.59020030532892
10.03118027479603
10.82806224731643
9.54525602258478
10.59073042032631
10.23165737829368
11.10849164046431
11.99764247641788
11.09787822877609
11.68809040589848
10.91928136530863
18.62735322877777
23.56461790590000
26.90815611531000
28.71734050377900
29.34560645340110
31.81104580806099
37.52994122725489
38.37694710452940
36.13925239407646
35.02532715466882
36.82279443920194
41.04051499528175
40.03646349575357
38.13281714617822
36.21953543156040
46.89758188840436
50.10782369956392
56.49704132960753
65.54733719664678
68.19260347698210
68.27334312928389
62.74600881635550
67.47140793471995
68.92426714124795
70.93184042712316
68.63865638441085
63.17479074596977
65.45731167137279
62.31158050423551
68.28042245381197
68.55238020843076
67.89714218758769
72.80742796882892
72.12668517194602
69.01401665475142
70.51261498927627
75.06135349034865
79.25521814131379
80.42969632718241
84.38672669446417
85.64805402501776
87.68324862251598
84.81492376026439
88.53343138423796
93.48008824581416
100.63207942123275
101.06887147910948
102.36198433119854
104.02578589807869
105.72320730827082
113.25088657744374
105.42579791969936
105.98321812772943
122.48489631495650
139.93640668346086
136.84276601511476
147.25848941360329
154.63264047224297
150.96937642501868
165.57243878251683
161.51519490426514
183.56367541383861
182.50730787245476
178.15657708520931
187.84091937668839
187.55682743901954
182.10114469511760
175.39103022560585
167.75192720304528
152.17673448274076
139.75906103446670
128.08315493102003
118.77483943791803
116.49735549412623
113.24761994471361
104.02285795024224
99.62057215521801
91.65851493969622
84.49266344572659
79.34339710115393
74.60905739103853
70.04815165193469
71.74333648674121
77.16900283806709
79.95210255426038
86.45689229883435
106.61120306895091
113.15008276205583
111.03507448585026
112.43156703726524
129.28841033353871
141.95956930018485
145.86361237016638
146.37725113314974
143.53952601983480
159.68557341785132
162.91701607606620
169.22531446845957
189.70278302161361
208.63250471945227
203.76925424750704
192.09232882275631
182.88309594048070
171.59478634643264
163.53530771178939
155.68177694061046
148.51359924654943
147.46223932189451
147.21601538970506
142.29441385073457
143.36497246566114
149.62847521909504
148.96562769718554
144.96906492746700
165.97215843472031
169.37494259124830
165.33744833212347
176.40370349891111
177.96333314902000
174.26699983411800
167.84029985070620
164.75626986563557
166.28064287907202
178.95257859116484
183.85732073204838
