-106.08522699776964
-116.24620408434215
-143.28681139009527
-147.12046815100931
-147.08359181818375
-145.54668367968671
-153.39036031765573
-169.64109365681131
-182.73172295576543
-176.20552477606924
-163.60316971628023
-153.72735875528207
-142.84210861285322
-151.24726393641700
-147.87532241366361
-155.30237834124836
-169.00751450196611
-173.44540610056760
-179.99549418959998
-164.59388087327855
-178.39750933593891
-180.00268780632550
-171.59285960451186
-170.31049749486488
-168.15466772579626
-161.25470529163195
-157.94615648276132
-148.85633104002753
-140.20210608544113
-134.50905998521714
-129.69825339176668
-125.13374855448917
-125.35306813569750
-125.60271826866547
-128.39695283865333
-128.03787304420808
-121.52511713026429
-125.04845540300805
-125.60285698905692
-120.65113583795687
-114.49976176516962
-112.58912850500276
-111.76661834830935
-111.50327859271677
-111.84518220041699
-108.71642817858714
-114.05890040059066
-113.62967339113976
-124.02932771603133
-125.24379334768425
-133.53075021036619
-127.35465651327618
-131.03836542939203
-138.65002999339058
-131.49534571621348
-120.80331625729767
-119.29945467367907
-110.45820347729888
-112.55286586155394
-112.05268551614341
-119.43964272903052
-117.57329348912880
-109.43588144861739
-115.63554057501554
-106.01790247931756
-102.31967892515691
-102.04984963025362
-98.20386934874161
-102.99031932412413
-103.01654827878249
-99.75375329184365
-99.94434739488052
-94.71927615259803
-91.08946704875632
-88.18900797614936
-84.40804195238577
-73.88050149817894
-80.14538231693594
-78.52481010627383
-83.01843379298951
-76.73817632661630
-80.44079607933715
-82.73125705161206
-86.61552911359003
-92.39222707898088
-91.72525109413141
-98.07641500081102
-98.64585990709013
-99.44367733277635
-102.38362138858959
-99.82663469401896
-101.75883460364250
-97.96246320619852
-106.12189418086297
-110.20310491599450
-109.17782032541861
-104.87433071923067
-101.88125024805063
-103.32608678376795
-100.84062658815104
-94.17482230216874
-96.52475790044529
-99.94732279361462
-118.64679389043508
-107.74361022017716
-105.09114110589994
-118.94862401063119
-114.80980271217841
-107.18019399964433
-104.74680119542295
-101.93983262906592
-98.14470339299783
-90.92926867173929
-89.92946113284253
-88.47388417219226
-113.34951802237225
-112.42668023333098
-100.40225006298020
-103.64026828891494
-98.84300888522056
-100.32669913966639
-111.99235270853461
-104.41211239947955
-103.74737391746072
-107.28674999601010
-104.06824966487488
-128.31155371192372
-134.10144475731687
-143.23559302064731
-144.37830989990587
-141.59245087536129
-134.14040027585230
-144.22819989073207
-136.66956855651824
-123.29964387799811
-119.16165407177365
-117.88706995995666
-117.09377025995398
-109.35149634044679
-109.08233438292145
-104.74860962421616
-101.98856864968143
-99.23301241812037
-96.57831693937143
-91.61715177776485
-95.46741281860599
-87.89944076589427
-94.12935012051254
-91.67609666716592
-105.71542199267279
-111.87428213216404
-100.94321790773226
-115.16110608172691
-107.91714853527978
-97.28948587413241
-114.61095552012453
-123.90310252563675
-127.00507988640581
-150.21369444760217
-169.92539877152871
-190.67269713729559
-175.68492475676172
-203.87338330445561
-222.75416773141959
-233.91415271988944
-206.92504323306187
-209.21778514004984
-204.05617352693457
-224.63715246680681
-268.95968548731003
-243.86819570486369
-223.83893770855312
-265.65423368743421
-281.06966434889114
-259.83870267946787
-239.50706425319703
-217.61021049856177
-223.33481638494015
-250.74059148498242
-229.93228055801811
-244.02791916143553
-225.39299817260692
-222.11134291837686
-240.19651088333799
-266.70426481599122
-282.21032773500917
-299.81393663738226
-270.57794505828133
-275.97430886793518
-289.22953090863825
-266.25670127880636
-249.90609255755214
-255.18249037745051
-241.08550279386714
-254.31740317096680
-235.70638722232187
-256.77619340337873
-254.23754232992269
-232.65733084555873
-217.95602337416565
-220.64688827701667
-202.83131712957118
-215.81710290594043
-211.84858368806943
-226.74128406658275
-225.30536101222057
-215.15698090415216
-197.46477823511981
-195.97899981643192
-195.60678851853913
-208.47695057881134
-217.70186760461706
-217.44849880478586
-199.38480040686989
-195.15575745005486
-211.86852132792703
-208.53099739084269
-198.12259438265559
-225.56296914264993
-225.25805878847910
-241.86742716733161
-219.31487095556133
-204.65521458765411
-190.55794015781132
-191.41860722326791
-185.16306479987023
-175.46441266001921
-160.46397162359372
-155.24206846465941
-137.45459667679290
-130.05875245636167
-120.48552830229387
-112.42784322986901
-106.93823549794237
-98.32630070689535
-99.19679093474932
-95.70053308108601
-89.81010664962942
-107.48494625274547
-101.20637763508624
-115.46014737360170
-107.73959379940092
-95.14465741539968
-93.55687087190488
-108.65591612819998
-131.54350682835678
-122.18992291568766
-111.94207416510794
-124.33159242540691
-112.52945666057074
-123.40988365178970
-114.40702206260377
-109.79553854361399
-99.92713540728911
-145.78558030129105
-189.95519349519157
-176.93697517569436
-187.66146540545009
-201.25489308044325
-216.16698581665892
-216.30208283332894
-218.92328883739992
-258.14614276161001
-296.78675572534996
-282.11857728617144
-263.39486478547519
-300.67269796145365
-277.46313857377203
-267.97979701687859
-258.53216806391094
-292.03946064630793
-328.36181597614814
-347.35061230338454
-308.24934606662714
-292.32862029298576
-277.11285282381965
-314.69366936332221
-352.42966764557070
-349.18549783540863
-364.49177311985659
-356.18292611197376
-325.05014324854113
-311.69129325281460
-321.16618596917374
-344.55744343512004
-350.24957140929712
-356.11714255202708
-395.00546886393363
-387.84857513961873
-397.84768801426458
-408.28287281665723
-413.39466843258890
-372.27421439390798
-335.53817519724595
-311.66118912594305
-349.29403049147129
-316.06783222438173
-293.62057157350358
-294.91309958495037
-321.41766063404020
-292.63119565607269
-276.31231781301597
-283.15747153248316
-294.59460572093548
-263.30974557696209
-251.01286243767936
-274.90136947050183
-287.52795903212268
-281.20108886092737
-253.87354844368994
-246.43549534341369
-228.36810174428510
-213.74337151604198
-210.27696946493762
-187.13358993497175
-172.51354537674445
-166.07755179567025
-186.12818104923937
-168.44412658505493
-154.48190153181099
-157.41432248205521
-154.07142202035649
-145.53983893226641
-134.01485547082092
-128.56829325688668
-115.02545342077684
-108.12246630095142
-100.12184441468870
-93.50539488696658
-85.33453223833462
-73.47175822959416
-75.64025551767456
-82.89590816467910
-75.11688723556539
-78.20558001614886
-76.84551657863537
-72.39503927019962
-72.61606758167618
-75.39304269363382
-92.48100541304146
-87.82419077500352
-81.33524520953507
-76.19354396071492
-76.36865305298018
-68.89332125787664
-64.51586194134944
-68.15295810461197
-69.41515904450472
-65.83771132924888
-67.08940504286055
-64.15033791722833
-52.35346962798439
-76.52762498988609
-72.68196867636742
-80.78435030449992
-73.45073557857955
-76.87547973445743
-70.02409574296024
-73.49430938546925
-86.81379136718310
-105.43846193724443
-98.95169913537404
-89.46972681396726
-90.40940604632306
-95.59754022049380
-94.87858690822782
-88.56588328472013
-87.91001766296613
-108.60602189544994
-98.02339846186149
-88.68385194512972
-80.55809965581271
-70.55741907106388
-112.81943984346964
-103.09187386764322
-121.47252514454976
-113.81575888304127
-103.72417190556253
-95.25630531884320
-87.47318727914713
-79.99417866655681
-100.45620837833621
-96.17293993700343
-83.53274844204380
-83.58306928507427
-92.71807017536759
-96.73274570569342
-102.41028535119840
-94.31345491042812
-91.20681745903993
-85.49397830593918
-70.29088855995764
-98.24665224921662
-127.15974725704821
-109.05401757841229
-102.71300549609433
-94.51249663008223
-83.91118577704276
-82.44182563927043
-77.78965146617089
-73.91772076070191
-64.86977451966058
-67.16344005521537
-58.02088296512997
-52.85448467589685
-55.69322446251488
-72.09687971351843
-89.08448183220851
-75.25959647761150
-84.27895249143978
-121.79224032645777
-114.09669271436634
-102.05282906244807
-99.18888421474595
-89.95306874896177
-130.47342037790298
-109.90998818295394
-98.13371597396556
-99.87965848070573
-99.64549503392855
-87.38243623582700
-83.45623604780693
-79.37080875798668
-75.59291055895633
-80.71375104595431
-75.43677726492992
-69.03582648529381
-76.44373079914973
-74.06122606257068
-70.00107647003652
-76.60842019754455
-69.82170374584651
-66.59528206418385
-68.35957590621045
-85.02800176330453
-86.58844694108747
-85.16680369396360
-79.26907257802687
-80.40352374804446
-75.57837504556703
-79.70121059175011
-78.98731976601761
-77.59770845494187
-83.45016950256552
-78.44590203087949
-80.19587563743924
-84.01069886842450
-90.89864111091453
-92.37132354933183
-88.84928222716017
-88.71702891392063
-85.90543291445006
-86.04731161973727
-83.63600964781013
-80.92785275846032
-87.98442962781542
-77.98818998746449
-83.93683315923691
-86.99135592291692
-93.77314279455989
-90.26179021674024
-94.16764390869311
-91.22317554479682
-86.56065273507588
-87.76090249400410
-81.10188058890991
-79.75936027565565
-76.73065696210686
-82.50401054395573
-83.14347542757463
-74.98201683130304
-69.28241628797646
-67.76585544644486
-61.43210538267851
-63.96839198470222
-62.87338929337021
-59.04150387713054
-57.13802755853290
-68.05297055483220
-85.03879114561002
-93.95354155518527
-94.61275109845509
-66.63764743998290
-65.19878711004124
-63.68396435674116
-68.96723837653782
-66.10011848171159
-82.39253440876625
-50.79710326544732
-59.25301156990500
-62.10851841983393
-83.77976844891333
-81.05788314968964
-80.02947727279734
-76.18869205890698
-75.09469882180022
-75.06783685568446
-67.41499910914845
-56.97793269620102
-60.92145673018791
-61.04807425818660
-57.04363602847855
-51.05712160189627
-19.68153587460804
-31.95458145079760
-30.83821974655685
-51.14055681667710
-47.44131522335963
-62.35096620139632
-76.54315452419868
-64.01768562436936
-60.85394724560832
-71.11944557639684
-93.75058729216863
-110.17029060367385
-102.54783155475860
-105.03370482671944
-93.11570465197478
-84.40593126546308
-97.72407825653487
-113.35532490401640
-105.38414985038163
-101.17926801667230
-76.35125215438094
-77.10280434040216
-66.59772655146627
-82.19039911561873
-81.95968476256861
-88.66910490501684
-81.86948080284938
-68.37440828083848
-66.17892004566218
-40.85781067844822
-31.53729849106813
-42.37839705183514
-39.35771504979684
-54.95441432671182
-88.24397199752607
-88.57450950144499
-82.85439935155863
-72.44165059177301
-69.53987674988846
-88.32015281580057
-95.49861569740536
-75.87593456585138
-74.39046772338767
-69.28073942917779
-88.82888607629859
-106.73525390528843
-95.65384296807557
-85.23326243150082
-75.83795886407815
-68.37097566003514
-60.29133327934696
-50.68242435462859
-42.95771199990071
-36.26931943872634
-32.22060076856308
-53.44125911404264
-49.83537102090475
-56.29644068461023
-47.95933592235301
-49.64201976762225
-45.07687682459677
-51.39169361623034
-43.01274980050180
-47.59876210788683
-51.72853316918649
-52.60155163083023
-58.82453782137151
-54.92943200729912
-48.81674970723701
-46.41067100379026
-44.66908519512599
-46.59776163713185
-45.17086507329797
-48.71039504180928
-52.33368588437944
-50.89835069044568
-56.92120037795598
-56.41297743990405
-56.82529515715352
-52.65333158579655
-51.71545520561056
-53.25683906497542
-52.93684990417970
-51.28658955735967
-46.18192359317390
-51.79543181161905
-48.99014298789458
-42.48953467279295
-43.68708806492923
-41.54955481366333
-44.67309951611564
-46.47580692300878
-45.23947462395164
-44.79717786350499
-46.30183474163741
-49.65305353219870
-46.29717902686166
-50.12501619734918
-52.55615498736403
-53.87740640386249
-53.79017406091269
-54.04243423115034
-55.99077325014780
-52.90817011169400
-60.31237430958768
-58.42316715031291
-57.52916094300819
-55.30782815256666
-59.54763217330579
-67.80811245348160
-59.60842872892903
-54.18240367630748
-53.29033273662996
-18.27730417464799
-15.74796505242312
-19.00808051364290
-23.85121663527108
-27.48568114419469
-38.19984578062845
-37.64675292587237
-39.85369553253106
-31.02151033189531
-27.25556423374232
-26.20381307008496
-31.28121616754463
-26.96982322525444
4.50858284798338
-5.64384758627294
-1.90562027926086
-3.97469943147951
-13.13096237917351
-15.09619063641349
-11.21212061447419
-14.23743713360015
-17.78135621414138
-24.33395406669986
-25.53372310496171
-29.58252684877969
-3.09492267519714
-11.54449309218319
-13.11562786905442
-14.62893126293504
-10.92877683922227
-7.36917653886417
-10.74081632726050
-8.85880255405087
-13.16010440550368
6.70795233122723
4.17912721541698
5.24527908222207
-11.01473477364337
-20.83824394009601
-20.48058572485356
1.73191424081039
0.71994962829854
24.52108779730527
24.48775551668042
23.23718322122151
21.21107175339928
21.37357440410744
16.38335784747694
39.14153435900905
34.90129225996078
32.12654991131613
29.87349465119825
27.21677863052774
22.84232365811189
25.01311610610497
19.36106392568879
16.48255565750612
37.71930800734030
33.64505500555336
30.89722752675386
29.81722715593546
33.54154117845991
35.35628687429618
31.79393444288651
23.28966961964848
19.98821655605629
16.35887338274380
13.64790681899756
10.58882138913598
34.88617771124590
40.47046528051432
51.38724496856612
53.21761083154030
35.89016717903772
30.57785174243378
20.68693259863925
45.36727227971716
37.84315571552298
55.88098125924280
46.22915646759974
37.41931844857231
27.46459814492556
17.76387942640146
8.39963959523770
9.94927092896454
5.81866609974986
-5.34130850299045
-8.50325263258359
-18.13728066210409
-20.87387741819114
-32.48576115383472
-32.56868188805925
-10.30376526473848
-17.23230334035144
-19.30667942395210
-32.95344387117675
-8.78132820735498
-9.57166702085685
-15.36463986788872
-15.19400049798898
12.36631122884014
35.03570448764556
30.68673329615476
16.48494018356784
2.40901227963508
-18.93526598010974
5.03574729434689
-0.66402798577350
-33.19157473743743
-48.15490121506578
-15.90849766238296
6.97695013856764
26.68323551118367
46.30539987890402
63.41346517270465
79.06594765353205
98.05477440949983
60.15051012909710
43.78907466360040
64.37893378821684
30.42960253614877
12.95452848292166
5.32059224470230
0.26034949269552
23.03824690584262
23.57779763605910
7.23450336895077
0.17256277017113
-4.81192671922772
15.27044374305687
17.55783559396890
13.40691541739696
1.42221172758097
-25.52666034394041
-38.00788672314274
-43.14582795874318
-44.05540721512136
-40.70412991161108
-57.97493263516972
-83.37704685775071
-77.63474072185630
-99.49465897285825
-92.15211975643636
-93.16544195238978
-108.78958385443126
-114.00206931374211
-110.75126890868164
-106.34504579245396
-93.19989974641256
-63.86554378692207
-64.83956520718954
-61.00362278558934
-103.26684023336134
-92.90505237662256
-58.43761086645668
-70.48725599477868
-86.15442379203284
-108.70017749604048
-77.47867740812961
-77.33332486428527
-43.89157860734107
-64.64075012028025
-82.63330976715774
-72.08244982056144
-79.01501668207428
-79.08336514849455
-71.38464777578216
-68.00116068764940
-72.23990290035245
-46.60561889763535
-63.74138144198794
-64.29092473064568
-29.49387697653573
-41.70211748235207
-50.52427097781953
-57.80302831665958
-65.06552617718553
-71.26942425192931
-63.98122246903489
-56.35391246442708
-62.39091013500481
-67.39500083785357
-72.47234647665337
-45.16883260029453
-43.42751388769317
-15.48796935919899
-10.87531042078606
16.36780414875181
16.89383234801678
7.76938796001436
2.17241556402243
3.27539433715230
-3.70748825624506
-9.27617916490393
17.99198043083067
10.51808575393997
9.79469180580266
8.83171742050978
3.46261990722998
-1.11894072002911
-19.12919499731606
4.99082277545858
-11.72807415160141
-36.38855092361712
-43.55399318415974
-39.61342299471950
-55.75512212320363
-22.53206667655239
7.15131509046867
5.65318937362611
4.39112013304298
24.99196478087171
13.24825922252774
-7.57189422736992
-18.12230857731974
10.46336855543338
29.28178937521841
19.87663631768766
13.79544087134602
34.42163875459420
17.86936341780817
-1.98795448990323
-43.06248488539190
-50.49818518584264
-48.53754218007146
-39.32200534625882
-15.44340581704843
-14.23094371329799
-29.37645340147557
-39.87821142581893
-46.86310552781750
-43.97244128232131
-48.54921601701829
-58.97683347260386
-50.80633037062066
-55.00496199270262
-51.84957519631259
-27.46676795550765
-37.97649325059645
-36.48345003842248
-37.43046787007570
-41.38547553274890
-39.99882488875695
-21.02824978409930
-22.48092519202116
-26.61590503583979
-48.15454903570019
-58.86604669713908
-63.51743918748755
-66.38332683806995
-62.32287401963487
-38.07775897419349
-73.00786459504511
-83.47216083163082
-84.05947043292615
-89.55628717022167
-52.39260406923975
-56.72464576898702
-66.37871322068771
-94.38167121049156
-100.39155415840220
-110.44013228015970
-70.82712438614074
-90.00150540021386
-99.99616486077075
-107.58432113379835
-133.15016160128002
-152.76294417021356
-135.67828125326795
-143.73054232373363
-150.14803852920576
-146.46167349281282
-131.86839124624311
-126.54731179357250
-135.20201139502933
-141.09165725464945
-138.00053451820639
-152.24693394856047
-162.59288286099323
-149.39729528008257
-167.99310156110033
-158.21823274479462
-144.51087410433254
-129.08465770243762
-112.76101397828290
-101.84492374575947
-89.85283191759740
-83.44606063890838
-97.79120651719400
-97.89999363238877
-107.79068207114889
-101.62530477898535
-112.60062698318542
-119.28456153661364
-107.68972759764306
-117.19391297804697
-104.24890389151811
-89.22501941043103
-85.76693026858653
-74.88129887022896
-76.12337549090549
-38.06623303391717
-32.70844216408347
-40.30151757463921
-55.15412659253635
-53.51234978395602
-58.31795690510433
-51.16356225495878
-61.11143214155889
-56.13403607334550
-55.23808217080238
-56.45568076238904
-52.93197830866369
-47.92552899309502
-46.66937955839619
-44.14767955730868
-40.70899993091309
-42.12860579973476
-44.85112667767257
-48.99390242463230
-44.42173215917924
-47.06748738868050
-41.74486667876808
-43.60207174939015
-38.90581670856320
-31.90802790007017
-35.07739671655898
-29.57555159806199
-31.55151272837489
-44.40611335471350
-11.23032383365762
-25.80447559021799
-37.42473093068286
-51.87691230915645
-63.10326146027771
-61.04345273658242
-63.70596067615311
-60.21944586065926
-51.75460795326821
-22.81430208639543
-22.32325501135287
-33.00724204467564
-22.61600187941629
-20.85772811459173
-19.43228178014022
-19.22923413163538
-16.40387662368260
10.37131434838325
9.95057739199863
-9.25197614366385
-8.20183696657613
-7.55243833497030
-26.98309606147227
-24.08759683106044
-31.46771954562304
-34.81549036638597
-36.39782312797369
-31.20299037344931
-33.70748982898135
-27.86122154443209
-30.09309534405767
-31.29149236509054
-27.81684978084246
-29.72655566723968
-8.53308711678276
-1.93485395046162
-6.62091760892088
-15.16208373872024
-14.75192079819057
-11.62971190031305
12.96098758488941
40.71461559602274
39.35686913671936
63.96886698307434
76.55649584082374
68.93679868437957
65.36518889240615
62.50708424889159
55.82524932613134
50.34872724897947
45.32283639478884
33.51163778495483
23.59089879597776
21.73674786572210
14.31157750564149
9.59725737965441
10.69522301180493
-0.24290561805336
-8.31874402546438
-14.09215960786195
4.03284590611173
-3.99506126535372
-5.72468433015006
-10.68583520775390
-16.91134826461564
-15.21676155306674
-28.85043721793983
-35.84997406826542
-6.56282725100154
-12.39307057060451
14.67833494584595
3.24571472900264
-3.42158276029346
-17.55663889136318
-20.72120890748306
-25.18173732976559
-39.19536933554789
-30.78429039738336
-23.79801875136686
1.89217023323661
2.52995391972291
28.73149701197760
25.04111276683753
13.75521069387015
4.37793325661291
-1.66912159218350
-5.97286364665026
-13.25117430387250
-24.31219886264957
-21.74376053337599
4.92834705712657
8.98982831564245
7.30655478332299
25.70140311100866
21.53539157783500
17.74211171786905
17.51620747794442
43.66472217928042
35.53242623919947
30.86182366423758
48.66427570732564
45.84086387834652
66.04558724833527
49.89608655054470
69.70393343031563
64.75376095215293
57.58874013045831
50.97146484968208
26.59700281377091
4.86984740832875
6.78197938694221
30.62050084348375
24.53819067383527
24.69408072515562
22.39625388894418
25.58420039897253
23.67183600449461
11.38499054653908
8.32654516052829
10.80461421176711
12.20338351434020
12.54411325595691
-3.13251019519108
-5.92409774482505
-18.72637642044407
-26.56090282562624
-20.45519986696240
7.46958652545352
9.11578620482548
7.43891226760354
9.06773243182860
12.18879538871500
35.96332654842860
54.76102172517824
48.31492710720161
67.81642310513094
57.15577731539405
47.54702777252299
39.76754072087633
38.06800450727420
30.88380793471814
22.47665346449512
12.60268921617135
35.88507030532691
31.32768883873245
26.80416090281407
23.75440677980812
42.99173284562509
32.24721116785219
32.58769948074534
29.34042097238225
28.92276995457635
26.63241982700435
20.28846640725666
19.38896591278955
22.10415598938080
15.41532414648495
12.56906877407027
9.48187212246751
10.23235537538128
35.69985878088504
30.55480185842542
30.28404447474664
56.75685724709766
48.56414335974150
46.34836538351775
43.11355244590128
29.23012491852824
22.65467753350095
6.23296301039061
-6.92351100192091
-6.39938112010980
-7.60781364900778
-5.75394649111656
-2.48991128224979
-1.66805108511403
3.50853106631175
0.13975303753654
-0.03219004704537
-1.75604031768794
-1.01196830246678
24.40262404347212
19.12732622136621
13.47750907059643
8.28534766620360
3.05383248347750
-0.03596461879299
-1.19847516568846
0.15594215036137
-4.60395608032851
-18.16120129337654
-32.07030803138491
-41.42625075105165
-36.89534581137833
-44.86056522804322
-63.08179879086380
-35.40401835663333
-35.20773921325853
-9.72784455093938
-24.45978416263545
-35.36217967451989
-30.84504688141432
-41.69672068617512
-48.67314179511663
-52.98518391805653
-44.16448831517325
-58.45100192729780
-78.98718663321038
-85.21588396523740
-99.66339661854096
-111.99674297085184
-121.09937823453626
-120.75884383713061
-111.50565147212623
-120.04735299309932
-130.34614898630278
-102.63729951146050
-103.07487498492064
-92.68596046189184
-58.45645035502662
-66.60270752980362
-38.39412278614256
-39.36357604801749
-54.12977333683278
-23.64997637136682
3.95274382238573
2.14694773187971
3.30999821336447
25.54390876194928
43.69516141387809
45.14441263557678
36.08741517997819
28.80080021326160
53.52922910378278
28.36199228550790
28.22602403771327
22.96573815118790
46.83755690485664
67.69231556222128
89.92428314886183
74.16726340292722
94.72017799436424
82.72758653706958
103.07576540003321
98.40424507970276
114.32641059898231
129.23195986306891
120.32850719647061
132.98246481814792
118.66601586405709
96.85682752287448
82.57245708275184
102.03762748195155
120.21173098156937
126.73290341768467
94.12417892533392
65.14293448957268
81.68836007735358
98.63263003570535
67.17077478438645
82.95861855599163
56.96594962772007
75.79768750003304
91.81802728861346
105.23988616087972
119.42767572748939
105.96602529540529
119.37209705738407
123.58459234495575
136.39504292382702
151.14848219321888
164.04394312578751
178.81409581307599
185.62245553032156
167.78046532081120
151.63084048064368
138.41103708128645
120.88193422399056
134.18541249912548
117.69184659370758
103.05800290671441
91.73548988236894
84.44579220202874
82.09150993136994
103.63393216292360
93.61540787972308
106.73923610503549
86.20301556452179
107.52491083310800
124.12201260080830
134.19123083081121
139.29272543757642
109.73456901098501
119.94070547772063
131.30431205396357
140.41590548569658
146.05170303372284
106.69993667648284
123.52842784461090
133.66228474241987
119.62122679961305
98.34454804165689
103.89490089319953
116.79313160473615
132.86844114478146
116.27167920359139
129.04504559005980
96.74619578993907
76.66267125015945
66.90035701419012
53.00994908930815
32.17143082184504
22.37873488112492
8.06543019268837
-16.27232525658669
13.34999541349804
36.49451808583420
30.44421477623803
24.50058468880452
46.41682807216471
68.06173651485648
62.36107469718269
52.95290583609404
45.19460952289378
44.52238218547217
40.09769906490845
28.64134568582167
18.12569046664242
18.24354945403957
8.86273441984447
4.25686187330782
5.60747961053924
10.85221442410364
3.98976233645034
1.60139422878674
26.43563511835401
20.24528615273356
14.39897839475218
3.44258372920211
4.60619263320041
0.64400251454505
-7.28106608722094
-9.13007312974510
-11.19331244049497
-13.32515888510947
-25.03334093416169
-22.24048776846507
-19.82384021959529
-38.93638629242194
-31.28205889487658
-35.73164557747371
-29.00413228471452
-23.21940420426638
-38.73681659902092
-34.87143280298716
-34.97136741906323
-4.91548261203048
-7.71069238843314
-25.70636108356413
-27.50326415849629
-39.50973033497417
-33.55750865447097
-2.75842897067384
20.65930826215900
23.09542500528178
25.35891879197409
47.54980490213921
70.43555377782204
88.29295282884826
60.35336246285193
43.87233707235062
56.05273721576708
72.34157236574254
46.70115682849973
46.09305311073434
44.94941175198673
27.30402456885350
15.02137523832926
-2.50621804818628
-14.45329858614630
-10.29649908200742
-18.83654270632035
-18.98770055259537
-25.95376198239419
-20.16151404052231
3.63254817263028
8.69828145409855
6.75581966505269
8.35826462580351
6.56085509346644
8.08367197071135
6.66338813484350
2.77765301846322
0.00639290594493
1.40986547219661
0.99804925019417
4.17163186821790
2.15227018352421
-4.87324596320502
-7.77065434620371
-8.18446557409183
-11.31070549046263
-9.93606331739123
-9.42557569012476
-7.65471207445260
-4.88001795752462
-6.57846044696524
-8.50403025578399
18.89109906774032
42.96704617524075
35.18578061012658
30.85161981533233
22.08054874712145
17.77661816262167
34.29894536824522
26.34398462833738
27.62855230786120
18.62736044782763
16.83923100721125
15.69037150862689
35.79400063331209
33.90543929918601
30.72863726590600
21.63662880180644
19.49956264148010
15.76532367010783
16.65808112870764
36.58760606749311
33.55776026144700
22.91084904055062
20.80487598943580
17.91211465129984
17.22197827692003
14.30680600092452
12.94288344058487
12.09426634158410
5.87050261314242
23.39147310650152
20.72878383726192
14.84821173881034
12.61035169878600
10.59454578844988
8.38333104519111
3.72023823902672
2.17352736399656
-10.83266123059392
-15.95318959041595
-12.73280807585481
-11.70572302617362
-10.15607030054935
-16.09172563623139
-14.63323986069940
-18.58304592620308
-12.19036804601274
-7.89384775121554
-7.63836818179101
-4.49119834211617
-0.02915166007925
27.20752971581822
20.38303386539232
21.46706658678267
20.39123398381839
45.53279392841189
68.94317891654504
65.17591535898366
40.35078893645783
60.29711744736544
55.64864093067951
77.04284126349515
95.82309075302960
113.36820250538099
128.66142535524324
97.03397089507074
117.46988515127167
133.74456386569486
122.56317504733472
139.28791752125653
126.42244167055813
118.90424563548926
136.08238324833098
126.15270151065815
115.00591011688699
106.18424861176889
119.27327185389017
109.35469978248238
99.39558488421994
91.14579049288788
108.69914080452334
94.50625802495270
73.29592361822922
62.34234885759745
84.18029954989669
78.99471193333119
71.98395665679237
67.96199170444470
63.52695382826801
75.96399244163575
70.34446159158216
60.87218629818978
52.83482583974585
50.91033084234919
70.08696686530476
92.23952948851874
110.99595132404104
122.34775289453958
98.12000881203663
114.83115662201394
128.74165708804787
144.60917128767977
134.97813660982794
150.15999951030741
136.23331181268446
123.38476234362980
113.20370556259485
126.22869992888782
117.33684629360744
106.01408067875664
122.30516593966659
115.20780637687375
100.29300906645310
121.94533313644423
137.18001424287155
149.35434216038590
138.03921689910931
150.89603568747111
138.05351430746219
154.32355021841903
170.38797749937999
154.55954699174364
165.84492998075822
174.01417659119102
185.79340816312339
193.48700040724310
176.95845417829844
159.14973977314486
145.28472637832297
118.29091737570420
94.33844974897323
109.53365565012147
99.17795064504239
114.48464007800246
129.58313201583147
122.28379808856194
136.75326734594961
124.95067070930820
137.55055131370585
130.07063080563415
121.39305366239684
134.59672729898998
149.35322880494931
134.99712239343819
150.28152357845585
162.77418915190148
173.77008545568364
157.68467091832736
139.81402981324354
153.88920015206838
165.48593957446158
173.98160573501468
137.98681050038002
149.06456654622843
138.56989928066110
151.69288396849663
122.87779605576654
136.54122133942994
139.43981141394804
152.89656050025451
162.51503505623083
173.72817256874032
176.47377109973922
175.46130856717065
179.26460413082478
149.27284183967009
158.19466235820207
161.61892080685803
128.21209111151927
137.39084482751053
149.03166555009395
130.06399491062012
116.12942489383214
124.23972128476370
135.00975877271981
116.59615946919891
106.84120924449701
101.58321836645244
117.90193919211900
105.51203386590500
121.96262978244461
107.79688837894781
120.80164275433440
104.41760015577250
123.85177080193765
112.30839015712128
98.86645143952059
92.56958604814469
80.73138615901772
91.94684222392468
82.48344454952721
73.99472273096670
59.06532148692784
83.00553005919758
97.68725885804466
75.83173457387872
72.93580663452954
63.69149809692002
57.31167119732920
45.14502252022189
40.26137192298209
39.08864791278969
29.81978794090198
25.69101782241182
48.99731069263744
66.84068252701155
84.75486287627787
79.67145228486939
67.38711798709994
59.44409143664032
45.62746546778440
63.32358458582375
53.65086576119850
49.31671789712922
40.52245946691416
62.13295126828889
61.92376149744995
53.79057060041614
27.97627582591580
29.11683887647072
26.49661653067890
22.96062652315614
23.70426554748519
20.40772991752246
22.33465921341487
17.58159080305384
16.57955327297424
18.77161455683967
42.94437002306974
64.00087407585679
55.19080199512940
51.16818759892592
36.08203989878777
33.78255337483424
34.20323744880013
60.18641705600200
78.12180832984006
94.40317398978148
84.04593787705564
67.67929103421707
64.19992995893205
69.10666577201098
87.22156260614668
84.28272394147942
96.31731170461531
87.51745446165297
79.08501930995256
71.25713727075735
67.95437574023732
61.79106175357215
79.54290990701529
73.39192584085357
67.26689926190556
60.94224802955687
56.89343638895287
53.52287875843107
53.05885991219332
53.70150038754411
52.06504599533771
49.55430194328016
48.88047872442470
44.76050489240664
30.00132468219378
25.58142921303184
25.26443091393844
27.47278616986145
26.65386563575747
27.52510254927643
22.88864762395968
24.23483701246565
25.97626080267835
26.85843108633172
21.51719600454302
23.43835307500898
25.83781830905149
22.08513224123425
20.87323960943001
47.03149715061424
48.69294268147497
47.26791163553605
64.50824270298850
83.94917239488487
77.66527990412943
72.63128702684091
68.59912640154241
63.58338785163436
53.55981021175880
51.79747279832993
45.90622474746765
45.60188820100264
41.23667949771263
34.17210285984407
59.79604723256102
79.97665225573540
95.40996449776094
83.82950036716943
72.92794345831277
94.55944758869205
88.20304867315072
104.28178391041905
117.61135138747755
129.79751051650010
115.41604318179498
126.94357500178353
111.08663082589656
97.49509807213062
85.57351031214381
99.50660222479742
107.92501004492010
90.89134283503893
110.43698364913527
103.68585651904850
92.15429873081558
108.70310707016084
68.77436327448373
89.07395999288846
108.81868180962965
126.38312742110597
139.69828955439334
152.51156743821159
138.18643906732473
144.21374361876241
154.96475940319863
165.81185571573423
149.01591452072412
131.39317683072099
142.40197059121186
153.11044967208858
165.45663680248290
175.33490658591279
153.94301373145606
141.24353107092577
153.16959805611654
159.51103001307933
172.98648585586869
179.74503329544154
186.83687736961389
154.14719192866542
135.42676329641913
146.47704408282621
155.63436396878961
168.04141406186241
152.97251896143729
162.93244068819902
173.48712509485907
156.63176964059542
125.45199506741626
140.65409841258167
123.42369468191245
93.48143662086866
108.54978265490321
87.96481094282726
73.65918604539131
90.09762731119891
103.56532382212978
106.27582904650298
119.89738885715060
129.57591340276176
130.10822702635994
143.43721774989200
113.78041039513988
128.72969883958555
120.80814283029190
130.19960692202650
104.80466457626306
93.49300956689842
55.23000179282755
48.98183309238293
60.58206858067719
76.41242953828146
61.44590821565113
42.15884919957487
32.55051657830577
50.84989858272723
73.30128562863565
89.16508837535532
81.06291289336531
50.41660466237035
22.19358387884992
44.84702000248844
33.92843882975252
55.79009542046357
73.35214426628914
85.41888215266110
48.99111916206890
27.23139165977602
12.45570989919954
6.18738025817287
-28.27050528653218
-41.98570258096241
-42.17369756439405
-34.69059135400567
-7.29454398923802
-22.46922063451225
-33.36393710500808
-33.10356305769754
-40.86102287343351
-44.25129726988918
-16.00515034261035
4.84298767765545
-32.61519997554143
-31.50673265512986
-31.32983092909900
-58.26922341440756
-32.00025782328045
-44.84122060526505
-57.46357858459488
-27.07995385463782
-1.90471604458081
-21.41323821917069
-35.26704885811114
-16.43015921880789
-31.94554708028072
-60.37395646902493
-70.61824912311347
-50.17990098529717
-21.48060620832038
-39.77476374349410
-53.16293731987686
-72.21992321590959
-78.82451966107831
-85.47251231434640
-96.27235684629392
-101.77017392292858
-118.45383721380536
-115.52725960468106
-87.18345423874644
-100.79672826460956
-100.28467192110382
-101.18983224644269
-103.06432356164085
-109.43353268506203
-110.59158996003617
-96.79318219052944
-102.38197025435129
-116.93804693636315
-120.79059370889931
-132.04672446067937
-157.52136921523504
-145.69349002756030
-126.37074976801190
-117.32845198183146
-94.12301782497192
-56.69033715508841
-23.78766081700366
-18.39139891865377
9.70772840397658
37.34392713696636
55.91052723843791
78.73366130353978
96.09021419336263
112.56343551216705
82.95472701643696
99.97878438921705
114.15313113702209
125.97713196765201
137.19033964738676
119.45203398723004
137.77774619022134
153.32781519014273
163.21666620219844
176.33996757780423
156.46685060908396
160.00793066122606
169.72903029190752
181.06699515361700
163.28366655239142
176.07681123089588
182.10960796526220
167.22103021208295
146.10500447793152
135.17685086380055
119.77713194665691
131.76084140036443
119.36791889883094
134.59315106766093
119.73700045926245
110.49830417641809
124.03181081969500
108.59401164211420
121.25293421964686
127.49938266481357
114.83411354048555
105.67897763622835
94.90423929947717
115.50510044517127
130.70100939692622
119.15159960095474
108.61666760801336
100.15335046724670
89.95323486015042
106.13334167294171
118.94079916047150
125.34696477032342
114.30786363456016
128.87811849368225
114.06625159112596
106.98734864098859
101.63296693830893
91.35887501123742
111.61227969506058
84.30831581422693
99.29467900586033
52.95983315200669
73.86717876719118
62.76174989408374
85.24647094745131
101.39878138549425
111.45615174506715
102.67940651474972
118.46763897744340
133.82933994551414
142.08673458546474
128.41755362574693
139.72935428368083
151.87426614386695
162.35698331532956
171.78019090330591
151.73152269999346
116.90430987655827
107.94965257224820
74.85222421083874
97.01846930111030
114.21501998793613
125.61713130225468
139.91360825834255
144.87546965304315
155.78084363715902
111.85336032709800
124.64542745874810
138.62182873939915
149.84096472566654
153.74588929355289
166.20630756565569
125.30409837716178
139.96315850289966
125.38692391030683
138.71870232122336
128.33353213917840
140.33238555922509
156.34863060535903
131.15818257757823
141.78391930099568
91.11951747210733
105.64567878994386
109.79415776558497
126.53487842831215
75.33673058984957
89.21591153692491
107.41026262817473
122.19106873226291
93.18985242029481
75.09005065872672
90.83599730221104
103.51795926297342
68.16297187945966
78.99015032876551
99.85379054420248
55.45826498466261
67.98004975206331
79.02110828160285
52.69043520742161
69.87498439392864
85.83189469133313
69.78300570563430
86.85915920374435
58.75466968950818
78.84124853584291
95.39811720859703
60.67013917907532
27.95372098252672
51.17718620653344
74.83244931986204
91.47813967323836
108.71725413415707
121.17456078308909
109.93173365336429
126.84826237605360
79.32637157509424
57.38596224986610
79.21361751098068
96.83863364172110
35.34098597732752
58.95736992961089
29.31042083706083
-23.14517463810715
3.60090800722564
31.27790556559020
53.36283500871681
49.06401320006144
71.29504768953197
62.08815387560939
57.76238797268901
55.86544794129071
48.94441678270574
51.54847777891559
0.10688942737099
-64.23349000416893
-30.95191581607707
-2.46273575266115
-16.16994645021213
11.62370808853289
11.55427026649439
11.53450386265905
11.74646576037618
30.60919673930082
52.75788485767626
68.15042192060415
39.31470189220994
36.55330224885713
35.09875334014645
34.24449361981063
30.64413702913773
50.41015260991622
46.15315057016998
71.12668657090498
63.59103966229798
56.32209920757158
77.37969834809674
70.96494122150554
87.19762120648728
69.06586062134396
61.64375584851934
77.25990319381833
66.94739601601350
87.98832263323982
104.79252004379939
96.51334161125504
109.95858015689664
123.32950273872265
135.37326912434634
121.36314044503443
140.58391586591580
124.53693692572607
135.24458175551166
147.90189699177571
131.32897661599966
144.19031562078038
156.86671404686768
141.36578410942369
145.07015084329601
128.90923490797749
114.42599776541333
97.23139591062804
103.08543113396213
90.67651703955822
106.87785701449133
64.76142513506358
82.04534744596245
101.21118402339729
119.59120982109971
132.57017396910092
140.91018461234458
147.17609218688773
158.22264831509486
163.50042525310499
176.27485760727478
178.57523876337285
190.71656851855991
198.69299111277709
198.74450638854012
176.99284594013020
187.18225734994527
191.73281887392415
197.37980114246207
203.97068249542647
