-8.00000000000000
-7.10000000000000
-6.69000000000000
-6.12100000000000
-3.60890000000000
-4.34801000000000
-5.11320900000000
-4.30188810000000
-3.07169929000000
-3.36452936100000
-2.32807642490000
-2.79526878241000
-0.21574190416900
0.80583228624790
0.42524905762311
-0.61727584813920
-1.35554826332528
-1.11999343699275
-1.90799409329348
-2.61719468396413
-3.45547521556772
-3.70992769401095
-4.43893492460985
-0.39504143214887
0.24446271106602
0.52001643995942
1.16801479596348
3.05121331636713
6.94609198473042
7.05148278625737
5.24633450763164
4.62170105686847
4.55953095118163
5.20357785606346
3.88322007045712
4.19489806341141
7.07540825707027
5.66786743136324
6.90108068822692
6.61097261940423
5.54987535746380
4.99488782171742
3.39539903954568
2.15585913559111
2.24027322203200
1.81624589982880
2.93462130984592
3.44115917886133
3.09704326097520
4.48733893487768
4.73860504138991
3.16474453725092
2.34827008352583
1.31344307517324
0.58209876765592
4.52388889089033
3.27150000180130
4.44435000162117
3.99991500145905
4.19992350131314
7.47993115118183
13.53193803606365
20.47874423245728
20.23086980921156
19.70778282829040
22.53700454546136
22.08330409091523
24.17497368182370
23.55747631364133
32.40172868227720
28.86155581404948
28.87540023264454
31.38786020938009
35.24907418844208
37.62416676959787
40.86175009263808
41.77557508337428
45.29801757503685
43.36821581753317
39.43139423577986
46.28825481220187
51.25942933098169
58.03348639788352
63.63013775809517
67.66712398228566
75.30041158405710
80.67037042565140
82.40333338308626
82.66300004477763
100.89670004029988
93.10703003626989
87.59632703264290
83.03669432937862
80.43302489644076
85.08972240679668
86.08075016611701
97.87267514950533
95.98540763455480
97.98686687109932
96.58818018398939
123.12936216559046
112.81642594903143
110.13478335412827
121.22130501871544
110.69917451684390
112.02925706515951
118.22633135864356
117.00369822277921
120.20332840050129
128.38299556045115
131.74469600440602
122.97022640396543
113.87320376356890
127.08588338721202
132.57729504849081
132.51956554364173
130.26760898927756
121.84084809034981
115.35676328131483
106.22108695318335
97.59897825786501
95.93908043207851
96.54517238887067
99.09065514998360
103.68158963498524
105.61343067148673
108.95208760433806
105.05687884390426
99.15119095951383
98.53607186356244
97.18246467720620
97.66421820948558
89.89779638853703
91.20801674968332
99.28721507471499
104.45849356724349
108.21264421051914
106.69137978946723
100.12224181052051
94.11001762946846
88.59901586652163
91.13911427986947
95.22520285188253
96.30268256669427
109.67241431002485
119.60517287902238
123.64465559112014
124.08019003200813
129.27217102880732
140.74495392592658
150.67045853333394
144.30341268000055
135.87307141200048
132.88576427080045
126.29718784372041
119.26746905934836
117.44072215341353
124.39664993807219
122.15698494426498
119.34128644983849
119.50715780485464
118.85644202436917
122.27079782193225
141.34371803973903
151.20934623576511
153.88841161218861
152.59957045096974
147.53961340587276
140.38565206528548
138.14708685875695
163.93237817288127
193.53914035559316
186.38522632003384
189.74670368803046
185.97203331922742
191.07482998730467
