-9.00000000000000
-7.60000000000000
-5.14000000000000
-2.02600000000000
-2.12340000000000
0.58894000000000
2.03004600000000
2.82704140000000
2.94433726000000
2.14990353400000
1.23491318060000
0.11142186254000
0.20027967628600
-0.81974829134260
-1.53777346220834
-1.68399611598751
-0.31559650438876
-0.98403685394988
-1.48563316855489
-2.23706985169940
-2.31336286652946
-2.28202657987652
-2.75382392188886
-2.87844152969998
-2.49059737672998
-0.74153763905698
-0.86738387515128
-1.78064548763616
1.69741906112746
2.62767715501471
1.66490943951324
3.49841849556192
7.64857664600573
7.58371898140515
10.12534708326464
8.31281237493818
9.48153113744436
8.23337802369992
7.21004022132993
6.78903619919694
7.51013257927724
8.85911932134952
7.37320738921457
6.93588665029311
8.34229798526380
11.10806818673742
14.09726136806368
11.88753523125731
9.79878170813158
13.91890353731842
12.02701318358658
9.72431186522792
9.35188067870513
9.51669261083462
8.16502334975115
8.44852101477604
11.10366891329843
10.79330202196859
8.91397181977173
7.32257463779456
7.49031717401510
7.54128545661359
5.98715691095224
5.78844121985701
3.90959709787131
5.21863738808418
7.89677364927576
6.80709628434819
5.52638665591337
4.77374799032203
5.89637319128983
5.80673587216085
6.22606228494476
5.10345605645029
8.99311045080526
11.99379940572473
11.29441946515226
10.36497751863703
12.32847976677333
10.69563179009600
11.12606861108640
10.01346174997776
8.51211557497998
6.66090401748199
5.79481361573379
4.21533225416041
3.09379902874437
2.98441912586993
1.78597721328294
2.20737949195464
1.48664154275918
1.63797738848326
3.77417964963494
3.79676168467144
6.51708551620430
4.96537696458387
8.06883926812548
6.66195534131293
5.19575980718164
5.47618382646348
4.52856544381713
7.27570889943542
12.84813800949188
14.06332420854269
12.85699178768842
11.07129260891958
14.46416334802762
12.01774701322486
11.71597231190237
10.84437508071214
10.65993757264092
9.19394381537683
10.97454943383915
9.87709449045523
8.38938504140971
9.25044653726874
9.42540188354187
12.18286169518768
13.46457552566891
11.91811797310202
16.82630617579182
17.94367555821264
19.34930800239137
18.81437720215224
18.43293948193701
16.58964553374331
16.53068098036898
17.07761288233208
17.66985159409888
18.90286643468899
19.41257979122009
26.97132181209808
28.87418963088828
33.38677066779945
35.94809360101951
32.35328424091756
37.11795581682581
33.80616023514322
30.12554421162890
28.11298979046601
31.60169081141941
42.54152173027747
46.78736955724973
63.50863260152475
60.45776934137228
59.91199240723505
58.02079316651155
58.91871384986040
61.62684246487436
58.66415821838692
63.99774239654823
62.59796815689341
62.03817134120407
63.63435420708366
79.97091878637531
88.47382690773777
86.52644421696401
87.37379979526762
81.03641981574086
86.63277783416677
86.06950005075009
98.16255004567509
100.24629504110759
94.22166553699682
90.49949898329714
89.24954908496743
82.82459417647068
95.44213475882363
100.39792128294127
121.65812915464714
127.89231623918243
145.30308461526420
155.27277615373779
160.34549853836401
153.61094868452761
141.54985381607486
140.59486843446737
151.23538159102065
156.01184343191861
151.41065908872676
155.26959317985410
151.34263386186868
149.40837047568181
169.06753342811362
162.76078008530226
186.28470207677205
189.55623186909486
190.70060868218536
191.43054781396685
188.28749303257018
180.55874372931316
184.80286935638188
180.82258242074369
201.84032417866931
202.45629176080240
198.91066258472216
206.11959632624993
227.50763669362493
224.35687302426243
245.32118572183620
235.68906714965260
232.72016043468733
220.34814439121860
208.21332995209676
198.99199695688708
190.79279726119836
187.41351753507851
197.37216578157069
191.13494920341361
195.72145428307226
204.54930885476506
193.89437796928857
188.00494017235971

