-10.20838424198641
-9.11069599724944
-7.95448021231423
-5.69900109483319
-5.56574659495302
-2.92925047305369
-3.53753588296606
-3.89953860207115
-2.65960906703774
-3.24271051778521
-2.29808486825344
-2.41857166622984
-2.23609763829045
-1.88543297255666
-1.59766712725783
-2.63790041453205
-3.47411037307884
-2.22342278129668
-2.08559765293124
-2.57124048599646
-2.28382810061509
-3.15544529055358
-2.28184407141654
-2.89119758505651
-3.37953073929182
-2.94936085742422
-3.28693624345041
-4.05824261910537
-2.98855429991259
-2.18141170785652
-2.68713903736818
-0.57082614251947
-0.76490875994581
-1.11903624817712
-1.50523393220627
-1.92394565976470
-2.11116449181153
-2.93808608234722
-2.72297898953294
-1.84166856943924
-2.37829959213576
-2.31138027245572
-2.67533791236722
-3.35696897338929
-3.36035945429090
-4.22432350886181
-4.15320300522454
-1.26808018352216
-0.41149048411208
1.49793981371884
1.68995781934455
1.35623521510457
0.60723870404142
2.07833361427840
0.86028918650542
-0.06755574652327
-0.57978031018385
0.39951449204085
-0.21435538885760
0.88325846948884
0.80777339900835
-0.28387465714564
-0.43708915044555
-0.89993630280029
-1.59513422315245
-1.39759019227946
-2.08994941680686
-2.68734316317660
-3.51860884685894
-2.32020655319418
0.34622140646351
0.63464794803446
0.42450352200774
1.40195586093663
1.11590086258452
1.33710759402679
0.93883430118405
1.67931091887290
0.75363127864681
0.02702471772114
0.85003623979241
1.09280394782569
1.13503023033172
1.13124057985973
1.42947345831141
1.16925292902102
3.49872563872294
2.69429367611311
3.89511590804986
3.09173853928663
4.12612909946348
2.66379496959786
3.28787365156885
1.85908628641196
1.41350949163614
2.39490737978615
2.00554982727480
1.96274236587543
1.81662963211699
1.51332522341128
0.51727363644801
-0.37671719601507
2.00099362548357
1.33719081953889
0.88619534271448
0.98118667938779
-0.14564186332785
2.63115846705521
2.38738718719164
2.12134043106756
6.89391130028993
5.16565007507884
4.94647873209437
4.60666313496419
7.34036876238710
11.82286701786082
10.97976224396903
11.02401727234825
13.96736569671756
25.97871695311823
25.48849189407711
24.12841216459854
24.86142656761700
26.57684407167080
27.23690153537945
27.41032668826836
26.35239623173155
25.52536646766137
25.41039724340721
28.45444856894575
25.83751373377972
25.96990737668148
24.16820876839937
23.20872155443814
23.07467460992859
23.46484174553307
24.16017073975084
21.77959679792082
24.69311918431194
26.53491395513377
28.49037756637633
28.39176659448551
31.80809911971540
38.15797250622452
39.07633593168309
41.10257164928358
44.30805896671495
46.43310513749268
46.06487899258088
45.25274589626464
44.92588857855974
49.11321481833919
49.56220567567713
51.93205100014492
59.29972729367869
61.99119061836036
60.82834073651214
64.16087521696541
61.75382250763967
65.90892386553210
62.17423643231874
59.35326871153260
66.51264940288740
63.40769932568853
79.16604764905873
84.72011621174971
97.81689594381155
96.21035260590732
92.49927264140000
94.00774682386445
106.87014789807215
112.18707089730266
150.77838501046426
