-10.00000000000000
-8.00000000000000
-6.50000000000000
-6.65000000000000
-6.78500000000000
-6.80650000000000
-4.02585000000000
-4.12326500000000
-2.61093850000000
-2.64984465000000
-2.68486018500000
-0.11637416650000
-1.10473674985000
-1.59426307486500
-1.63483676737850
-2.67135309064065
-3.20421778157659
-3.58379600341893
0.07458359692297
-0.63287476276933
-1.46958728649240
-1.92262855784316
-2.23036570205884
-2.70732913185296
-3.63659621866766
-3.67293659680090
-3.50564293712081
-3.15507864340873
-3.63957077906785
-4.37561370116107
-3.53805233104496
-4.18424709794047
-2.76582238814642
-2.38924014933178
-2.25031613439860
-2.52528452095874
-3.37275606886287
-3.53548046197658
-2.38193241577892
-2.74373917420103
-3.16936525678093
-3.85242873110283
-2.86718585799255
-0.78046727219330
-1.10242054497397
-0.39217849047657
-0.45296064142891
-0.90766457728602
-0.91689811955742
2.07479169239832
6.16731252315849
5.05058127084264
5.94552314375838
6.25097082938254
4.92587374644429
3.53328637179986
2.97995773461987
5.78196196115788
6.50376576504210
5.45338918853789
4.80805026968410
3.52724524271569
2.27452071844412
1.54706864659971
3.19236178193974
6.77312560374576
5.69581304337119
5.22623173903407
3.70360856513066
3.13324770861760
4.31992293775584
3.98793064398025
6.98913757958223
5.69022382162400
3.92120143946160
5.12908129551544
4.51617316596390
4.76455584936751
4.28810026443076
5.45929023798768
4.31336121418892
5.18202509277002
3.76382258349302
3.08744032514372
2.17869629262935
3.06082666336641
3.55474399702977
2.89926959732679
1.80934263759412
2.22840837383470
2.30556753645123
2.67501078280611
1.40750970452550
0.86675873407295
0.68008286066565
0.01207457459909
0.41086711713918
0.76978040542526
0.79280236488274
-0.08647787160554
2.22216991555502
1.19995292399951
0.77995763159956
3.40196186843961
4.16176568159565
4.44558911343608
3.20103020209247
1.98092718188323
3.88283446369490
2.69455101732541
2.72509591559287
2.25258632403358
2.22732769163023
1.20459492246720
0.78413543022048
1.80572188719844
0.92514969847859
1.13263472863073
2.01937125576766
3.11743413019089
4.50569071717180
4.35512164545462
4.31960948090916
4.78764853281825
5.70888367953642
4.23799531158278
9.31419578042450
7.78277620238205
7.70449858214385
7.73404872392946
7.66064385153652
7.49457946638286
6.64512151974458
4.88060936777012
3.69254843099311
4.62329358789380
4.66096422910442
3.89486780619398
3.30538102557458
1.97484292301712
0.77735863071541
-0.20037723235613
-1.38033950912052
-1.74230555820847
-0.66807500238762
1.09873249785114
0.38885924806603
-0.35002667674058
2.18497599093348
1.86647839184013
1.77983055265612
1.10184749739051
1.19166274765146
0.27249647288631
-0.25475317440232
2.47072214303791
1.52364992873412
6.77128493586071
6.49415644227464
6.84474079804718
9.76026671824246
9.18424004641821
10.36581604177639
14.22923443759875
12.10631099383888
13.49567989445499
14.14611190500949
12.53150071450854
13.97835064305769
12.58051557875192
11.82246402087673
11.04021761878906
9.53619585691015
7.68257627121914
6.01431864409722
6.81288677968750
5.53159810171875
4.97843829154688
3.88059446239219
5.19253501615297
3.67328151453767
2.80595336308391
4.42535802677552
2.78282222409796
3.70454000168817
3.13408600151935
4.12067740136742
3.40860966123067
3.26774869510761
4.34097382559685
5.90687644303716
4.51618879873345
3.46456991886010
2.51811292697409
2.66630163427668
1.29967147084901
3.16970432376411
2.25273389138770
7.92746050224893
6.83471445202404
7.95124300682163
7.55611870613947
6.10050683552552
5.09045615197297
7.08141053677567
6.37326948309811
8.13594253478830
10.92234828130947
10.53011345317852
10.17710210786067
8.35939189707460
7.22345270736714
5.70110743663043
10.63099669296738
9.66789702367064
8.40110732130358
7.56099658917322
8.70489693025590
8.63440723723031
9.47096651350728
7.82386986215655
10.14148287594089
8.92733458834681
8.23460112951213
7.81114101656091
9.93002691490482
10.63702422341434
9.07332180107291
7.76598962096561
6.28939065886905
5.06045159298215
4.85440643368393
4.66896579031554
4.20206921128399
3.48186229015559
3.83367606114003
3.35030845502603
3.71527760952342
3.34374984857108
2.60937486371397
8.24843737734258
6.82359363960832
6.84123427564749
5.45711084808274
5.11139976327446
5.10025978694702
5.09023380825232
4.78121042742708
7.00308938468438
6.00278044621594
8.20250240159434
6.78225216143491
6.90402694529142
6.71362425076228
7.14226182568605
7.72803564311744
7.15523207880570
7.93970887092513
9.14573798383262
8.63116418544936
8.86804776690442
8.78124299021398
8.60311869119258
9.54280682207332
8.38852613986599
6.64967352587939
7.28470617329145
9.25623555596231
7.73061200036608
7.15755080032947
9.44179572029653
11.39761614826687
10.75785453344019
19.18206908009617
20.76386217208655
18.58747595487790
19.52872835939011
17.27585552345110
18.34826997110599
19.61344297399539
20.55209867659585
19.69688880893627
18.52719992804264
16.97447993523838
17.27703194171454
21.64932874754309
22.58439587278878
25.32595628550990
34.99336065695891
32.89402459126303
30.10462213213673
26.29415991892305
27.56474392703075
23.90826953432768
23.71744258089491
23.94569832280542
25.55112849052488
25.69601564147239
29.02641407732515
33.62377266959264
40.26139540263338
36.63525586237004
34.87173027613304
32.68455724851973
29.41610152366776
28.37449137130098
25.73704223417089
24.86333801075380
31.57700420967842
33.01930378871058
29.21737340983952
28.59563606885557
27.63607246197001
25.57246521577301
26.01521869419571
25.61369682477614
27.65232714229852
28.68709442806867
26.71838498526180
29.24654648673562
30.62189183806206
30.15970265425586
28.04373238883027
24.73935914994724
26.76542323495252
29.88888091145727
26.89999282031154
26.50999353828039
35.95899418445235
35.36309476600712
32.82678528940640
29.74410676046576
28.56969608441919
28.91272647597727
25.82145382837954
24.73930844554159
28.46537760098743
27.51883984088869
26.76695585679982
25.99026027111984
29.09123424400785
28.98211081960707
30.98389973764636
31.28550976388173
34.25695878749355
37.03126290874420
36.72813661786978
38.35532295608280
43.81979066047452
43.93781159442707
48.14403043498437
44.02962739148594
46.52666465233735
45.67399818710361
49.50659836839325
50.85593853155393
49.87034467839854
58.28331021055868
90.05497918950282
95.44948127055254
96.50453314349730
106.65407982914756
97.28867184623280
98.65980466160951
102.99382419544857
95.19444177590371
96.87499759831334
107.88749783848202
107.59874805463382
107.33887324917043
120.60498592425340
140.24448733182805
151.92003859864525
146.22803473878074
141.80523126490266
137.42470813841240
136.48223732457117
132.23401359211405
122.11061223290264
120.19955100961238
112.27959590865113
104.65163631778601
98.48647268600742
93.23782541740667
93.81404287566600
96.33263858809941
96.19937472928947
104.47943725636054
105.23149353072449
101.00834417765205
99.50750975988684
99.75675878389816
105.08108290550835
95.37297461495751
94.43567715346175
96.29210943811557
99.86289849430402
105.07660864487362
113.66894778038625
123.90205300234763
130.11184770211287
117.30066293190158
115.87059663871142
113.48353697484028
112.43518327735624
102.89166494962062
108.40249845465856
116.56224860919271
122.00602374827344
133.90542137344610
145.01487923610148
149.11339131249133
151.90205218124220
156.81184696311797
151.03066226680619
138.02759604012556
133.82483643611300
136.64235279250170
139.17811751325152
137.16030576192637
130.74427518573373
121.06984766716036
115.46286290044432
114.01657661039988
104.01491894935990
97.51342705442391
91.36208434898153
90.62587591408338
92.16328832267504
94.84695949040754
98.56226354136679
103.70603718723011
106.63543346850710
105.17189012165640
104.55470110949076
95.99923099854169
88.69930789868752
89.82937710881878
90.54643939793691
91.99179545814322
90.19261591232890
92.47335432109601
95.32601888898643
111.19341700008779
128.67407530007901
155.20666777007114
156.58600099306403
178.32740089375764
194.29466080438189
184.96519472394371
176.66867525154933
168.70180772639438
165.63162695375496
159.96846425837947
158.37161783254155
151.33445604928741
145.50101044435868
133.35090939992281
126.21581845993053
122.29423661393749
114.96481295254374
113.46833165728937
106.52149849156044
98.86934864240439
92.28241377816396
88.75417240034757
85.47875516031282
83.13087964428153
76.41779167985338
71.37601251186804
72.13841126068124
70.92457013461312
72.13211312115180
70.01890180903662
71.41701162813297
71.27531046531968
76.24777941878770
79.02300147690895
90.62070132921805
93.45863119629625
94.71276807666663
101.34149126899999
103.50734214209999
109.45660792788999
132.31094713510100
142.07985242159089
145.07186717943179
175.16468046148862
192.94821241533978
184.65339117380580
180.08805205642523
178.87924685078272
172.39132216570445
170.15218994913400
175.73697095422060
185.26327385879853
206.73694647291867
223.56325182562682
223.80692664306414
216.72623397875773
211.45361058088196
204.80824952279377
196.92742457051440
195.03468211346299
189.53121390211669
185.07809251190503
182.47028326071452
184.62325493464309
183.56092944117879
184.70483649706091
216.23435284735481
