-106.08522699776964
-107.23158314615050
-108.78931395290086
-148.51161073487339
-195.97650043365519
-230.69335694169445
-263.21647598979359
-301.36819326888434
-340.94015740416171
-365.96948433255977
-433.65396816708267
-400.77816301713580
-390.30526032744001
-406.21845685671713
-427.56138843564315
-447.70649316456053
-464.81248045457113
-461.14478383803902
-464.50513680667621
-473.93158665859227
-522.97270613298019
-534.12566271578419
-534.62357288955343
-519.33558372095763
-484.67239866324337
-485.73379006169091
-444.41181747259679
-414.21217757244625
-378.84302306277772
-409.21551332820883
-442.20010238821766
-431.81187510512609
-425.08200324521260
-465.39039499072561
-461.45687249579368
-454.13493590366147
-441.19934211982195
-427.08085977108573
-411.78273690534240
-391.92702130109637
-369.50824886584513
-337.08408718954416
-320.91039733771402
-295.84028017108307
-308.10612776359324
-285.03255922212043
-263.78828351902166
-264.16940942178098
-246.14218773012439
-236.23486504184390
-222.44104933344261
-215.86112826885474
-202.20011819957693
-199.97347707347339
-183.11695377024338
-184.88233957750168
-204.57530145288902
-205.32315105243848
-213.47361359304801
-221.49730954721261
-210.59694520034157
-201.88733810536439
-199.95623193262526
-189.97574540619991
-186.77838038151316
-167.46364562618101
-153.08129782230768
-144.17663384885188
-140.22052762332746
-131.75651917344717
-119.22012925476120
-110.86739459887617
-108.92507731832971
-104.99329128759511
-98.61234918355375
-95.51904173136657
-93.23348431392807
-96.38421624142359
-91.46493108229069
-86.13966855397774
-78.35315303526602
-72.15325754965163
-68.53500762804741
-63.61426041268000
-63.01967176430331
-58.61143686436308
-59.19566438979703
-56.61191811811092
-56.68789067038519
-53.07844002548944
-52.91121096012017
-58.73281720662396
-60.80900966177513
-57.57737723427646
-63.16179644781496
-73.04274881486086
-82.59976060286237
-78.81011106171181
-75.46002323922617
-69.94058289289168
-63.68497609468717
-65.17024101651531
-62.48349079054397
-63.38042510391124
-58.92231323006302
-50.58276061075711
-44.14309188785293
-48.78716174505398
-60.98315599394947
-53.51303489231805
-65.90777688630821
-81.88105755159698
-91.88842038703442
-95.57184822399211
-95.71237028873752
-99.26152485233915
-115.34023036236449
-108.59401205443402
-119.65374989686357
-117.81112974198842
-134.02236741009213
-119.74435584406579
-124.30723016834315
-161.28312209305733
-180.93720057676330
-180.19002927437788
-170.38677735460365
-167.84898273935053
-174.87522174335794
-157.98100513666566
-138.06316561129498
-132.74037230568516
-120.56944786974282
-110.04008216642666
-104.60326559926622
-94.73764408561941
-95.12516672238313
-88.07498260664869
-94.87778947444139
-98.96993986095127
-108.66454196425619
-120.48484147309628
-111.39612351271712
-118.49249793351589
-129.25519596700838
-119.29352661297082
-105.94081888553589
-93.84388935617147
-82.38373058876326
-72.70432431214110
-79.52320247805920
-70.79594127802757
-67.56341652532181
-67.64288119852598
-61.59476253277100
-57.93458376273512
-51.80146015254450
-50.86989192316756
-44.79653480017085
-44.94358774939092
-40.82036202620153
-41.89243161033582
-41.39954346314769
-41.27727531135943
-43.63759755466530
-42.92341160466901
-40.55623465052788
-38.20461155002666
-37.95704171915325
-40.45248922425279
-38.99227176264441
-39.78091878836489
-35.38981384328728
-32.14518035298369
-31.21675472786619
-27.64787292344016
-29.09702674713898
-29.70428488226926
-31.48004661205747
-26.11677027157628
-24.13391578166790
-22.38169629583566
-25.79175897173782
-32.56389530562197
-32.58798127752365
-27.42967422058229
-30.06590446723096
-23.16005218513922
-27.23158053335598
-28.30723287711056
-28.78465362242633
-31.79504857340662
-39.26223871897643
-24.31197325774365
-24.44003280766177
-22.28242270841686
-17.83516875068005
-16.67734836133513
-12.67878757505533
-21.64393942422986
-19.12583206185524
-21.18933095861973
-22.42240091066574
-28.01709809979598
-26.71554332812173
-15.80011855150256
-10.64627604250238
-4.91447863191887
-6.60553199729048
1.13966024633409
0.39155024487752
10.65483748674763
7.63091111666697
12.40216465396897
16.46534189457386
12.45415374636883
-4.58492144617926
-7.79860081937781
-8.70546013599878
-10.17073385660359
-21.85940290394336
-19.73182910751883
-22.56760161386793
-16.13871930497541
-21.23443294570530
-37.32858543074494
-32.36094588254780
-34.44977596277577
-43.59661682199157
-38.29206229386949
-37.77738747959001
-36.06680681756875
-34.79634155639290
-32.34366299114529
-38.63099177412578
-35.26028631442103
-37.19493577532315
-41.69934495855771
-36.95965370400808
-31.24278877107282
-36.94374663030668
-28.72055110594504
-37.65085350516058
-33.05907937431803
-28.88720356047324
-33.79330295948618
-31.78422679342944
-32.44785899975844
-29.59309671997893
-27.63373916905200
-22.61046164893975
-26.67185463878367
-26.93854513592372
-22.13730692374053
-17.41198642247294
-15.97058300028611
-31.26298110221069
-31.85745078322071
-43.85141044993060
-44.75661739489536
-47.58762878232350
-56.65851538042494
-57.10379515496304
-60.21949376959605
-57.07318462381839
-60.11278801926703
-65.56270240424155
-66.90342300276734
-44.06789685364187
-46.23290088293192
-41.47887971400790
-35.43733096169514
-33.20280392218530
-26.20622025970311
-22.16205424763234
-23.86071743643632
-24.72263135986177
-21.16388559484705
-26.01533075471460
-18.67152404749239
-27.16098880740596
-36.23384122551396
-28.60775253294060
-32.44565970802813
-37.66875168120239
-25.42658907054435
-39.76311493956909
-37.04751141183834
-35.77621085937800
-47.68144304886346
-62.98376869273756
-71.98080679434112
-54.77925891891152
-44.39200531983858
-47.38277914399170
-47.62346267921728
-52.24706641982611
-49.30453658036561
-61.93925003497638
-58.47718316485858
-41.44036692568984
-34.32584111765915
-25.84194898222491
-21.70252171473042
-29.12746563807941
-26.21965589121603
-19.85282954017097
-26.30291967180018
-25.66154248914529
-30.15027943756926
-33.79163450611101
-32.28990523081147
-48.03216592274498
-46.72653428935092
-43.65035065168259
-30.29288575732657
-30.98415987723165
-22.47158701750682
-39.34221800479192
-23.66612780036736
-35.77032986064950
-49.25382513435085
-49.41193890062331
-46.83170724609411
-50.19215820405083
-43.93248883666079
-40.90234200954901
-41.33810434788732
-44.13422795664781
-52.09905271302949
-47.83570824437658
-34.32837383015423
-44.48426152668255
-45.04328646582950
-40.63995395163673
-37.55380274053375
-44.59574666148797
-54.20433754157025
-53.68074643294717
-44.70979225731338
-55.20727873181056
-46.51753015139118
-46.85190379749844
-43.78632672036409
-93.51665111792053
-71.27898139644793
-71.48280628441330
-73.62383795227584
-74.76758296857743
-72.24586351793303
-72.20393323489046
-65.48299993233655
-58.92632687565045
-61.07348563645084
-62.82713959091639
-54.50785622228189
-57.77793294096340
-60.77786164487087
-43.20559177326392
-41.66613177278904
-47.94702142838128
-48.88948183855322
-42.44778681998888
-43.00459411424166
-46.98642060423681
-57.53920833772010
-79.67803283996940
-61.46490426867970
-58.00725672885540
-50.97521981848089
-36.75209270313736
-38.72539137280273
-37.71888947223139
-33.19793536907577
-115.06444636897756
-92.50116032183625
-88.21326638562034
-75.74357278449440
-69.60508784394509
-139.45166024982956
-135.81598050425049
-142.76402650892624
-152.17451694426600
-178.44518951843247
-207.93824268966807
-174.93042308787398
-162.63295980437297
-145.95739300097222
-127.75332241050386
-97.26314724405357
-89.33846496378818
-78.36143196468001
-72.49288438417911
-68.36331401954250
-55.85212112819904
-58.23050281289512
-53.70813816975622
-45.77354026872121
-35.40443326987317
-18.16441341640179
-16.73320222714036
-4.98523358082089
-4.76362664783326
11.35037235730291
22.17261894368193
32.93202277732737
8.69420689378986
11.38869807724852
9.26496500167916
15.13802770627015
16.48925981009314
22.11101199770836
20.64697689750134
20.83060778080387
20.07870762654954
24.56845797315999
36.35019568300336
47.13771921538128
39.43459377879446
35.61537896595429
34.36402529864050
44.33397650956771
38.73830993104028
36.66870796042636
41.94245172479137
47.99628297007092
46.21720071389024
37.29219246937757
36.72559783434463
31.96120179558924
31.63484065318037
33.58108447752840
40.11260207570689
32.66815135841607
37.47097831385789
46.52321506148011
45.14959243115138
42.29084399127515
51.83558347644733
57.85552934125553
53.44807256147912
42.95358221939896
46.11669337494557
44.57769558597440
47.25158239062229
52.92547275024139
45.88115201688773
40.25283928326387
45.72649336827037
45.18366531667588
50.00021817529431
56.74662331214196
58.54305082987905
54.18287694437732
42.53120866954935
38.82761792345632
38.22139472755206
45.69239665299021
57.99718452320902
69.27741277575828
59.18338954542805
51.20966805800106
49.39226617195843
46.92931852396439
45.18913785747599
40.10552014739505
37.27729297449376
35.70406617915637
35.17631088918047
33.68815280799429
33.55950774023079
30.91750098235612
28.27058092328462
25.56443859937150
25.92547597759410
25.20026459503696
20.66652242014106
17.02550205395307
17.72144483129184
18.23118857443806
18.18729928607694
19.47565891721008
17.02525384668772
16.20045628752084
14.32600662808919
14.19170748262504
16.13747519424903
14.77513648033719
18.67071862124368
21.20071766748138
18.35215203965344
14.96593048808771
31.30146802605244
31.26964746366964
26.54369398786107
28.24964528926561
25.78270696228860
24.42550258092236
27.74694643659380
26.19065086609207
26.01880184406143
25.96147201956073
35.75333134318910
44.81330522096899
43.42142801702747
38.25675276307776
38.49284166926407
35.33821615066211
44.72789692954759
54.00908348140879
65.30899805496959
71.62071664044575
67.58739088191621
72.55580058642430
69.44037314799620
57.60886297189477
54.83385559215490
65.12072856441900
79.39767757793396
76.71967374426312
60.03346637300091
67.00161990054026
62.54357685169903
62.16918305306849
73.15985941217377
84.34253066803055
93.73524193885117
85.27491336765564
85.26436918349542
87.35585566435067
88.76038627475754
74.14889860773957
86.83007283756359
75.32686707090039
75.77280264309432
85.89691071155752
81.33961367007281
82.63419083817364
76.26613408832091
78.61025278492249
76.29100839924376
87.75553518151608
85.32642239989366
78.91573662018301
81.85218119340405
83.90817305544527
71.66548384414980
84.23556980270487
89.98790125427558
101.60742542361452
99.14568697062323
89.71357815448930
78.92779912770220
51.69794024653969
61.43171425849885
67.82368856221767
56.97139437066220
68.42436396035573
70.37594882082163
84.10768879161110
83.24277660539910
90.21117616513169
75.97689921274544
80.33803749900468
83.33436400639117
74.14509117975629
77.61057170437894
85.30030672614076
88.42111608167679
94.19453534828540
97.21073073231865
101.18126767159755
97.55177218226964
81.28047014603388
75.66666340998205
77.47255062057125
71.92344282246965
78.78026181145385
70.77434238818407
82.58422254847717
97.00309199979594
100.01323718328580
89.80418492808897
97.85012079606587
102.17639360038356
107.31055873880271
113.06559725228047
113.55758786832793
110.68847618091758
109.71632208184161
110.53167570520333
113.44561985267698
104.02846410600192
104.88945817117542
105.37968525404206
107.41135231228716
98.46013833895371
83.58455505913069
71.84728078954500
72.07343866175110
57.42410269682858
66.04770681834492
71.16829038237185
81.07090353472390
76.60830940566996
94.25162991771957
101.32199759412754
106.96967259048461
107.82340831851590
110.25645852367280
95.45495199822709
97.88447698105308
101.29098356517811
86.73150694925050
75.49366538285780
83.14433533004522
74.14620750552044
85.13924137001010
82.93609710959655
94.28387914474806
99.68147225771391
107.15768752481364
111.90842415978344
126.26878587903920
112.84431832761435
113.08392306658854
101.92517334424494
86.41794988615052
78.16183455483919
70.04412308404170
65.86957492006533
63.17413693572841
72.55742215658130
76.33515434496776
69.96668760739871
73.03712810252455
67.97893974860158
64.75954675849825
68.09264765838978
73.85968146797724
70.13242431482121
83.95238113381433
75.16179331487308
76.95947370086999
71.49074465088694
69.80326192961763
68.61312439812011
79.88280461692135
73.51564248820206
82.50284609813244
77.03270206354716
88.06269962319045
49.85850968694767
44.99153252187931
60.76986279599065
57.36084600737500
64.45450044957697
54.76590603266780
38.51410751618874
29.37875294675229
39.68053445191939
27.17143513913211
21.55834771858023
-11.49267047116023
5.80342699200593
6.41361549167719
4.43524719589820
16.66066030855552
7.47416987578421
27.98996298108460
17.51781940895945
8.51922549604413
20.48418985021749
15.71962039434522
34.57552869742237
-6.03167219875021
-6.42651178563632
7.02449203059651
20.41035620042038
20.42509778876302
-37.74869024603524
-16.65182030713302
1.56705761374245
12.49393354927444
33.69608942988452
44.94139075403660
39.58661528109650
37.27903341865804
37.40469181332974
52.17327120993519
52.41492256405202
49.08275776410419
63.52482841009400
71.14106687487735
80.01058865161407
88.18661402677385
81.64376193478398
96.95214671090187
103.95325786024813
96.99033271582724
89.29571295381383
96.37628911113657
89.92901676924454
84.28280646814896
75.99365796485557
83.60236749876253
73.79092326346783
81.36915411344897
72.76835184537362
69.35466179610351
64.53542446279255
74.35153250771228
82.52202816477748
87.78872761697662
89.34313110088183
85.92456894403836
89.98901294685706
97.38999726176243
93.13787400724148
95.65882914863222
100.28601719277508
104.92175119950888
110.54265596128855
100.35033792834396
104.78534681127047
98.61162003808461
91.54655598114320
95.24314227231825
96.13438934914227
97.67221964676312
98.84467280664124
100.47969567406894
96.06888406975547
98.34405278508743
99.20537219898274
97.37566219157881
98.84890911771316
106.36785702681327
112.92989658301028
114.71837481516633
117.36630416637271
118.85142511330287
105.58950973739979
107.26855049845214
109.02573240660689
113.25037552146419
118.21154970858412
125.31238327783896
124.66218494329341
129.78351794619732
130.37022215594010
134.38677835425506
146.26488018419528
145.71846462541507
157.79368277806279
154.37196627063057
143.68000030186758
143.48038404926379
131.13307377824535
129.53563683877462
127.87788265362909
131.08954710729711
122.15198223674945
108.71624928150676
119.09397567117401
119.46555750279495
111.68618802131819
103.18104723167117
98.45105270463985
89.82711502086569
95.24291754140278
89.39567843573943
85.68908184967826
81.44163182722664
75.58735301259837
73.47455259742802
69.77571116513282
65.16331102109692
61.48365792639308
73.69744769246297
69.76580185752117
63.37275518495607
60.18372927044178
56.81398190058634
53.19728462515137
50.63161585518544
48.79741213461875
44.72232762397315
44.48958959027886
40.44620377932191
41.03097942847482
38.17900483352361
38.97063834087533
51.14589384105573
63.07020997821081
57.98062577315842
70.98414733514390
65.06649590797633
73.79145381620799
82.35441431207488
75.95603145167208
66.48530190870082
83.05098501904772
75.61403085368674
82.04674001410542
86.49650031904925
102.88551956364343
116.51543016165087
112.07850012685884
118.18834002455810
108.28534879091036
94.92486583492102
96.39716752797395
87.69592454246242
82.48795066132334
92.32011447028913
97.61301845752392
97.31098624172085
93.43151067495931
92.02498574484250
93.57585936537696
95.08220002718329
102.68905620037341
104.45355686581642
94.60471746484532
95.52126463744086
103.91677710877616
105.60831577951154
106.23641281676416
111.80580910958116
111.59688799629585
101.55946777362597
103.49236522928649
108.40346276201807
108.24962437119991
105.59350418951183
110.16993803469603
114.60746314780280
115.76751807574294
124.40924032428794
112.87091698756760
109.11389709706589
110.13618291883121
95.89735864271276
101.99234578001668
104.36992620430021
106.43005190887715
106.97124372669255
108.75815066110967
109.54239477841372
112.63591865843831
110.79591406272512
114.67896136544958
115.62108796294069
117.21416566230634
104.09375293824760
108.54525442596875
110.46896574101936
117.05628576628811
117.68901308496748
107.46116599307315
98.83223616114458
103.72514503726703
107.91265584449654
96.69674601260243
99.65186046455082
101.78823262031655
109.87548962491894
111.45552078804511
113.92081224639171
118.13473987316341
123.14634050148851
123.49252417988393
127.16387538342366
132.86027710691960
136.20358794559363
133.09585387695694
131.95305823855676
136.18425938331322
137.29496849470706
140.34991069426110
141.62096449621862
138.26047934795275
135.50649941687684
133.98730220789980
121.98796752179490
123.29902635320781
126.38292143141138
126.75338698174539
127.19539280554081
126.23220001119361
131.11758808991019
133.53612825083454
134.86782355041254
135.96732851493266
144.96359114414878
138.45256608420016
142.69250534207987
141.36828753452426
141.85987882858063
140.68264712737931
140.64761014972339
113.71174796001800
130.30834137550900
128.28076549557662
132.09905881232936
135.30623936330608
139.40399806293479
153.97220359147212
153.26246474827960
152.63613244475292
156.03517832437052
154.92119584105185
152.70224503170942
152.27390397178348
150.59310534367896
146.60358185832965
123.75966096432677
60.97112302654848
62.84830108344192
55.32034406069359
54.00696646936863
27.24077641523730
28.70150794632056
28.74369490381540
29.35126540485420
31.37381922457261
32.11749658125951
46.13884538475914
57.09449777302633
66.39360629525568
72.42960475132145
81.56411924181707
88.24943089046792
84.32190979500218
93.56580282165513
98.37260499855417
99.30457293184188
91.25503847776085
104.62112473010328
108.72798647423754
112.85121135484613
115.30603649990707
106.73627988114875
101.79632672809934
94.58340194826411
88.98043740899978
96.11640302803067
89.42576435208653
95.74444513624012
93.20750150733083
88.41515370217989
97.35551957900138
103.94379538789580
107.80399354240221
99.14311952180435
107.10104564310217
114.00200668094918
104.62413490594842
111.23930499538041
122.35047585360331
123.91589824533280
122.58797195645391
110.28941953321514
114.07200053693549
109.63576292537368
102.96876607085777
106.78990074522744
112.47156488725741
113.13027004242326
118.38530638126042
121.39465554343334
108.31413515719905
112.52508417905047
115.34336183758025
116.81772687201669
118.76555619123891
123.22175376036620
128.36778682823316
131.80264939136822
135.41358892441437
144.71015751766802
144.79376310422774
143.30383939006617
143.83062107637983
143.53765136376745
141.69288912511786
139.73739534334959
137.96951395744048
141.27344172147076
133.98483422283331
134.52673710339315
134.08874853339540
137.48799493700670
126.10486010996189
125.03388153087988
139.25867488661186
143.93832374777008
151.10348546418450
150.40788464010018
150.12359785488010
151.36700296007098
150.53181985482522
148.69708121645351
149.34645524245190
153.26564591036220
143.67506627022269
144.30309793203259
143.20943285895930
141.44744976572105
138.63683316908205
142.92878650897077
144.46448560616500
145.53894254220509
144.01423390625479
157.78998928069936
161.37206256441522
157.91213148550071
157.31324511534066
145.78620717536921
144.81705981316352
143.69689276577179
145.77006341267702
145.40636542271278
131.42054075218255
129.27820879792131
134.16029041436687
136.80174133842368
141.39549247766024
143.92649922728123
146.13527450547895
145.16414718704166
147.17553764555038
143.51342013475616
142.70043484668133
147.03397811322304
148.45093515517152
149.21505897668322
145.50996170890392
148.64000791379235
152.16589690139386
151.09342822600473
136.11564251513028
138.56551126508424
139.27843128198793
141.52117791542278
139.12212102922049
143.80729080474296
143.93031249638628
143.69267071491421
142.59481567855971
142.45233424412891
141.72971125210478
144.88996016555407
137.44483154396102
139.98154826465020
140.62528809393609
142.01357090925490
145.32934554803171
146.38181396592080
150.08566621708079
150.52171507232143
138.64266749041670
138.24659391543625
139.48300479391582
140.28251619302017
140.31835974121734
147.14845962396936
142.93121946239143
144.40055884941799
131.21729732529536
130.77669521584880
131.54374532281750
119.39419292552270
121.21884846529758
122.23470853127249
136.71186536370513
135.65002296153017
136.98552656306003
141.94192800653531
140.17275880798198
140.91824210570823
144.91037678933955
146.40303087490801
147.66801093687226
146.41858492272064
133.81920686663790
121.37139386339514
126.02188633912185
128.60203758491502
121.94649345714303
112.42883607609993
118.22429730912216
112.64120144012558
108.10127717048606
110.60555885918316
116.12873979190209
119.56575582684911
135.16718095105384
137.12699319182022
128.60600849852364
127.47661210405710
127.00276707231100
132.83555734382665
134.95492918882152
138.81662061654026
142.59125535270462
141.83182725349985
146.72548179789453
144.76802711107251
148.59119093060482
150.78658752506433
135.63820441605822
140.58499489396701
143.04654334861442
144.29654278530509
145.19514039170497
145.65451387903630
145.15341564993329
142.32967504754853
138.69498858006398
139.92697957517498
138.56781053814717
138.06719878858883
136.25376197471078
137.12933186736294
135.47962777913929
134.66750131930749
136.59345373881473
125.82601320681725
128.21348764312108
127.90047845874615
119.25200060493677
124.74345431206673
130.96137278552536
123.53370548615054
126.05713795100397
127.36499138278872
128.68316234383190
130.71651827898461
129.72525463883130
131.47182002430367
113.29591994500588
119.00381079575371
121.74273186121408
125.11095377208862
107.54518230070981
123.35951366909781
123.10284045342802
126.51416739427020
128.51414466864702
133.56403473204571
134.37973634826784
135.25492068082863
122.02813399810101
132.62888821863658
133.15854081411504
132.19615880555978
145.06673732211999
146.79523424760825
151.15900733543160
153.32137031009495
153.91889370300046
154.92129570260050
154.43821176970135
142.27633716224247
155.61499861847915
153.78872159844414
152.25397724355602
152.09759814009678
153.04210188948127
154.09265033609259
153.00671496962241
149.81567504638704
152.78415593166795
151.06892860334918
152.29291835083723
152.98556780523020
150.81662772093469
152.52667414437474
154.74367985607878
154.82318589030737
153.19458929074747
150.41298074606067
147.30927032558122
146.17092666580757
133.83594356054306
133.39296601623329
130.56702045012844
130.47960828023918
132.82214759790025
135.58602692777876
136.62145514807793
137.85249047359412
137.41273073373853
139.76399909582105
143.14015304231398
145.98425736495642
147.50352358396083
149.94686741143934
153.40050688258640
150.41854337881350
151.05172694226491
151.87685429495880
152.77732242389482
154.37523307009300
156.22537315661305
158.96742780995950
155.02958072764767
155.02561984158788
153.84216140830659
145.46530772039901
148.11371770253805
147.86490217282875
144.69260836012793
142.00372242093533
142.77637396704785
145.32414639846871
144.43998960709234
145.62486968585273
146.25532364658562
150.75348036307258
152.41887652651090
146.20968586065834
147.18722446571388
151.22395205748720
150.20710547014482
151.64249447008376
153.81224692958790
153.80511325969147
155.82757742937974
154.86578196791268
143.41807638681678
148.62627919796904
146.92341072406239
147.47943907382199
147.26213831371186
129.76580195077909
124.28322460694558
128.38043191862002
130.64389546162550
132.32051436787765
133.65839850948365
136.01168431013036
141.80949571213955
144.81772504175527
148.80990960301830
154.24445534989991
157.65310031407415
149.50574640821532
149.91931603208653
151.48945801305499
150.69422481663202
153.97975913381256
135.87349761073500
139.71079599741088
142.52214347701795
145.98343059718093
144.02445076288282
145.78784628914505
134.38712771922445
134.50905821362545
121.36833627036417
123.52920798876384
125.97415596757769
129.99851168011071
133.29293549028264
118.21150212381006
122.22422565438022
134.52303369613330
135.03825646181420
122.84240087275751
128.57944878174382
127.22299817488100
126.28527875778424
128.64809771290589
135.24537408274739
141.21645826455494
146.94510540091497
146.19406042755506
149.95239459541060
147.78401664873689
131.82722933817791
135.13009678979245
140.49027275960773
145.09065012757799
132.91211332462174
137.37051053511379
127.61030544567141
133.20291441224597
133.64705384916482
122.07818658914039
125.52748627176192
129.75459505605818
135.48965701002243
137.87435401629935
139.87125475124802
124.72430664696458
110.18608885941832
101.44571359407243
108.71938776238463
114.57068120394794
119.85609724924679
123.42066121548783
129.22356044487330
128.63665675093330
131.37276010344172
126.14356711251804
130.24325593441813
131.28874186613118
132.21955092552241
130.80886835300194
129.61790665813970
130.34575004664077
132.70335288128177
136.36166841966366
137.46990055282993
130.87172281734181
120.38347821099964
125.28494245100129
128.37370585304598
125.52134176798057
125.63848000504123
125.81024647689664
129.75524217675945
121.60053896600070
123.31685045370372
123.52978161826162
126.28104625369015
132.05154052726135
132.51191471248771
134.69214293708922
135.03077134329223
134.24086680211775
140.04266603622992
148.59613689070676
149.85805977230720
151.20634887649155
154.80525852623259
157.23057652875130
157.66841897620964
155.98561392116017
143.98306023425747
144.75418499083614
143.06302041167112
142.87211583554446
144.54571320126968
143.23360300293032
144.24807851196383
146.55584826803380
149.76194844794409
154.47573215055939
158.28890951771049
157.28752129548883
159.14109431093840
158.27018978971134
158.14676788574772
154.21146275967496
153.47104048895108
157.57696692383763
156.83748204687910
156.14023660543182
156.75808683060194
159.54240973210932
158.06280773391717
142.49252645835438
144.82780919604321
148.51423814546166
151.48833901196477
153.80277298586347
154.19775337784353
155.35562254813502
158.17188553487708
154.59935968023279
155.26041533311121
156.61293937172877
154.85280934439803
156.97872155979229
155.01746679653328
166.81286355317454
167.22978591400650
164.01682587659721
161.13264254716441
114.99440902717848
115.30711030631009
123.39070312162715
136.65166993796635
137.99808788958228
138.55472688830264
139.45941748154763
141.29985498761005
142.04739912196004
140.80058934483819
140.54885697919346
143.26245490241800
144.90043220998174
147.55539844699538
145.13423803183545
148.32615721710684
147.06778674241369
147.98968015499022
147.95510564340998
155.35269351751657
156.68451683087073
156.33033399020727
154.22729332421042
151.96439971144005
150.09466712818272
145.37014099700374
144.27574484149002
149.34675195576907
156.72894269510269
153.61399007873680
154.40636394872479
163.17983637762154
159.70508399708348
157.97641161717061
157.15887159894228
170.23253828176667
164.82068645054545
160.20697385675842
159.89394314761228
155.71324514725242
156.23369780692269
152.67990616325932
148.78263250547303
151.43588563187757
149.43191177246564
149.46664330398167
150.95735022357903
152.49962568304474
149.33955054057910
153.46666732424441
140.75380472986305
142.86417398440844
141.12996147017626
141.26218705402962
141.46706956104467
130.61842438594786
132.52509552768774
135.37082502303946
139.32404587190922
143.42233615873084
148.58504676331995
151.84332735096595
155.82963713211686
156.21610688114308
156.13067654082727
159.08894806128237
161.28512180998143
150.66554014896798
155.74941680235270
160.11226158998730
162.91523894573751
160.82632628748510
161.37738040252526
160.79064800647114
161.01070784020166
158.69705488665340
160.90197051491026
164.63407150584786
161.70927652900281
163.61099184148969
166.66041930787421
169.59845990648523
169.30902948845852
166.92427934174748
169.11810407595888
170.75690927326110
168.89146194864659
166.35493397757389
165.47678788670439
163.91043508411721
161.91727218589691
161.65209634570235
162.84475227412756
160.45412760555780
162.66214332001681
164.81949182218739
162.68038314878626
164.30639054055791
160.80869036081674
163.31600179259331
161.48505205959682
161.55580991621531
165.62998129475528
161.61142722126689
160.47859315685022
159.79090450435552
162.39657403735785
163.66796652974062
161.77178364019144
159.81935703652988
158.14266902430279
157.20192404785610
157.34471526997055
154.65078725642832
156.43627375027575
156.40124790441567
141.70736730669640
139.87388404111516
140.51198282613726
144.35676068172708
145.38028199275243
145.41402039345033
149.49484721098821
147.49342752871320
147.32750127663024
138.66318040598790
142.55515003527876
143.84851751598526
146.34964697851689
149.12078595501819
139.43784244194370
140.05239309730479
148.45812218967461
149.15901806820025
141.58470311736693
142.54014213188279
146.43477703489498
148.83562883106765
157.67501553766795
113.14981987354244
106.91554607199527
112.15805549569501
104.89286861831776
111.93162771621684
102.60726959840163
107.89749325295307
116.88133839420297
121.34068232573154
123.81951529733590
126.91393185750734
64.53883511761188
75.87854485883285
89.36760448435905
96.17940145655113
36.33153946717777
49.18297563879490
58.64963646372787
68.58222762288158
80.31078672735799
87.52525607589365
91.75232435211316
99.77451734624117
107.11354794093796
112.16915519605043
118.20015561552448
124.36148192009659
127.88699655619823
133.71274233432885
140.81578517686722
143.56281649770790
135.50509227997091
134.61326174694267
139.01312729605547
139.77300856744597
139.20308555521041
143.72589156581884
143.39591189988931
147.49215471769838
149.96571037291480
153.76169964425571
156.63464368721486
157.70228014147733
158.04440988225045
159.49500012243621
159.63352224563951
162.09410644115627
166.56613022562095
154.98731577339836
158.86867959100752
163.14533320940367
166.81752116014951
165.14230363246364
96.60834978006622
104.35355135594838
108.74461914631989
113.68439776692247
118.50217154394051
123.09765584051969
114.32114163168686
118.30456077248112
120.06944093108393
126.38126488233240
132.07110210549305
133.85715905626066
134.42967076510180
134.62335708071959
138.22933326380974
140.82746013169285
144.78818788423456
149.17484312894160
150.74490053596318
154.85896892211977
153.63515882194105
154.00162584549065
153.61856542738767
155.43972235668545
155.62293402594580
160.01098851664020
164.20069637560891
162.35512344139272
163.51014467035688
162.22448322605166
162.31736654521751
162.98726589973003
158.79363973536948
157.58493602334826
154.89028418168414
155.93811749669985
150.36079017808893
139.38884732411802
142.07657727376812
148.40448238860773
150.44978450045480
154.57764014070861
155.21188210237923
153.56044081521480
158.18080688081687
170.86087531860477
163.78620989081534
153.12036497661111
154.96987143685655
164.48639760756640
164.21636390968774
147.70323707154327
157.19945964938995
146.79936892656116
76.40125355191159
97.40368909929046
113.93163976189112
131.67655490960456
142.28771383095523
153.00258932115210
165.54698216912601
174.71500113637114
183.45078858238014
178.55266020346366
187.75536705530297
110.06396237961405
126.12157015311780
142.64777023123500
153.51230695325214
166.61853201794997
150.43106265207754
156.19345242087908
139.37124472690482
153.76126419185326
166.72284134728696
175.03346245864512
181.15312771858885
184.50254226441868
173.12757810975688
182.13787987514780
189.15545983091445
170.35336516656849
150.72406053311042
137.59059011529030
128.09710942708392
114.17067286936583
102.26875863196079
91.97733903177753
82.30687105284163
76.20471264269953
97.07043449984629
114.69562501044864
105.61868304473631
96.46689421020264
88.11040561072159
81.59590949513732
97.29495163293873
115.66022012702796
106.07757804771128
98.58187212601642
91.36491593610306
83.51364731595351
74.39801686317470
96.36683956759401
114.56935283576749
106.28766949184607
99.18594795833160
118.53105007276761
131.89034864667195
119.73901589658448
138.33103638882309
146.72202893517448
159.49989536881350
142.37125677764212
135.50999135933944
152.91412879768941
137.59790299454863
125.02750378647154
114.81368668886877
126.65825944459914
116.40578900337677
113.55496909186112
99.42204614699831
118.35638303439895
133.30129543515190
123.30456403485786
108.53140282667650
125.97717002678397
137.96266596640683
150.45632890055211
165.74677663100485
175.85908667343492
187.45608071558456
192.32207489241222
197.71168759283267
204.79777292152698
210.30328423645236
214.64046603401692
213.61036428931138
217.10145777919820
224.31323495299966
206.80241799582512
214.92937900022270
213.64445010979617
