-108.67085793655727
-97.07481599572907
-73.87171099988423
-50.56488776389359
-33.84875817531420
-24.20992816865006
-16.79353241598892
-11.73756619764721
-7.93157218634309
-6.67784589739444
-4.65124127216705
-3.54068036841601
-2.46517858281163
-1.70834702720393
-1.16064688808146
-0.79219312797107
-0.55597532993195
-0.39092969978018
-0.26947052874260
-0.19517906634481
-0.16693179236928
-0.15425754198147
-0.10658573276585
-0.10337453431468
-0.09416302654285
-0.07837631145789
-0.06495665364253
-0.06148216349072
-0.05380224144085
-0.11660834629685
-0.10371933063099
-0.08884404544692
-0.07932144234648
-0.06140599420639
-0.04770710193538
-0.03779100756568
-0.02891033218712
-0.03874212615536
-0.02949603765819
-0.02806675476458
-0.01706611156026
-0.01468158696731
-0.01658024756074
-0.01381210517804
-0.01732197818787
-0.01302195788121
-0.01059968372945
-0.00834405067044
-0.00783602357053
-1210.78339209750311
-43.54110712093443
-121.06085228369287
-6386.52358658918638
-5639.57701010669280
-5332.42233100807061
-5029.43779800186348
-4565.42175143368331
-4178.40018991141096
-3857.52796473761691
-3637.93490874166764
-3505.36144593657673
-3447.20107783577987
-3459.90731946121150
-3389.77574459319067
-3318.17287875187230
-3093.66238092757703
-2935.01452145218627
-2814.30251099996804
-2669.04440156807368
-2985.72264030232145
-2825.50831843786636
-2677.96945298710943
-2490.32393400236333
-2337.10609082641258
-2247.34039533029181
-2145.67979888635728
-2139.17534625695544
-1994.03230981198658
-1826.20496675963727
-1903.69757292728855
-1919.16187215696118
-1806.97131520526636
-1711.27483869124990
-1609.74000840198028
-1509.68363432347883
-1371.53686086574203
-1368.97732898538629
-1218.89316381471463
-1117.18687205606739
-1153.00396877428875
-1039.56446200156665
-940.03312501393646
-858.90241414453521
-761.69847205825101
-745.85144470056434
-709.41172998823674
-709.12706175813378
-687.65844107903979
-620.10049788488891
-560.81363414032239
