-10.00000000000000
-9.08015725200585
-8.29287260022169
-6.31041777255221
-6.41978385722664
-3.86090240080856
-4.85947754591865
-5.48576300330239
-4.29265262147192
-4.90528446690366
-4.40935888647106
-4.55781631125307
-4.25552888116485
-4.12999482224930
-3.75572955803703
-4.87951048545469
-4.07926360258174
-2.74561692322374
-2.48377493848921
-3.23539744464029
-3.49799973031011
-3.74819975727910
-4.26868841195343
-1.38537475473796
-2.24683727926417
-3.39356763056550
-3.83272705091525
-3.16086381561243
-3.74477743405119
-0.46647181872374
-1.25881156491504
-1.76847142266806
-2.93218277745700
-3.23759101171308
-2.43975921365818
-3.10728935933930
-3.51598708865450
-4.31433402014228
-3.48290061812805
-3.02008256410844
-3.39681650573569
-3.44576844461121
-3.05198511108161
-1.07298394851863
-1.40867852196439
-2.04695456613778
-2.81857081503820
-3.29675124064662
-3.28735120593632
-1.80772660546082
3.25479651949439
2.00761880812226
1.35220544517637
0.18703392089072
-0.82938422579387
1.52568042554653
0.14950542297993
2.17715910452100
4.22908369096163
2.64375892538737
2.10676950576511
1.33254031753768
0.87935626042520
-0.08543807216762
-0.08104502364445
0.61854855647941
0.68302987796251
-0.36503078595430
-0.85918616079997
-1.09761311193456
1.40764006037927
1.01013093846263
4.46165028073598
4.75604453094630
7.21865265511958
9.04124714919508
12.43135088047410
14.83764185746220
15.56330785935406
16.56009356313580
16.20408420682222
14.17397787933891
12.48241597886820
13.31438630476727
14.10357026239259
17.15507324368683
16.19913734450790
14.97922361005711
13.95202961244114
21.77607020102887
22.58984716615785
22.64165913233560
22.83375090458107
21.87670891912644
20.02916520234336
19.01405023562879
17.33162682999715
17.73616121051296
17.29358121886981
16.02351062105067
15.93731208091754
24.34385213302624
24.68235875796341
22.48209163479114
30.78165630526035
29.16439257566078
32.13929823060751
41.41821831443764
43.80026414618274
42.28940087649180
43.52527488457026
44.55981967313846
48.49007801753191
49.98791031867189
45.96202261947376
43.82257970096406
41.01518125126006
40.64395980198082
39.15597087190427
38.22395622359957
35.44065403869466
43.36828501351800
41.81705303136750
42.32357541934403
39.58097324753837
53.80374903673116
59.03113322646241
54.29523235532156
72.87998902237152
90.13476262074292
94.41112639757358
92.89089634955579
85.45774702101188
79.35618422535963
79.73785368245871
97.05320212788381
102.39512005275179
95.08506121101361
96.66524729748807
91.11238119040681
95.52024794611636
114.97350988129277
119.95817825267393
137.29533248849037
147.48233180504016
153.79191270358876
154.39502640989843
172.45964510832363
175.34075597625122
186.79684606402020
195.77490228673244
191.44261858057698
181.16465078109272
170.58796572292778
160.76319322076336
146.93156266972221
142.52795585613987
143.10777217663633
139.74081234831698
146.19785372070680
154.05667790066499
158.16755132682349
157.02851273759504
153.16397293912388
148.94223971587132
143.29338905709079
131.37571075775810
125.54712782552625
121.15929196738338
129.39184586002841
134.36174427865637
133.84280890447150
129.29311452107302
124.87789688786769
117.76293239009723
111.86487167048755
108.04493679371146
105.98855390285306
100.69572080713134
98.24695125334816
103.12581370641117
118.87019254175355
119.10627650839595
119.70913823109588
119.88183362507135
124.67135936426472
125.60309809298371
123.62623328838114
118.92789650783749
114.77242014671512
111.12066222594092
105.85157187674581
101.01200002640491
96.76215089326062
90.02122350701056
85.37519461588279
79.39158710325093
74.65195293586299
74.61810484410906
77.22072728774576
79.19182731912534
82.43979845086145
90.45628948201264
90.58886995691061
92.72008413328899
92.44446117933974
95.31216848298564
113.91801533497241
117.77698890602498
128.41681239535347
128.61439565580181
126.08647192711402
129.72176732184664
149.88701189764899
149.50630293696071
145.47601806338079
148.91849424261008
144.48315235852837
142.87059116248935
146.16079364406448
143.86555774630958
139.37338310444463
137.74713431395119
135.23081467627611
131.57129263652598
131.70518891036963
139.22649480395029
138.82569916137334
138.14879513846512
134.24256640869382
129.55955452300481
130.13969901443255
132.59165344009128
133.17065516746206
139.96398200776835
138.65670885289302
136.02229173868650
129.08964265323343
124.03872832456518
121.36259569296975
113.93440467109127
108.10112055029690
110.17236671658645
117.07917086290817
122.07155550502044
139.48339941366800
146.31629483076102
166.20282097191836
176.66668669810934
189.28877635340385
187.47476031614605
199.07515934513356
199.30337472965201
190.21028022770349
186.18920196640127
179.09417291505332
172.49502720083001
165.61829301921918
157.10975862588663
149.37131241903103
142.65661562155987
136.87582516596873
133.11851819311400
129.44402485396134
129.40412174699756
129.53497499043590
137.58131215404055
140.36374454533444
137.36107919565680
134.64921852796090
128.39673918940062
127.88460406968116
125.46798667877300
123.29471743878611
125.58811639070363
131.77488036361154
138.38594744250423
132.50825911003528
126.14550539328405
120.62484084550050
113.94962719677291
106.13078735420144
99.43828292709451
97.47745246835743
96.73209706171195
101.03382298017762
102.05783859156388
111.81311610798713
124.12009917886911
140.60877263081562
142.15677370577700
137.56516467586457
132.72259190680117
127.47728460356399
122.37775348342535
119.54706986172285
116.50196111908849
113.08900985662400
108.59598209003651
104.77885781425940
104.66902586279812
101.74555466836544
101.31530988214291
98.40717487150941
97.21678767674746
95.60090465056926
94.02272558801646
90.20889404267966
89.93455423075501
89.78808729189508
90.96656526208494
91.16875175482359
90.28313890297186
85.82296725720798
85.49946623156045
85.85415893606620
92.55457710061125
99.29213523787192
135.10568264724856
