-106.08522699776964
-117.90760207379027
-111.76456040941943
-131.64042580346003
-127.10432953465481
-126.87678586299623
-130.80862762175653
-129.80636060509826
-120.14798745727830
-139.19961359181752
-132.23455704366225
-137.01325337469075
-134.91129234409766
-130.24986132061869
-122.76548164050440
-138.63909094960519
-133.98566250373204
-129.09460108467934
-131.53479678982799
-131.33817171715521
-137.48493324715616
-149.01310439102119
-140.08145920240219
-130.23825698362177
-118.73195932773969
-111.17888920549528
-131.37537687087783
-125.84689875983139
-118.71137975681722
-125.37498846326105
-137.24536638764596
-130.61935998864141
-177.31910122183299
-165.78848299183593
-172.97342989475274
-161.80569691831442
-157.44168444882888
-152.89027572507919
-157.15363619053559
-147.77590744589205
-165.07532170198712
-174.91866353135211
-169.94232045446637
-182.53050688153957
-180.32043866243887
-179.17201686867347
-171.04409508254525
-158.65859535011143
-170.98493822870259
-164.36498135850860
-173.18998897723048
-153.68925736133698
-174.68277830835837
-168.76685259518055
-179.51693367146390
-136.53139710604540
-133.33980335929064
-125.98592184439993
-115.80985398782194
-119.99688955358448
-116.08677013106910
-114.02172605936467
-109.45121959330190
-105.62117506867472
-107.46102587804401
-103.24021202906812
-99.98707876385475
-92.55521641073905
-92.91646668052724
-91.25741568300006
-84.00920460601674
-77.29336131143451
-80.94814567489925
-70.01013365391529
-101.33219596651625
-103.29374081572726
-88.41256667134296
-83.42663319486829
-80.36715497304019
-95.03746423106050
-121.79315130361843
-118.05800259665230
-108.99178484250963
-136.30532084700866
-174.68266915167843
-194.94545873450323
-184.68736592557565
-166.27943693103327
-171.94900405897070
-178.04218534024002
-187.33470301505355
-189.59227761274488
-187.54144785522016
-179.59930788297123
-225.95894331879458
-235.87521658666270
-231.01711881261340
-217.88207886513044
-196.30853363521766
-177.08388574875022
-168.48017082046513
-151.10800445884806
-147.37350357890548
-130.03640875324783
-123.78834608974583
-127.60957504011478
-119.97154249377913
-105.87909722272317
-103.39511982620539
-90.90431405769722
-84.56790867890722
-73.55254268374590
-74.76110451976176
-67.15682839161714
-65.28638523538542
-65.03512776212361
-62.98899394440919
-61.76873062994888
-63.43900857372710
-60.09975478732717
-76.42615825688155
-72.28722199307423
-67.02778772535844
-61.29350188635814
-57.60678932402375
-59.92618610589853
-58.44259346402133
-56.34829889314615
-44.72264934124939
-44.17100389961900
-38.78552271948094
-38.45837382029977
-33.25520911675594
-29.52610995834851
-37.73254710666824
-53.13390251065861
-51.41277637745311
-48.53278335436297
-61.84760221593483
-49.01215402813864
-50.90457278903401
-73.10897397913033
-84.63674932000714
-77.75026891978142
-82.30779848863378
-84.94439804173237
-78.09236404555010
-69.56303770614625
-79.18378186268589
-81.57368418322449
-73.06636104894793
-66.08796474672457
-60.81931529313785
-66.05249628972985
-72.14067949492082
-63.28641735269416
-61.31506562197222
-64.77515644290416
-58.11687722478285
-79.48710784298758
-84.82037140046421
-84.85064699224942
-75.17657210570631
-70.37743959328712
-73.81130454837533
-72.82915087566468
-63.46140514459005
-60.53012881470057
-61.91361130433847
-59.60672684063507
-45.83533854730544
-55.22699390783220
-39.74543607655522
-44.29239151525046
-70.24951497364087
-61.26092070069674
-72.12700066016741
-68.66067624009517
-59.86623502969596
-53.43297685688495
-54.91402694397577
-50.93778051125790
-44.83553327730098
-43.25438822444954
-43.17955213094046
-43.80150399107481
-39.68822056520674
-44.77053815667914
-57.11099549462688
-52.54408516353821
-45.28809439337076
-43.39856903741062
-41.36378330261304
-46.79734983878968
-44.78379629329123
-35.15311788637781
-26.89733778721994
-35.14615964974654
-31.64067317027308
-27.03719310883724
-29.64367123258715
-46.17546814327730
-49.94658638317439
-34.74348648201745
-40.41339068140485
-51.28569510696560
-51.19357338939659
-63.06441260636441
-65.96810399739164
-57.19180450194442
-53.73378772642518
-56.30318292824644
-55.71484656449915
-45.03353776206097
-43.68922234794869
-38.81754698710007
-25.82462557391742
-25.72315729513655
-21.47870633232284
-23.04049761152552
-23.70797311309513
-13.98889170839822
-15.71969805373716
-6.05912351512961
-6.05454275012710
-6.19906345171485
-4.60568938484393
-6.94423981034862
-3.76954473218107
1.77690544635069
6.99162868302131
15.82778142339837
14.78691640848735
8.27843147546452
5.39914132920003
2.36412471109635
6.03964825819636
8.59069672822214
17.13661091251645
19.86663884991616
14.30195298531384
17.01944440797748
22.60498476721224
20.61931997731733
26.43396546804219
29.71851790363926
37.60388197778495
44.87623081024694
35.88852107757145
40.65895234399044
45.39323315228543
44.29750417434945
38.81134039667708
28.58512322618827
34.79797405375616
40.16772026750039
33.98243877183100
31.42470367754711
33.30639003444220
-9.92466491491678
-8.75343826111412
0.00585373900929
4.77519315688036
12.85333062079954
15.56140189491803
16.63396969892494
19.65598936792856
27.70164474625619
30.27958474066362
32.95240773320062
37.60230690456876
28.24500920784861
-20.30217139984920
-9.58371324210796
-12.61798703468005
-12.22582074848677
-2.92180723004463
2.56097817316976
6.45449590899230
20.32587550034227
21.67575785496977
27.83736237675961
13.45872523582970
8.72542769721706
-0.40232493742792
-34.10826322253393
-19.52152892272353
-12.48514581780429
-18.87217099104132
-34.97763455654759
-33.43366424985800
-82.99001757848418
-79.24739761444525
-62.83515193819265
-44.97858786364043
-36.89563272606146
-25.71257171341006
-13.71596100544972
-16.28659487850825
-17.64096900029593
-14.29489455224259
-11.18566367499728
-9.59388630811327
-6.29737295766497
-4.71075475882314
-2.38455849307727
0.62107993386613
5.05442610175222
6.89524121708201
9.56046012597148
7.54592092180227
5.31578666173259
-37.26930921187036
-37.07515694859072
-39.93006096176278
-34.10420157280915
-34.31531620989117
-28.82727371559542
-48.81422583095139
-34.95908884676832
-34.84754133199728
-33.24704035443514
-24.69223554380891
-26.53354691096681
-6.00744228936464
8.71104449372288
16.94468494519989
16.74244325592298
24.22662228746918
30.86401810468606
34.57307261397506
39.91595508263237
39.34386731783578
36.15009364829978
-38.18756747094588
-38.86220401935479
-64.59171148630071
-83.34424367515979
-79.90872958275094
-83.55534835004056
-81.10132619637882
-79.81255266608107
-53.56968277348706
-69.24694831589237
-44.87791454009586
-47.64452231654376
-45.66791447015544
-20.61898160304116
-9.66287962393541
-1.80860988710220
10.77171068392920
5.16400187508863
13.10011394684609
19.23460215057431
12.09118923148823
21.14969007569559
13.76380799869663
-3.48900261923823
-2.12386809531479
-0.67572618413974
2.36588623971402
1.08299248549364
0.23502968906144
-16.15887659795305
-70.31116941115754
-72.77333802299981
-60.71186113048403
-32.17535719199222
-28.17372093999587
-28.09328644035245
-4.64623051825072
7.38627556373376
-7.11959550910158
-58.22018593534206
-63.64839656205991
-71.15260722451035
-67.94780028947532
-93.83460498612484
-87.24949929325504
-88.31006905823970
-82.95490542191664
-81.02106485346089
-110.81243675542717
-114.99624643865064
-132.76387185647019
-153.43055523253256
-142.37169175376653
-130.54834707808035
-119.80290470227636
-166.24775723217522
-154.01517776704819
-168.61525782800811
-207.21132004819449
-162.65623228602527
-204.11194135148662
-231.10703212634206
-215.66227674372672
-193.93990374963252
-180.90308764464407
-173.01245713277984
-151.48196719479139
-198.64684046571509
-192.68444561247378
-165.15962452827469
-154.40222701198940
-155.95262277839876
-142.42667781065867
-107.00959733879463
-107.32138661845106
-108.12230448510383
-146.87224058015303
-107.59168825580193
-85.71610995400093
-86.67766101823814
-88.44105715003180
-130.47772337554454
-112.28935036094926
-76.00263168307200
-44.49660193357776
-33.29895492514422
-30.78012431834819
-23.50902263623191
-1.04924886436657
-13.25544892245373
6.35850224631603
27.04963130755979
21.61497003046945
-23.59370413698426
-22.18740632519115
-26.82483502884743
-21.91192050571145
1.86274247750795
3.12400696374537
4.35654850196709
5.99963591892486
6.67672224934358
5.13431652698410
-46.43415749548841
-37.13175028563006
-53.57672715413176
-46.59741898529484
-41.39128206838695
-36.48123994190833
-27.87622122959993
-23.38829870346845
-29.07081826837128
-26.25229264182195
-2.78489172359430
-29.72724240227927
-74.77105906420334
-67.02725219880311
-59.40646230571660
-53.78484777235860
-48.50179691274493
-18.60956640129943
-19.82456801041774
-14.87124351000653
-9.86053478565888
-56.18328625104562
-34.96455582496040
-29.46430832948343
-24.00990132405584
-49.78068952464550
-42.55646467768600
-38.39134733238016
-10.50024538097846
13.66063347190941
15.01473170810832
-8.62793102461147
-10.58888978715504
-5.71231664521684
-33.62078777494685
-45.92156103624490
-27.00654017954468
-47.55003850098909
-56.43503501315917
-30.88271126162751
-9.98590311576503
-6.51205083557100
19.89980934913830
18.58474364797946
41.02527204733921
52.76753053539813
44.05967081789206
42.07785137246822
35.43928700724747
51.71628732265606
73.16542599046659
68.39856497427502
83.47569233501709
99.46042840150903
90.63662047997158
85.27812804309438
75.48885129845236
75.06121997755123
75.26257489017540
93.31072746218781
88.24570170016553
78.58308981122759
72.78109212382999
68.02979265139867
62.28531004594019
56.01438795846614
47.65305865498087
60.14300691070059
80.61701135093170
53.34909194524622
49.15080215171349
66.34694061805160
54.81836828495049
45.24890964817340
35.62238920268803
29.50572362664273
47.28926322392439
68.74479034582627
87.02904185211293
74.34628721155697
64.02911416813389
54.58458223712437
66.02286995786596
58.22897773791604
51.37481817315894
40.33726942466568
31.19124138949108
25.87087472612428
23.28566476126013
16.20421781896476
9.77870764506200
9.27263613343120
7.44646725351358
8.81768397429817
7.99562631787776
7.98987630856114
3.59845614700848
27.93462370525799
26.91458461085854
18.33080548192747
17.48367824055378
11.84661298752679
8.35243672981411
4.70400363261482
1.68619441428842
1.53220514130870
-3.09701408146275
-7.48104100396376
-8.86931826328851
-11.53576033636138
-8.44571286198519
-9.07226656431684
-10.81571393181349
8.06009858681241
31.86215015966199
40.44368150334100
26.71595704208330
13.73682679342584
18.98641080705029
0.72126247395377
27.28596198857451
29.33254956999337
22.24201876027175
42.33161443549406
27.31258670986303
17.81149503322884
33.34997480109152
26.96687395685517
16.14801588496525
12.52324918878542
6.16126525367621
-15.23605194327597
-26.49267811041218
-39.12228814959519
-42.34831297599939
-62.85683755442270
-37.34328823926744
-47.02067273941497
-89.77640968701422
-115.36788131821555
-130.92735261609539
-143.22450737516334
-135.88634564974399
-143.00175785721058
-148.98719610524682
-134.10104382745158
-98.49742916693367
-95.47004941685024
-107.06133778336471
-116.52896494936390
-106.29137042794476
-94.80156931388683
-73.60026680467767
-45.77225757869924
-23.65718772580707
-20.84830752760637
-18.85134103790246
-14.79719401411619
-10.83890634014617
-11.82589639383347
-7.76388420231758
-2.67511870776742
-1.10164776850458
-3.13957431180589
24.34722083798787
38.35526299319794
61.47462190973747
53.15917363681933
48.36868213816858
38.70390207055126
36.69074681770053
33.64419391270289
28.62805087057132
21.14698103946704
14.91196546110346
13.59063443351287
9.84672601673200
7.85604623313683
4.02817232425393
2.55073143614273
4.01172928160931
24.59027820090115
24.19544257980951
21.79582402875549
22.40474559920944
48.63461072622690
46.42063580694396
40.85323918209073
39.47056226996056
39.06854014718055
36.97286972190304
36.92960483946343
34.18285705064839
36.73284672272827
56.49388075102179
46.23076745087276
48.25120188443023
45.47120866071187
37.61060672280203
60.17562382652322
56.59972809670089
51.85786041834791
47.09101978703820
68.69964210467768
60.11150426983195
56.18111770659858
73.37461077364759
89.38119798939513
105.23107235334287
115.51305746560267
128.81316143001368
115.15209514121649
126.30349536818214
131.61592749299265
115.13763819255017
129.70968001119016
116.05344288624325
106.23175094305867
83.85479050306421
76.40874939049806
56.18497809621557
49.38073331537811
42.78482381068725
37.72837892245551
38.41085683778371
34.43850763135909
30.77626219891124
29.66366044458943
30.25371507474239
27.58013480093720
47.86888455024810
45.34935601092314
47.95558065810900
19.36159904367177
23.63345230241248
22.28579154878654
46.02037035466005
59.71978623350815
55.26953537913976
52.02482693517162
49.42970669268166
41.66688371689762
59.45214084045046
42.27783737626112
23.90312920794862
25.18766729831456
24.88804255397834
19.53387103574503
42.38141038243626
51.38044978300346
71.24791160152120
62.36979286713591
47.83609586656345
43.14130721262919
34.80969558426863
54.43477081036665
48.07681496357825
44.87328709244207
40.51622668735084
59.71752898722261
48.06007917497980
43.82528182843547
43.19385277954915
38.92519988235170
39.20597034771113
25.34352811688597
25.58613812733248
18.97336849274447
10.84105903584907
12.17697055083540
10.01775790401640
7.88683056101483
6.70877110752042
4.51018322799042
23.63704917230397
15.93577461103774
11.74285542240757
5.62855152693768
6.19311610619254
26.01956901869071
23.64704152166489
24.37827272288711
22.15443492562519
47.00392467466483
43.53735314328975
41.24186441998328
59.43795814464573
54.51026899855832
49.40048720079611
48.91220763372497
41.71321143130780
37.82388583505502
33.33389849897910
30.49668778721585
23.78348009308080
19.51329413292230
19.58690575609269
16.61615271388513
15.87930991208741
14.26225564591858
11.40311742758802
10.89457013985700
12.08265638541867
11.53297781529767
12.99455286267998
7.58190305289202
-8.37898566194898
-5.93530823994024
-6.67952066543707
19.22689210898324
20.08616383306741
18.08482088119697
35.62363622882498
32.44876782875058
47.43574555936262
42.39451145891847
37.32795763762984
38.16801802445972
33.69207692354464
31.27946757608139
25.39811896454622
21.75528187902532
17.07648201459560
15.12480169907483
11.60404846699700
6.22418987323169
2.61031967955688
2.67539207756350
-1.30241823841644
-16.64214912866096
-30.09693665438469
-33.95037555791784
-56.31759571112957
-63.01933291156574
-84.72711680534579
-84.45830907175295
-103.49064814939933
-101.78036950156604
-104.03348541550915
-103.70284004021546
-101.88397628261492
-96.68634678602265
-94.67644517915340
-92.69759215689294
-89.89638039447519
-92.69174961854726
-85.93704835126758
-85.56025584936151
-83.98291260677763
-80.28087000047690
-82.52217458503947
-86.29846375228080
-81.84311571639294
-82.50894447663102
-78.80218565872643
-77.31844812754193
-75.30184480068300
-73.22373547225462
-75.83681809692975
-72.10030442281663
-69.30212140975917
-65.45191147477328
-65.16550552156238
-62.94810337698988
-66.49502895503953
-61.87143209568277
-56.96819284249159
-68.08757745161628
-62.05085286453331
-65.35571780107465
-63.20074138334814
-58.68388290128707
-53.54123401186277
-53.35650838364557
-54.83652976023278
-51.22743209789137
-44.79063005174914
-57.85292735274172
-54.89545904954500
-53.67587172872807
-29.38152368443854
-30.51098342851188
-30.58734988435509
-33.80921078125004
-34.35354367489601
-34.55975894949252
-40.22925818109512
-40.26078753565488
-43.06064108395040
-43.83878512878842
-45.32894278747396
-47.06777938930699
-44.59468642325346
-43.78985845799200
-51.83186857476316
-49.10402318984033
-48.49456860608371
-44.99394807476666
-63.17721405205596
-59.37856491290157
-54.05631371305323
-37.69681922562471
-37.08476238501095
-34.55004396461008
-14.53151353813151
6.17221185026780
5.14690643883849
-16.57780878984378
4.23458764316874
-10.86310038139311
-13.05716216478938
-14.62730655728313
-14.50151173610348
-12.14198113864541
1.67405189853030
-17.57814757855083
-18.59709691003452
-22.30812958659741
-20.40303680764586
2.40850585703305
-0.10944658756006
17.88752257491566
19.48804660138273
17.15911617120923
20.65064769417757
21.07921169061809
4.42399701510056
22.01383037762329
39.97249288192122
32.98501781243952
59.44872923429074
48.76514669759781
43.49725005470431
44.23783919265081
40.56413338534001
60.76967301020950
54.86285374873120
63.94400211771684
56.18788485809058
60.53559617862474
68.88441339985704
60.66160410871603
76.18980930602119
94.30341490641652
82.51121361369066
97.36778887453011
110.61232739033576
118.60940300355921
132.21047226529373
106.57003257195633
112.15207290201695
99.24844858567941
115.78495642580248
128.99931572555897
114.54612750030243
129.38411677434001
109.44437469975449
113.95951173278664
104.79227762354705
92.35322485436757
88.27864860630226
82.19624765701204
74.77742425829061
50.95611178718007
28.17489702367753
23.66102814152321
22.90769433429636
17.25111527132789
34.69405695704451
53.06562351927283
65.75395222310999
53.59311744262845
68.60364210840841
56.94002095858605
73.68787987500102
66.87877018800759
80.69702907654029
72.15481624122941
84.28189055428130
73.40540958035155
92.06826663523351
83.78816783071625
73.56961518078987
89.82262960876668
77.17462141119739
75.40598674431246
89.50493130099679
103.57337551202770
117.32050780473108
107.63285112274856
112.36281783238347
118.91838617384499
108.58016701196114
96.59645452816903
109.09754938611002
109.68389689580536
95.70377130331273
111.58332893123030
124.66218960461867
110.89845227604334
115.01820197207270
122.06303364288351
107.11504741287848
100.46389426835216
93.65391267250403
105.76216009549611
105.71390409296072
98.33222115320255
90.99286269972163
81.56774390044306
74.41783027712678
63.98052173958337
55.00968597301587
48.93287795448886
44.53626103184104
51.68295639119382
47.34866447786376
44.63609087049611
62.83237147995641
78.28237289621894
95.96163648267625
90.25837472665383
93.11929542611642
105.57736983654044
120.61050875093156
122.49200952257142
123.40779228691287
135.45878894018395
136.66545421171597
138.16540878694883
122.00409258373658
131.25487574765955
134.01117287915218
134.80683461360127
137.66306447657482
122.63106151353620
107.27596970686386
119.65875381512072
120.65811375196239
134.22761518657529
118.01305742267705
119.25976716394304
117.90508953329021
130.18619903336059
128.44708814466497
128.03134619772743
125.83654742357984
126.33250511322096
123.01885343033462
131.89695475236738
130.82047091576186
111.63322096253461
128.29510186249556
110.58254188084975
107.09956303958246
108.22440945365179
95.10399566594631
111.63985307717599
92.48636378034118
79.77104509967938
92.45195791479931
83.89253535298047
96.78617057344481
109.84220689873288
99.26416156118970
87.85530646996776
82.47103629998058
94.53387029471165
103.28052410164688
96.26228572173262
97.10662842459411
88.84929434636473
76.80696089110616
69.39093189008723
73.08834700680718
84.43797975451152
76.31709058846018
70.19489681387414
83.84632434282759
75.16417350246030
64.54429324885467
61.29852699632821
56.20898531177956
52.23322161088398
50.69667378759030
43.86279316358569
41.66937401275116
42.70016348170678
63.83638871779422
58.28527379282110
57.84882407110263
46.27589275072599
44.39336314563204
40.95798646949548
38.15043026418128
33.86868929366178
33.10675936211339
29.04080242294414
24.58859868830506
26.73935929723634
29.06435120694868
26.35775792740762
28.75505938524474
26.42287949621589
24.96512493403127
25.53401169788556
21.14357976033569
12.84438941677587
11.05016781591995
10.13132733524698
9.56661229276717
9.97447984718670
11.96824344586502
9.12739727195606
5.46348742729323
3.52650128763306
3.42621159400054
5.79992623677116
3.70271631642116
5.61420852115024
7.86358410561961
6.83025406058456
5.37360603632145
3.54601846017448
4.39950826459641
5.37034316893042
2.30795483425694
-0.96335298797977
-4.30705790498910
-3.19981671634590
-2.22435826856416
-3.63048910017001
0.03895157406286
1.03710601551137
-0.26226538551281
-6.42018737321123
-0.85494715338533
0.77036663587340
0.17263757544402
-2.17065197691508
-2.73781968087687
0.46759073631622
-1.51035145773840
-3.78682190381445
-0.09809187065126
-2.23816182181832
-2.22785985561857
-5.38726642784662
-9.40324897788066
-3.80325611773287
-1.76438267506530
-2.42101346507276
-3.48929188309661
-1.10130043182597
-1.38764640043165
-0.98237190630027
1.77322172085488
-0.07799089404106
0.76559316378986
4.91489231918689
27.63324303845411
22.24027480632776
25.05866035768390
21.22581531741248
16.75229776720115
14.67100036860490
13.81895144497095
15.57508766467752
16.24155691428485
28.78036481377729
26.09184977449305
20.07619739839998
14.27294029986272
13.36095399801492
11.00043376206134
6.97396077819648
7.38192640558564
3.87203367935015
4.63188164113173
8.81938778647890
12.49808416115832
6.60599437754390
8.89487208859313
4.93128025967811
18.24905574979228
23.92016266029630
35.16556650237648
44.14927765200468
58.74868759330930
54.39877329494405
48.40126035249145
40.99647653218400
51.22963417418200
61.06272121662979
67.70900414716587
59.41849900474588
52.39352634031923
46.40237752388149
41.27337309324489
48.61499312901813
43.92280712145325
60.06998634492826
76.28990604264447
77.66448731334364
78.81484704795115
70.23589744252769
62.67513687842199
56.69531782636253
64.54461543282419
71.22091448611783
67.62501274068136
73.24364960949649
76.56808428998099
71.63219027489177
65.08925732350097
70.37970117772757
63.41563208614500
53.80626354283284
48.27253775855085
44.43735932522917
42.26997782679582
37.20678533685227
37.28175151421916
32.45788437839471
50.23358530584726
43.59183875517179
36.66649649195568
48.10723103038335
48.11495774208493
47.83677193815122
41.66563626005171
40.78487302992765
36.15941534721692
29.88669166291544
29.95818534040851
45.07222065142916
42.87204562383825
41.07298095011554
39.24595891673800
32.60774364062856
27.87220285762843
27.92591905129319
26.84982354051043
22.35462806096817
24.66689956809779
20.60615609707239
16.03014419375159
16.87042514094291
10.86673311845075
6.89441994263315
3.46504872646764
-1.32000034490970
-4.35274984425548
-6.74115314787191
-7.30163408641402
5.12618236463616
4.24275505786991
3.98347180480975
7.88962581233060
19.33423889358967
6.02448750097964
3.61277294565363
17.11636542210549
35.93254382890540
32.32186168725887
26.25078228620580
42.25838948003394
42.16101465157838
35.15055215856879
45.03290181025313
52.78487227314407
45.01536407103005
51.12177112403408
42.74044152993379
37.41508134083189
53.38282144133826
59.80075650498183
51.49032494336668
56.60720440447660
54.36167501277443
64.47556127359648
49.48801721306897
56.35642231562007
48.46019353384914
40.74149711489320
29.23318098453880
20.70986537590065
20.09462257312526
12.54938879090376
6.45514489053527
-4.91506127437801
-9.19749779180524
7.13551903130876
1.46745040486748
16.40671795241068
16.08803917099481
11.05493971854758
9.90526554319746
7.17229752177971
18.38218952170720
17.15557714533411
18.42307921932301
17.07926831766793
9.50243452740184
4.75617477550173
-4.20425682187496
18.43952857845554
17.07165465152395
7.67886325875904
5.52631984701715
-0.40273297394445
-2.19916074776172
-0.12918381508233
-2.86514241867618
-0.77992061711833
-3.50404039871563
-0.42682686376746
-2.49884334369907
1.85512240602305
0.31207861968643
0.09243618618039
3.13677447173321
4.43772566153548
1.69913215313156
-2.54089082269665
-4.90059278583751
-6.01989064111133
-6.58518317485295
-4.88065501158603
-10.23951746943285
-5.30358983394088
-2.29059976199335
-5.44694124423263
-11.58183257246299
-8.10091011261172
-11.03248653738908
-15.63192784133447
-19.02653332188556
-16.24697569921120
-11.36024082019908
-5.40836255888972
-4.87235108201843
-4.94374989805946
-5.57252250739869
-6.41807212234726
-10.77718601189024
-10.39840154331207
-6.99940924771913
-5.07309708121675
-1.11430861379385
0.48886388734934
0.50871053114439
3.76591543934802
7.84143318944522
1.22529401114330
-0.16359612267903
-5.26206733088630
-5.43482580252754
-3.52805331549066
-7.03159488410015
-6.96812764771940
-7.64206791051427
-6.95038928704916
-6.63082899404056
-2.81504625330731
-4.31710110195152
-6.07153829626832
-6.86568344028075
-8.82040646229142
-9.70604457499839
-15.65773190733606
-13.48529925019054
-16.94018410260329
-15.72291792348389
-16.58342089083070
-14.81469707585458
-12.97365513259050
-20.79058990841364
-20.53317881230571
-21.37282053577183
-14.95682984770052
-12.42769605205104
2.27385686030503
3.68600715781657
1.56587264929427
13.34506457320923
13.59879223997705
17.84277036039618
13.95994440760393
13.77801427765946
19.27104054166007
12.84001480430501
10.03998868929838
6.06026534775515
7.33413455776411
6.96384312433009
20.51245519284143
39.23354888982089
35.12109592148305
41.12381204500181
57.77078946727244
73.45592705220058
64.82536902997492
69.59908775540553
61.25409806782634
55.93310512824258
63.05251290741356
54.27774645476495
65.73283691365926
57.20272068981409
46.54667751856180
35.28175053938853
49.44628046402109
40.29565297532346
44.73401109890352
54.11707227270341
36.71167996382023
25.74146748908557
31.46326850112170
33.44867444751652
14.12066825964642
5.14450010537133
-0.15289744381932
-12.37160408233918
-15.77138027379007
-10.46630005144045
-10.53584316415274
-12.79759687712288
-17.77712279618332
-14.69990974802877
-10.71036707355727
-17.73555363356882
-12.38980541420570
-12.53738554931046
-7.98596912963457
-6.79308972477018
-1.62295516959187
-3.56425023443285
-8.26677466130048
-10.20211603841230
-14.14446818856117
-14.11373513285065
-3.77660942460264
9.29037597469767
23.27996031879865
46.81975538624160
29.73016042739695
38.30768617512509
27.82768139133714
15.44986295431607
23.18354998091089
14.57752571486254
29.89138479582454
24.78852818390213
38.61700145945736
44.98383504876550
33.46910041794698
13.97446613993063
-1.02704149761391
16.07268899304227
22.12063283796356
40.60927271806278
39.51706601964489
18.93568744279339
6.17140467580105
-8.02645845218352
4.71787836497731
17.66467227632904
13.20711346141845
28.69194194383810
17.53168191478181
30.31672308042047
16.86157379521333
4.56706324592260
-0.53965769055265
14.78333675928835
1.78959099202716
-2.63928075917596
-10.56079650646132
3.89858753861091
1.67968283601612
1.68575337329358
20.89589425536643
40.37120013893006
38.41005835661974
38.13964251201408
33.84283281554723
27.80235068696194
41.24118236282334
41.85323534725326
38.54381012052295
33.26075833612192
21.22661928753058
11.74034021542163
11.32378323969859
13.35364751812133
2.90974293631658
5.58554453412865
5.03782114616650
21.06888150625124
35.98176679439629
51.46779734354763
48.03018664075690
57.09075130362616
52.00781444514156
60.36047665487241
74.87937207840636
59.05961775012483
49.90442456791518
61.63224734025704
56.11543551574717
42.84042785245494
31.02741764689999
41.56048328111704
50.36826654300970
41.79750936603789
39.22157110033415
35.56573863606314
24.20958670776955
37.23957918346471
46.10504604775130
40.00957353587050
25.79677488907818
27.14393981215777
34.05530827954439
29.15924124239191
45.78260926964741
44.41048463395376
40.65270033253604
46.73234788716942
47.08624278882703
42.16364948944921
40.08524209307721
49.92695670450403
46.38651827241647
57.31787142413532
51.15845353711514
45.48580804440357
41.75873894415446
54.71842656677779
50.55496538581617
59.69845777414845
57.61697950474459
46.63957340742092
40.95263579961713
38.15689086315184
31.30956200445205
26.90760538418965
40.20941264792524
35.85788070533291
34.88507570375384
54.48665613609661
62.46353224980202
58.62501748553746
49.62610381204470
57.05098668726427
47.48500363824797
47.85240669137625
60.53393323072721
51.82506174238073
56.23263169187659
66.17871468348187
72.27939361564400
82.78457667238331
90.12015936277045
94.11955502806666
111.55446652266957
93.28300147193333
79.32368427273491
69.90224584876266
82.30233042743427
72.39731247211714
69.23219735168942
84.61217889042477
85.03234978289578
88.13155975891321
84.82100582532112
90.55751907460900
89.85853637896180
91.48607446478825
93.15338107797514
97.31175880547602
100.48018275937616
102.75939700547575
113.85253150686155
115.32495923927135
114.61841499567795
118.67659244723292
117.62925605629665
120.44086609890898
129.98671635730781
131.55228937364151
128.00744658195825
128.40732430421610
115.75058359712146
117.96060238337154
120.26153626743343
120.89103970522137
133.63772451814714
132.99126140913904
135.05590305559411
132.61787165176563
118.03929867675821
121.03670575172103
123.39522543611648
110.92516486507103
114.95731290210236
115.27495344831577
115.47537980857460
116.80558698321215
105.93364629800375
107.69871748892973
113.04363903083343
116.62144140222938
109.12845210525549
112.56184133710518
111.22784503941021
114.10161622067886
119.93690333063499
125.80385547402115
129.49789450951835
134.85262458878890
139.06155440645918
136.90779661225147
120.95478460181916
126.76510595273021
114.21534974732324
117.97037350770415
120.36312470616464
124.66455992319479
128.06044426298999
131.05970484508359
135.72087281318093
143.42045566831015
143.33354355597149
143.54588470880793
144.98764062540761
145.96214750668699
143.12858946868946
143.66564507569763
154.33998169393874
167.47338675780935
178.22575349015534
188.68047945382554
182.69128584165409
189.72625587848702
198.80672924228190
208.88909975139728
215.74764722145983
223.47424971144588
227.26779201979861
228.16983300388824
231.99306370715556
237.23025421507964
239.59224821265923
239.37313284373914
227.07418761481037
231.95552842760844
234.29417016338351
239.45685046795262
