-106.08522699776964
-138.88415686000829
-122.25006373898930
-144.11456166136401
-161.60140705292213
-190.57550370256700
-242.77714319562250
-301.11208797540087
-328.49506930861605
-358.77583094557843
-384.35999082573790
-370.06620303427536
-413.96921790022805
-419.69455154300948
-987.02880777699806
-1067.07932048939347
-1018.85344311732683
-990.67139854236711
-970.27776118403551
-957.46151064597700
-1054.16723978099162
-1035.59948598844881
-979.05210405674472
-937.42316457925585
-915.67957123945257
-863.25949259439165
-840.42703228057565
-813.67006316203606
-813.17914626575941
-781.04766403113138
-777.93013465362037
-754.52503782302801
-764.72432696000567
-740.76487301310158
-975.74237170197171
-944.59962240982838
-899.98236119310923
-862.83800734248314
-841.49501476019304
-813.14395378200106
-791.09975415417694
-763.29377328905468
-754.89289183002006
-767.30388078920112
-742.13807326924359
-812.55927126814072
-751.05902129323340
-736.82294034198640
-745.66013142732709
-729.14226671973961
-737.03214034554321
-749.69590807166833
-718.11617163590711
-674.74499051524003
-672.22476917788390
-648.96931156662572
-608.72490877356631
-592.03585281002097
-599.14919984552262
-576.11439671234552
-551.17205908291771
-516.65841817891351
-504.36694711849515
-512.34245485427687
-504.62997293498648
-497.23912072543692
-493.85241168574584
-477.42852502118598
-507.61345236456071
-532.95920924016730
-529.00069376810677
-539.16495621503680
-533.28574205307950
-536.54845991756315
-527.97013142715730
-532.67153909364981
-503.81481106901197
-456.36703646426730
-446.39967091341936
-408.56936839321520
-401.15223221293445
-381.93304761644129
-358.62725675935877
-331.84816766391771
-320.92216275113674
-305.66215607728975
-293.06461613523300
-278.81913922138261
-259.22717268200046
-239.09626964173390
-226.71621440449877
-218.67898521071649
-220.19735507601416
-218.71430790125231
-217.28798007853433
-211.07543620251676
-205.52495090138251
-206.43722939211716
-199.65174222136079
-193.76709242124312
-182.68635641288333
-176.14071429443433
-166.83981676216632
-160.04897330884211
-153.08694960012696
-137.69857705131483
-147.62344328191480
-139.30387101326605
-145.08645995128020
-188.54257327957234
-186.31754574718508
-200.58591219806672
-181.62053574976071
-186.19709897431099
-193.76189545804601
-176.69316494930584
-167.38362103398055
-180.67887067767793
-179.34131741137386
-167.41340268661932
-164.75007437364943
-156.39183812430693
-153.21374660800490
-143.49927836044756
-142.74406562699934
-131.58733950418318
-133.59367553007499
-126.61448428747985
-128.40093238351295
-122.81310195197422
-116.97580462309749
-122.22428745370168
-119.92974483477036
-109.05165187752041
-104.46958478272535
-97.79746909990769
-94.41766995033974
-86.62210472956060
-77.07928975750907
-67.41113067116326
-73.50129806066407
-65.46574455645504
-70.77399084614788
-73.11009399046161
-68.25103226572071
-70.95631411548351
-68.81462469862176
-91.37765971218710
-104.10663364818112
-114.44239919600150
-127.85975960076951
-134.50255179759966
-161.83748485754543
-190.08883875138281
-212.42022204725851
-234.91658635230934
-268.85186045728528
-294.03042826037597
-328.49175422574172
-328.46435596949192
-334.72769943174541
-385.45141995233172
-382.89319189931621
-421.87406429942848
-414.51683331907458
-406.25159034529099
-432.62639410485485
-415.05450143995665
-448.65904820816081
-444.09133336019823
-431.97710051423599
-444.11272767204622
-454.11810609349965
-455.86824241887888
-455.43423532841285
-423.29916750597289
-453.58615304207308
-456.29623996239542
-443.07878378127600
-448.68203625731053
-474.59815396376632
-450.01837783454442
-434.26735033269711
-425.34443525386968
-398.55104227211103
-361.54476926004139
-346.10455243311173
-344.31601190900676
-319.53252368113385
-289.55666602421644
-266.04063099988934
-247.82045271006643
-232.48455580971873
-211.53314438316173
-197.72491362917449
-189.26934750477568
-170.11017963673996
-160.09592987385372
-149.62834572034896
-151.37884924110153
-146.04100352101423
-136.53108975390336
-131.75143856945141
-150.33960624729460
-151.46378193084760
-156.54980676303430
-146.71473545392712
-133.12157204652803
-140.89848432359540
-142.47253493599334
-124.01168971404060
-112.71073202642023
-94.38618094540745
-86.60950657629095
-86.88460313570538
-85.45385465025467
-116.17551769590325
-103.32295346965186
-100.09824660247880
-104.13541549915141
-98.33247049074595
-102.88122809903210
-89.27458092142197
-104.16447410045060
-104.79056402088951
-105.75197934682822
-107.98227152754683
-106.18527560710831
-104.37535579662607
-112.86796415066283
-111.13208281906452
-114.55769950008326
-121.03615081403981
-130.10009777291882
-120.04648936396758
-111.19916914961458
-138.72580656538457
-159.81509946712890
-172.31870984995908
-161.16140034836633
-144.41314726051374
-130.52867092920056
-116.52337631863944
-139.12187128055837
-124.59721270896144
-113.35160349210764
-101.56189923331246
-96.81466117847857
-88.85617963807709
-80.28206941289153
-72.46179578772980
-69.44227916301602
-66.78276510052184
-61.29260939782282
-57.96677622201682
-56.24481348820201
-51.97691800250531
-50.22670304467690
-52.55716617754105
-54.19510908678404
-64.40959798527669
-84.87469923615387
-92.01885940714683
-104.38057434307011
-107.97397879109883
-109.14678259222239
-112.37254556617273
-123.75325049344315
-118.78856951560535
-118.06174653609580
-126.04193758125008
-118.59373161608370
-122.48567681638863
-122.48090454927676
-135.70269756599905
-141.80366071391711
-143.42835817050445
-140.02157623029430
-141.20599182668570
-140.86243386579062
-141.43238912859181
-134.10035233448406
-144.50338467381079
-139.88987631212427
-146.06401738470220
-142.88242263331193
-129.63908887921440
-126.17055075321807
-119.37996902639256
-118.06800608520268
-115.98691989826973
-113.76162701027613
-107.82824048977780
-96.28218464911565
-91.62454693425441
-81.81595303375980
-75.72561778633357
-79.24304282550142
-70.43955413094562
-65.62314265854522
-62.66691022749840
-61.03413282936319
-58.99716286657500
-56.99670255817949
-56.58525835607872
-58.96238419046497
-51.64418443236737
-50.13212050745452
-52.42790077146042
-50.39011010463913
-50.56414948311728
-49.53783333719306
-49.17072113646213
-51.96920979090915
-53.65793724745757
-53.30987865364424
-53.20910113845311
-55.78490562782604
-61.51036151302271
-57.90328205660120
-59.65866998452007
-68.25109396781448
-67.86289600816791
-72.68004235173353
-77.21423203413295
-73.12545610657504
-69.46230426873811
-70.27213811617342
-62.77749395929705
-52.87798571276014
-51.39454550856993
-46.70095810481317
-50.08031268895697
-49.49807605071716
-42.97415405299795
-38.57806457415306
-34.01624812710827
-40.25859390093298
-41.48072276689438
-37.70947612766074
-31.18198803823213
-29.58097172273035
-31.03864100213317
-23.56169955381963
-29.85786658460984
-30.21230629507903
-31.56346819627349
-31.20220609052161
-35.63368807040941
-41.56016125637699
-45.19383477733197
-42.24164383331177
-40.67789065865148
-43.43365217398615
-42.27775467947674
-47.64378075355509
-50.48122062339463
-54.26053793547600
-55.66797829363887
-63.12555581758455
-67.34051590136515
-61.08319617343732
-62.65319887274191
-64.23729523563381
-57.43325630397792
-58.23337377565551
-58.90626682253668
-57.86744621124362
-54.96933855343796
-51.32202474161846
-52.43998812511664
-51.19158883862857
-48.72059274755371
-43.36873095575167
-55.54794385928387
-50.54487547736327
-50.54898576338575
-50.05473071659487
-46.04782241900397
-86.07733300541085
-78.05445553154713
-73.39923718766275
-62.00173710598482
-56.82675566492070
-46.64149689204716
-36.85567678276724
-37.48946136060120
-37.74705794152772
-37.78920729558826
-33.78171896406025
-33.25320364837646
-30.79197722087081
-25.90576525338686
-24.11528551000300
-17.89079791680530
-19.56248785120713
-20.92978604681588
-24.86035190453173
-27.40942421354177
-24.41037494071815
-26.84938652374891
-24.09495553128644
-25.40509529830380
-19.76535010531660
-21.45854730630642
-17.27553385603585
-17.66796421540603
-16.97861753050394
-18.30990977766684
-14.78768928825744
-9.31044294351184
-12.50412577298395
-11.90962982222178
-13.55866000879476
-10.57744162717447
-14.13858302881017
-24.07113330540457
-15.82007311468346
-15.53094743438596
-11.00524261540083
-10.09506879259471
-13.51122003733343
-11.29389168698841
-17.50496256403667
-37.45725896651182
-36.90346308234165
-43.06547516903129
-49.49205154472297
-46.31656721188023
-45.15556078279587
-39.08650324406870
-40.35794069880074
-36.79993013945023
-37.09597311129511
-39.53398963198372
-37.22720712296410
-37.99616915835654
-39.46496382930174
-40.74384139838207
-41.08487812847253
-39.77061771163108
-38.78648164335411
-36.89021835681456
-37.54438690366693
-41.95613738314501
-43.66782180033445
-44.41656056644555
-44.34845920518731
-46.61657708430662
-45.98888036953339
-43.25613220098001
-43.75274071413779
-46.87646413297844
-46.84693976953890
-49.48360666110862
-56.41181513589635
-52.40451127831661
-49.06569520732796
-46.11162906731224
-41.16203197732504
-58.00131597682014
-57.31851992024734
-54.23045641862812
-49.25947483821682
-45.93841234226467
-42.48274990860557
-43.05637683100989
-38.10163931765565
-38.95117604038855
-36.04270500138235
-31.68508007239551
-29.99897222398359
-31.37905103973421
-25.62524672303095
-27.23389110374298
-23.04688459714002
-19.18107081635005
-16.13041398271831
-16.50137156235353
-20.08099315719555
-17.42765264461272
-16.96253274144637
-17.46794782314275
-16.86044530623862
-12.70616052218765
-15.99772429818515
-18.83880934772832
-15.05568012196560
-18.03329409831409
-16.04416450855540
-12.71991639501445
-13.89622146355893
-15.88055194010853
-15.87284055098245
-17.07462330506310
-13.13649526158309
-7.13825482550254
-9.17363794480260
-7.27426718565364
-8.95119281582511
-15.10287085998640
-16.57134604409881
-16.12566869729193
-15.30911388428267
-17.16732092407357
-14.81528012928094
-18.66935854041724
-15.71013068739899
-13.14213103015928
-11.50257146285128
-10.76496697628614
-18.56955436830673
-20.52496284114277
-12.62439451315437
-15.09843355978431
-14.87674177501729
-12.07923429549650
-12.99750988053339
-21.81940445855945
-22.86313659719190
-19.75512583530755
-14.02550798550829
-8.92730274411968
-10.71369746091142
-10.30373712071552
-16.39434915567713
-12.87930952572568
-9.85968017245482
-17.54739520331730
-10.21296953676363
-8.14712840123064
-17.51780505433077
-10.16350414520985
-4.73137125369328
-3.07015817902020
0.12738013929656
-4.13527777057503
-3.81129964775005
-2.82205614694777
-2.75892663076996
2.90570822142061
4.04563501498932
2.54961610265764
0.40892833719615
2.97110255408252
10.58500614760218
14.31556000848946
16.40647192391906
17.13741888497240
12.79491422432613
13.62334675530168
15.08302712503934
14.17769085480964
12.45359083420706
11.90528430450666
11.85354675801979
13.02763549354716
4.85267724297611
-1.65041971113515
-7.55576409955355
-13.75692383376050
-11.44064559940009
-20.77699380511165
-18.36747470489490
-23.10834862926261
-21.05899470703056
-19.72043536476885
-17.48365335370899
-18.13722756342369
-25.81542698376417
-21.46944465442279
-26.42580549515555
-22.95403731695792
-22.08121978853359
-41.73424334006866
-39.08184467984024
-37.83318921507906
-38.80690729527291
-35.29075317373871
-32.44021019317596
-34.76813322462553
-33.20971181401586
-27.06637377446131
-24.79150646789785
-23.39032548929625
-30.49889245434649
-26.60628986794162
-33.94904582781611
-26.18943493612427
-25.33882595852659
-22.85943102425867
-21.97462940927529
-17.54139486328361
-13.39184898788920
-9.60346762115999
-10.23519258677463
-7.66822976934579
-7.58443704683839
-2.07940053490246
-2.35685316678761
-6.55087203106120
-7.65323889352979
-26.78337319557436
-35.69382286546116
-29.55229680090376
-19.02962436192477
-22.04881595207176
-15.29855233511118
-17.72751062603594
-15.55920931065197
-17.34045068110941
-14.53816993106912
-10.24802984061787
-38.33606607479096
-36.67158808194468
-29.26489299441348
-25.92404351870663
-22.56451675632541
-16.49662460919284
-13.29631071447890
-21.29345176100130
-21.60831792147698
-17.40855385468027
-11.41526721767089
-6.47500467233893
-1.67703128825218
-0.51326714274414
-0.79303788085021
0.36358021249028
3.71690265527630
4.44028569951209
5.28582611793325
8.32917832718553
11.24998713482177
11.87473172448990
9.42258066902169
10.16034783837218
4.65905402858453
5.88060147543292
4.83359333412067
9.05656520255137
11.99445131635820
14.91868570266427
15.42685313359388
15.15193515854464
19.67659575270041
22.52718009923660
25.09164192845217
25.92430478809548
25.06474411452936
23.67468717874411
21.62555886838005
20.67899137764615
22.36486792789980
22.08567931220031
24.66207721661542
23.92836588101078
19.17586350406522
22.73171158321740
22.68149583545640
16.31325509948926
7.39350542754025
11.83548341083436
13.79207774081100
15.26101043715935
14.74479754001085
13.65569748745619
12.37396051532570
32.09597097790304
13.55526223976969
13.72049879996156
13.55646880570329
16.43678558369484
11.45265288768031
10.17844628037013
14.00997265556336
18.10615154068259
14.30825067874516
-0.29883086163467
-3.97675256952918
7.08682930968479
4.38243493334073
3.39896992336966
4.91525771230883
8.22955255405878
8.90431641728498
13.78647090193805
9.79425952318231
11.00456837712141
9.19757317410258
10.56010419988352
12.89645744557699
21.28040387403861
23.53051140979576
25.74213819142197
25.09119450591345
27.53044348061276
25.68442242147286
29.96851963028206
31.21489751983360
31.16824487129922
37.86549044134316
32.30467036552313
27.89521267028906
37.02328678331826
43.32719657465420
48.62008184136253
50.25128852995785
53.07430674440526
42.92896453341664
35.01996773196284
32.19783013581400
33.47509924951559
34.31037400999002
34.20818046130342
24.03004477583483
24.52174010658715
22.40701634575446
19.81660350823510
17.00622634606641
16.66489055157024
19.39160939227413
15.28955142557257
21.82205996851300
19.19870355484161
20.62127785349965
24.62325880197511
29.79976796872352
53.01700695871153
30.87484847740670
37.70772622159051
43.19320921896397
28.14410589801381
34.25748484485453
39.72291711695038
43.48557642665690
37.84827360225683
38.54101094186800
33.59257888307758
33.18316322950717
28.38702733826022
37.69974386833225
52.43110778713763
64.72521548949649
67.67324011734594
72.24794957234009
61.03162268926945
64.43973479544434
77.43536369282094
78.02763077834446
82.96078685412910
88.03855422168476
80.85153147752833
72.81128045231627
77.22137016025228
78.82939966710667
80.89108431578622
81.11626686800430
87.03569147622909
97.16603213763358
98.27624861307325
101.07167913904672
90.78116146752012
91.43004921572867
85.36594867519611
101.18537552506444
103.51455824666085
98.41459401436863
103.57191482032795
106.91872910105126
116.47749542233255
120.91531149738670
119.08114753799900
120.58223933853992
133.91598266029675
143.01457166438414
141.85729293250276
142.13511466470698
122.72911715741616
125.55466022491851
122.22731166242735
129.97061254895095
126.17297358324201
119.87022917666135
112.56435115910425
103.96282802906271
97.04083384115157
93.15528423397106
100.19129209849636
103.17718009739060
94.10618426317751
87.11594057176664
93.82924405816382
97.31524646031559
100.41596539073572
100.95984233208901
102.40406865579786
105.83499137746838
106.29624724346345
104.51263645253087
94.65339525426701
97.49621863977126
98.54914999285677
108.62068819864550
108.96985132813576
115.43871307608197
127.68892940563101
123.85506490088466
109.25799325665173
112.76467591728579
101.04169384679035
100.98985040073117
92.68196184472680
101.91050593422291
106.54371654377002
108.99676979050986
106.52659489987052
110.35958488404169
92.67696596757273
95.10451356684862
97.96740859389325
102.62362575676964
99.21648046894991
111.71131237392399
112.42666710089662
98.77184069791851
103.97717492059515
105.95351317007015
108.73223264454384
111.49083157513357
109.11139324282294
102.75235006993266
95.61013419579812
90.37295299778795
79.33648750183364
75.91539635754600
73.56720052320163
87.74196499044987
79.55135731690626
62.35197440544552
55.39300431982294
47.73121768535916
37.32729720856814
44.97274735839307
42.94609909656132
40.08422266929175
34.74688614107311
28.53736660718060
27.75520964823153
23.42069748833916
24.81133956061387
21.71131412142694
13.63598589700128
14.40856374695845
9.22101019605516
6.89784736565729
15.72475243040454
-0.02587244613867
1.40169782041130
3.64057192096118
-0.41118413054031
1.70620514127070
-4.15788343038605
0.72494442043936
-3.51141829656643
-0.23662796467558
3.39390184779655
-1.79868174979488
-1.86155693781450
-2.32413578573245
-1.28390530072492
-7.03787074670581
-5.42176253858020
-5.90659731902941
-5.83982847430102
-6.50962102021867
-9.60963907048015
-10.22895776735955
-7.60493349415171
-4.43755263061128
-10.55216413477766
-8.56096415332665
16.19060197429228
9.88133904079791
5.77772660092005
5.98787363066504
9.12227772131460
2.96236136093137
4.99627234851647
4.73260035686484
3.86297693589282
3.90700798530253
7.77259641158217
2.07289303076421
-2.47022928671150
-5.45365970519484
-6.05753306257349
-7.91447783056373
-4.75546554539737
-1.77833799221784
-3.68348770271081
-5.51673342502183
-5.60784808439578
-4.19276242883475
-4.91646284026425
-5.42062297438913
18.20476031194832
17.04955369636064
19.06514129383313
14.92735340504384
35.29395307796217
31.92462698761445
31.35494825421155
28.85402395122186
21.90719139870077
22.35995531653948
21.44304059591857
20.97410576752973
23.00857322329203
19.39360967682270
20.84167727165647
17.60731732410218
19.93513399644023
21.16424221510606
15.54936062209210
17.24317436457972
13.97727147317982
14.06549395616644
3.05232956227483
6.07595806267726
6.63668215501111
10.40158429936465
11.57332730115507
7.84850523179841
5.72245122541724
9.52187637470070
13.44713265309171
10.89367382565731
12.05039230184340
11.48275455499679
36.32007116971181
32.20552403235674
28.78592057276562
31.07819338979241
22.43594096247384
22.04831157286830
22.48705400669159
16.99842788517472
16.51656307218835
17.03142725015564
15.85100228683646
14.95261523861203
14.47288142065574
14.41743274206733
18.79342193684569
13.40138704141583
18.23072869172352
19.23884482088782
21.92294732842586
17.38382758296504
15.16152307075818
13.68489538088972
13.87469688611363
15.55117534617123
16.20029336086210
15.78586097227999
12.58056154204531
10.13152828475823
30.82964899579103
22.48006381009825
43.10886919521226
43.59255507121059
40.46653208441046
40.30729296188048
32.05521709765202
25.21975338006080
23.44677638602352
19.52808527631487
14.51284528931227
12.46249608576233
15.73645133162259
15.13606912253525
16.13712256615047
17.48068497768285
16.15982274181894
39.74182531169699
32.52535989521580
30.60756388194443
32.34273702498922
31.68031469066270
32.72993318463038
25.03789269718737
24.19446377445606
17.53144141877659
18.70244929162696
19.85464535015659
39.68108796821039
38.57023844413580
41.27108091646322
43.58459288224772
44.03565950550338
42.14475865072347
40.24361000538158
32.94307438016871
13.19683143118719
34.44762006779312
28.40729579864783
29.34778886365142
27.95290135512567
26.13201619068538
24.27268239759141
21.66836941133229
19.63199116277351
40.01603984429664
39.04521909742940
34.87785625909910
31.00250852928150
28.73239222030026
30.02439353250879
32.96189076217753
30.93519702379641
32.09593670201847
50.48538865045199
70.76285665172975
69.13257346808743
83.38356046676918
73.09189350876738
69.18994460584196
62.70521974312874
53.84260743497222
52.27871030784375
42.84150940704202
40.15071330149198
37.37379160518890
38.67636994307284
33.35167014965440
27.57945940697821
29.05074939186235
28.12355400853296
35.83509670622016
33.07702390178073
31.85731340192987
26.66878998429292
20.77733984372103
17.20118048099210
18.91962606267447
15.76090872053029
27.84131556142326
27.68618514576677
27.55133356736290
29.13543743999517
30.79297479347213
46.23024577818582
51.17617353305491
59.76650292180133
62.09695388187887
68.34690393333831
83.40913297922353
84.36341880202224
73.53875021411903
68.12364579280896
72.36417987795784
65.22791232893732
59.79904803938334
54.57268687649513
49.94968897165715
59.08951330963740
67.67879275601533
57.50249293731594
52.57969271031515
52.05595153107671
43.45431188341120
62.61056023975539
72.64882713916779
79.60802554578143
71.27365346711522
74.57714623872261
80.51223047339595
69.28952862027148
60.24940912359246
78.36850338511262
83.06845792084805
77.11184341250696
66.78423110735552
62.96385943195567
58.86269163710581
66.25387586492005
69.79747301509231
68.04929638840299
74.83081716095072
67.15139040775955
70.62636770674349
48.46589128182838
45.63320208766504
41.40045896428826
38.74728838291233
32.88378659387237
27.19831231834790
33.69929445403437
37.41579640253490
46.73258342611903
60.49250502890546
54.63096094902391
45.09487542499399
38.98187223413078
33.94935919671822
27.15903447278943
32.39280426283482
23.18526369255475
33.18194564066141
41.57541167772844
37.98695806765641
53.72018805994861
48.59340684296786
43.08224796376774
48.40126690112176
53.98342961195300
57.08254480731759
49.43495158463272
50.23358918899123
52.68024559516435
53.68548370878991
53.08708383918374
45.42499436921528
35.71075859173847
26.65010392410621
46.21181864210112
46.05436038932246
52.92211565214290
56.13531578195188
60.62983485641681
56.11254462040057
61.36907995766175
49.85663364993575
51.54557074210749
43.76161942856708
44.16544817597024
60.13791772883096
64.10588771738621
55.82260340243537
61.82597633641237
70.38052541916798
69.65825637303800
65.25512821716181
73.73013101785921
83.14694560972475
78.89185244498977
69.84360254055952
61.61081252133651
61.46270045006753
66.92264011115154
68.64779380674452
71.08309454316338
69.36332191987535
74.96333303400711
56.82581389035076
67.31412171452408
64.57829337419749
49.98501087175087
55.66611210294837
48.65944122797664
52.13018805141390
38.30011577645341
41.95074339612479
32.18250674522061
37.92447567448794
51.38940550362217
35.85685183123501
33.17971621320147
49.72424536782983
54.37120013186671
62.03256657091222
49.53917215822960
50.89801263525649
55.67200927333027
66.52125966083098
80.87084075857446
65.98608536337534
65.22754946261237
66.11077734121695
58.52646668389694
56.20732016585860
50.52325564332573
51.53797550749563
67.01182685768249
59.41572506259875
59.11874509943812
72.93719174859267
75.24375597236492
75.19917242286446
79.50044530433821
74.16516027547981
68.67998805139861
73.30742075110629
85.26637430511245
78.81128513930922
81.59881218452537
69.96923976430361
63.39473580590098
73.92109205648856
65.24258911719340
55.86471835630221
59.95364802375212
59.64798956449476
73.03275956052285
72.37960674558978
63.02999851722083
68.87352006829785
69.72984344794985
61.84911191713878
65.15762512946691
69.77961819686742
73.11634591930833
85.01416946430881
88.81667355709433
78.62519433250742
61.22316987765549
62.92727682751689
65.61370481554295
62.70654560129362
66.16018178678223
66.13918491195889
78.32235102477412
75.18425351275916
80.81853973713908
65.49085535241525
73.13541913971106
78.02285600901406
89.48781962186288
88.18812500190742
89.89905925859742
87.43875352581500
87.19471637578479
83.07039486225631
76.49621681036970
68.75190125162794
54.70376175541530
45.30880086072311
49.11342667167351
58.89894304627200
54.80109153145193
60.67469505218695
64.29248466235883
75.65954090897328
77.46924579870944
85.61639497366116
91.14219110350882
78.49645380721046
66.71035930917380
75.25829502032232
64.78015136435550
66.03514036232799
58.95744107338870
44.16602383267745
32.62742310536764
29.15657942889949
23.91707110544628
34.92473225704477
26.98274692984698
18.21294902100514
29.33199026162824
24.63523607045258
36.68161874063777
34.58958022571391
34.43452365044041
45.49032196168417
37.84577645103058
33.49489848981613
39.73756365061517
30.71945855354037
43.15541920332660
30.68341728121267
21.87237206724956
21.33159058968303
31.63140297775651
39.95889382686411
34.54252911848424
28.45974718844463
37.31176094043150
39.07250592683000
32.47791264073731
34.01557113715345
47.59910067390483
51.09348645498267
36.91804093552678
37.59071453829628
32.78185157683004
47.55440725104887
58.94950571831082
48.32301921634466
41.61378526145168
38.43649651790819
30.75157794257987
33.21592333526415
39.38546017110608
39.73781862362801
59.94150873022629
53.76661481409185
51.88503080493504
50.54231368588598
46.48678986855123
43.24830878107324
42.36192543829309
41.46065177155941
40.61211576006637
38.79402792077622
48.51592501259764
56.33822271153399
51.74940397932247
58.50269188637662
66.04496281361450
77.09912704812629
72.16302706506053
67.97666024877978
64.93679802789251
60.77095233508102
58.68931572823998
65.04199174240654
59.10695857587245
53.15562331685157
59.24117766777261
51.19742467785195
49.59824151042391
44.37209930919873
39.64258938413477
37.58941515381692
35.33760129052634
29.00865006091270
29.18933788254614
27.52794815458368
37.86257806168649
35.62535270973341
46.79482533455774
55.48163688506118
50.41798578732653
60.15197964710740
78.29212831435382
74.88182756204169
80.94844340307736
69.05908107449764
77.18867157344086
72.17703262553005
77.22009343687168
65.87004113075393
59.19835519301628
63.11591728792192
59.55660162349904
66.66604704424542
75.43474133355484
82.54517917812586
77.89841424812082
69.87882667642562
66.56457163090623
71.71352880775501
64.44094747340380
72.86901479759399
77.39039710864162
81.28865166315708
75.82065742387620
78.83409642292624
85.52218382352379
86.29640550083978
88.42535362764488
75.47903556440173
80.39332944627022
86.62423803410233
62.49983132828148
67.95126884967216
72.50542852546913
83.55917841730906
71.59778503283569
61.74005050970032
56.63285313390385
49.19383910346240
48.19981881223266
55.06012872900608
61.77757857614404
56.42357000300353
63.11091638548618
56.89020853794693
62.37619900822347
69.86791514386778
62.81904849360988
63.06726089799022
70.26089750995378
77.82623096579113
83.60771980958206
86.02115870993151
90.34705445832657
93.76982297156960
94.74605976346575
96.95237104586734
95.69925155679428
97.64307156288932
102.70965452101586
97.44572128621779
99.91771242120583
90.69160810319559
93.95729399754924
100.55020041767521
106.59640520915255
111.14632928738581
100.88361480767804
103.53344391957549
90.46300379946112
95.70129609851853
84.38335467019053
86.48285877167773
74.95763807853541
82.42517875723536
88.31337173938743
93.74305670840511
98.15859754745996
87.48608154864434
90.99968940775804
85.17847326714239
73.11541641715402
70.69946136900671
76.19164955637980
66.04618966625648
62.17802162469966
56.92449446287785
62.33056717412491
56.87935612203844
52.99412086510051
50.42249835883109
60.19040835136752
68.73248520505960
71.03570748781925
67.09989942820175
72.38617314516610
65.51587511500541
71.32772527092298
79.51714053729017
69.36847189204772
59.26326107894715
38.23347642961029
49.75773865175606
40.59784359731351
34.59075435911441
43.05468569285869
55.19317472287338
48.78870775386731
43.94935383187090
43.78232578441940
44.56896334013156
60.50218827546496
66.87579083316783
75.94769568380516
76.73612427959787
88.53382761329689
91.01338909466162
83.51488951150317
85.59221341367981
78.84291808017669
84.66826976841153
81.57965786728934
70.55298458054104
62.72554445501907
55.41891256876038
52.97219790452030
45.00325055807805
36.20150753434797
28.08162848778550
23.63661745591058
16.67576531718235
14.57066094764625
10.50600461441230
8.56111285752723
2.07569595138265
-1.13307036079993
-4.29420267145482
7.57760309825435
-1.50170616358824
-9.06456322956532
-11.77776892231399
-16.20963701150169
-21.17109892976568
-21.86569225311523
-27.90498782988786
-31.90783620552824
-34.96016360851107
-33.12686801036936
-36.85692644187321
-34.51793298704021
-40.16467285254048
-46.48308158327340
-48.02500154731338
-49.00520117637060
-51.90174267856803
-48.71929855622932
-48.71273797222395
-52.96476544831800
-49.63885771288742
-51.60762823855264
-58.24705200519415
-59.41818961752742
-62.88693303863556
-64.03649088577444
-65.02116840332499
-60.31476281480241
-60.30925240101706
-59.24600355173039
-58.61634641825780
-54.22730263999689
-52.40565661885257
-50.75985276971276
-45.72072572239821
-43.98488224694063
-43.67926030271472
-51.48650309047453
-51.37267878202191
-47.51256781987217
-45.44714335218465
-47.82020873294482
-46.81062102311769
-46.46783847883826
-41.83780456755699
-39.10915398944317
-46.03698887772455
-48.59252875895690
-52.90064558592353
-51.13187502276484
-43.69874395569951
-44.56561058214422
-46.06719920777051
-49.46301560646717
-44.15245527489606
-47.02473970116115
-47.02143139813138
-56.77083323326695
-61.01755141488555
-60.33741028224762
-57.20235814676486
-55.22961023440880
-54.95469723014736
-58.69321307672831
-58.30518455040507
-58.56464386531744
-55.95944216906912
-48.82267883174534
-48.48991596808426
-46.53032735511795
-46.95647894611517
-45.05578793551889
-43.90737457063702
-40.84947539839109
-43.67472381480701
-48.54221036031761
-45.82743628605226
-47.96020533301353
-65.91299942956793
-60.86577722669253
-61.40344716990394
-60.81408480695074
-60.15886777305026
-58.97720693000618
-56.32166427224079
-48.73925954773671
-45.90776482699412
-47.85100720474796
-43.44903774734940
-39.74798736516063
-37.21508613645519
-41.45349495190980
-41.97827588377958
-39.60469724203978
-34.85769087754270
-33.42998851825626
-31.73814296338619
-23.84759649631108
-23.33724934530159
-26.70917198160624
-31.37905617407376
-34.02647611287397
-31.16346555067923
-34.73031620645406
-35.01081206317592
-32.78098528602854
-25.75177766753354
-22.11564972545964
-25.43176476652807
-28.40810717187808
-26.73141622173981
-31.75738925864975
-31.11465689886676
-29.92989978065670
-25.90815349867883
-25.01412841143753
-31.04448192690103
-30.18895514968839
-29.56855542961450
-29.48953136660471
-26.36169248052383
-21.48572638939743
-23.35278335877196
-25.92311744666616
-24.48568872671519
-23.94308085259389
-21.06204231701159
-20.11026010051825
-19.18757347458745
-17.25299427805557
-17.17109525551676
-15.07127732272388
-21.14064108178929
-23.70835744525396
-17.75546166947532
-20.41137169119488
-19.83044999155075
-21.74912232302926
-34.66228505317244
-36.99949245534863
-34.87042415920398
-40.06810923933556
-38.15071426605159
-22.54781516390317
-23.96551144671923
-21.16917153245031
-25.15899473279787
-21.74403340660118
-22.59578478478491
-20.34845395114668
-24.25199074867650
-22.47153809138718
-21.56757996742064
-20.25171272692264
-21.35410037341270
-19.14111627954084
-20.34186049604042
-20.18998521679854
-22.48252407044900
-40.48982231070369
-41.68634532712130
-36.19764208861215
-29.07383066002603
-22.52769501025095
-22.44896985298759
-13.34497654458617
-50.63526531179337
-48.83582301963211
-40.62690481384889
-37.20025944156725
-39.18470058750395
-55.27516382291801
-76.33629409183941
-67.29871097003897
-38.78059884793012
-37.88904556871221
-18.02385229393559
-18.24764976556709
-12.26905106174265
-14.12691696165004
-16.05112519913066
-19.22837448299007
-19.40417854134913
-15.82132202422382
-9.33530013513237
8.82295256638930
7.37528506835406
10.02219961694074
7.58517817074876
9.10036861244068
2.19561167292045
4.21392118443190
-0.81460157500387
0.70684325378222
-1.53076355266712
-4.30571880455011
-2.36271311576346
0.39672854082610
2.69178099602140
2.88135556618223
10.71760033869936
4.01131071762431
-1.58728994303385
-1.41719909055404
-3.54352378424231
-3.02958357152666
-8.21693857329333
-12.89816102650469
-10.96944585634443
0.39901347506174
13.79455283727057
9.87157566625404
4.75164275530822
3.90141387027096
4.81844979784562
-15.19108786889567
-14.11648928252421
-15.18615160831968
-12.82903295454250
-15.64225795681211
6.58411869002613
7.58040280313289
7.36756045157429
5.64305542970231
0.74743635198676
-0.72502428460835
0.84830476744541
12.00551444804274
24.26262277301883
21.65701218401345
21.92800514044628
13.38193262962974
7.32789080601253
5.35922194847227
7.78998252429049
-5.80991194353536
-12.48631182558471
-18.26637702987204
4.85707177241692
32.68896571582080
26.96360023368274
7.22852135019523
8.01119265214579
30.00494512585600
29.51387235711046
25.48030315536996
23.22164489563036
47.56791092797216
40.18320405694685
29.39359040218648
29.08670880490404
28.07114331034334
19.25750635738611
22.50902917494677
12.87250268287796
6.74223754852583
27.55171280808139
53.29627747056037
41.75708462917294
44.03941984766729
22.74364568186823
21.97256752904056
22.24878090187103
4.63854892637466
3.45675259269976
27.82934839706940
26.48441748150329
25.01835429811526
47.41717820652225
70.35031932053823
80.96872716776264
61.43335027290271
82.66755786426194
72.29920746945579
67.24983494993418
60.18378344616117
78.92060929977467
71.73919555498193
63.76942647829251
60.33079950869516
60.16205076352760
56.90023862581288
55.39611000578140
50.01804974599843
45.77804565442081
45.52844392911524
65.78801830990787
59.77914474703926
82.56308485368049
73.24318528321473
63.99089537680918
58.73283297190913
56.28125888388896
52.86443428314528
52.35112973914473
48.65543229612131
47.89745610949893
68.36973878044128
65.31832765044220
61.17149257529290
67.05724172160681
45.17284783259085
43.50332215752218
42.50574237436426
63.64953857601802
85.95882291319228
74.04999349049889
69.54518673920285
90.04163653849452
104.86081519741830
95.53054812170858
89.77176388659278
77.45360267639523
52.45585778241787
49.30937255414421
24.18920505609331
20.93002070086948
23.62995794587478
41.16971297512291
39.53103597715663
50.84184621404033
62.04111017992552
76.32248317480119
93.11484328229363
107.50788781949153
92.23236147212123
86.53649445355914
103.56814827114428
112.67994904064797
129.20606733398313
115.17367340599787
95.41686587999932
111.71053692941904
103.61672451594913
94.93641748761942
107.96315662262232
84.48274354283008
71.62353789058909
61.02438495338595
48.44430010991869
63.57285358243585
51.30725904020218
44.87614080086751
62.05040044027127
40.37610529920318
32.44965526016905
48.27446056174654
72.10461523050949
90.08902847760621
107.35545259181313
96.66746719263062
88.47326461044034
83.67181211643265
95.99242051579235
82.79434602652935
71.66564802891351
90.13021606292176
76.67917132848804
52.73987677838117
76.40190547245406
72.17347456548430
59.86543535588636
60.99686638790127
53.37117398014291
40.64578153207311
31.41026788036949
20.70354993213103
33.15186021110463
30.64160378749183
56.59212252248533
49.91681760796043
41.10592365970155
30.69729066375314
31.40678462935148
32.27262469007210
57.64323505252805
53.12306997563810
77.04302279853957
67.05380578333853
58.40313575355940
52.38279743182045
73.96300073064388
91.24417681907083
76.65662563119432
93.79512048397898
82.36888452846340
60.66250689726188
79.62345966479245
70.34773419871763
83.32069013856524
76.08032239793832
71.54164801582704
84.00270353654244
56.66216973576567
55.63082072472861
70.55371914123886
59.36076334587982
57.19605348282374
49.53279088165525
43.93596845930397
46.11843280167614
67.41823609588016
82.90029258527295
72.13636591938868
90.48554393346552
106.18339533957759
101.17239785712891
116.35036203261822
127.08490089164445
139.28169770659565
150.95351275922405
165.66894295195982
145.51159586106522
131.81816327775300
123.01741291089645
115.64500964221943
91.56651692854986
79.71421342946287
73.61587758186613
68.43055464133215
89.01825934571956
104.95314787052374
123.03939982058118
134.40553926647175
122.86611422857015
138.65287073725904
146.17864360701813
102.37315988344977
89.20944961274689
102.73438422617555
109.74229159758335
124.79398692187468
112.71249725952663
100.51923478230863
115.96545764332444
125.27869729571960
137.48779923908833
152.01735592451817
135.21696166995514
148.69196123488308
133.41975463531972
120.39881936033098
131.64593918868684
92.09259050607251
86.99410001701186
105.47889428847878
76.76222860942029
72.47157228522700
91.00646527449518
106.80654648911757
96.07036002432913
84.14194018205720
75.01905339744789
94.71232610783935
89.32113817615573
79.77684792165218
99.68835261582659
110.60772765607447
103.60030682166598
119.52281938552809
131.98554702742163
145.66913886597877
157.86578398822803
141.48352538700507
124.35775926670310
100.18231969486800
93.07841706140374
108.84489255940913
116.04290003998368
131.22724472598068
99.19778781677354
94.66072541332709
87.15003451886614
106.13742493287113
113.11989431743865
127.70647438584290
112.33944877788493
74.80659908432314
95.04790533820943
90.70795123190125
84.24421248468201
104.05066536264899
95.23828787192110
109.36110312400554
102.57665402293178
116.35957140358605
109.50238683239876
123.50092112948202
101.78696419446382
119.33870083235266
131.10649259983580
110.57990808103884
125.17430310955612
111.44568086371933
76.44623100271247
67.40141388022839
84.23902118082600
71.81552240234905
68.46914406878631
85.78810705362845
101.42937334077095
94.72629227359826
111.40914915209405
95.59613152037772
111.34697096896244
99.46150345000598
93.73816504849832
79.10955081731530
96.85113546891070
77.78279110385357
86.20914771498695
78.36275666790409
94.55317537599031
109.30550453807567
126.42454093140498
118.14864357606474
125.35223344927579
113.99442920868728
130.58847555696877
144.83121358063207
151.86491677715722
165.22443772375473
153.11633601934233
141.11985728154909
128.00141959013291
140.94237386471210
153.19555963661267
140.13903927708506
152.87710221718226
139.55433133600391
156.57842943881241
169.34558359651561
152.14157703716447
135.95534050359240
149.84041245238501
160.05645489016948
145.64880442405979
133.63284776405666
142.61870592361169
153.73163691031220
162.78432824604351
146.58951043248430
158.71804909056351
151.83726363088036
166.52250957857336
141.31547448816943
153.48629808710149
169.44906756255594
171.58011198941344
174.63401811919903
182.90953686937439
183.20579323717430
167.95787221334803
149.88521801381572
135.11546980406462
152.05855231944111
137.53074255582757
146.85106748437923
133.38443827134074
122.75994843434079
130.54359727485337
120.32772935220393
130.15767969079275
118.21943829886652
108.93069221191459
101.66814664745311
76.91545090503810
99.98596660501582
88.95945870055337
102.95507727190493
89.90667200504602
78.30914097836961
71.85646955203478
62.16052136632275
56.02612038591437
45.63258519462209
60.56715437674261
53.51701064732638
80.50475421527983
73.66246234446216
83.30289484292871
97.04732220106411
82.41882812311749
94.24681203372118
108.10341837819321
125.68721304843140
132.53196235211630
118.33335950504610
108.67847152887978
116.68447278310586
108.00888985091152
118.74988895663789
128.67577972320689
137.07891109299129
138.02489699960609
126.37155886995126
136.72274509583562
146.10444569359041
149.28868737057360
163.76238362100241
176.93585360706061
189.38978657669776
171.37856455909463
151.35735254026227
166.84664075895188
173.15860195366656
158.87143434664665
173.14452168394681
182.62641222400083
163.93849628453052
150.40362703834433
158.52406223247385
165.68495318157107
174.08627959908787
183.81640189307009
166.31824898433550
177.74305375052910
160.54631769725427
169.95924579468979
153.87109147881131
169.09608541886922
179.66863442375407
187.12970326245923
151.18318001602375
165.20755693910661
172.84744823392583
181.58277255922920
189.74576772908190
198.60136764582876
181.85760243007257
181.51077816786636
190.72578038332136
199.93354784656606
204.69599878864909
210.21320581809508
216.38883278521635
214.83077057834015
218.46996502733515
221.71204377428381
225.89393823334439
225.30663251205016
229.42904143147069
233.36618672244100
240.12866284823488
219.15028501648899
225.55973125555457
