-77.80668686409889
-87.03991218834514
-119.80351523636642
-131.80005148149789
-146.08504696126136
-173.10744087873397
-162.38111863954146
-161.97601997377132
-158.25721567601738
-152.02765505286487
-147.78378615318681
-144.54911593667111
-148.79614207882454
-156.65158562443699
-153.03002040074847
-147.02545974248432
-148.95738466889344
-144.71941755913599
-141.38495470786961
-145.60774300167353
-144.08653159720023
-144.90466255862322
-143.92873550252241
-124.04382040164241
-122.30174579266796
-122.38630047747897
-124.79537704587356
-127.85869985371274
-128.34216205677416
-127.95125652058894
-128.16215954373456
-127.80511153133195
-128.70627287933277
-129.45125665287915
-128.27465575748670
-113.73679225593767
-115.34977187675175
-118.16597507605852
-122.07763468245795
-121.48340796475928
-121.91503628750405
-121.40544194777618
-122.58631409620722
-119.60412419207991
-123.07915739750416
-121.80976584219904
-122.15156150643284
-121.22928562940612
-125.51923690618834
-129.38507298821074
-128.68600621019223
-128.68631873201855
-127.66281445754322
-126.13744731972470
-126.98907748949176
-127.42170741033537
-126.56894584241803
-125.44386916499214
-123.15582894540350
-124.80261202441751
-124.16399414525848
-123.96993281843245
-125.25817424912167
-125.07449344020164
-128.45344256934470
-126.55983888860438
-123.05278929124516
-125.20560486669771
-128.58367159138368
-129.61928840151364
-128.81755029480539
-131.15617650979257
-130.45840809725547
-129.11806819605610
-126.50020795091281
-126.56184396788075
-124.58562641272914
-125.92358596938750
-125.16431481085338
-127.68481784994822
-124.23794352349140
-124.21465311226642
-125.79295482359261
-128.48114969062379
-128.63375429040303
-126.62671750192962
-126.31158977359286
-126.30216151390781
-128.77819941228512
-127.03199449476688
-122.22109282246197
-121.26005097787679
-119.07934557670100
-122.05541249667306
-122.13617748131730
-119.54528051503146
-121.75027253126976
-121.09908156293224
-122.21801602219527
-120.57128184874158
-123.36058012822448
-126.68273113809798
-125.81872049846716
-124.10578210300358
-121.97124716061528
-120.69027357237293
-126.06047198590703
-129.06397074543997
-129.23699270655896
-127.87149572489442
-126.98976407344374
-131.83040855671885
-132.33116477881239
-116.31037885739880
-119.40257260278233
-128.72763557877641
-118.34577195171254
-128.81531544020100
-145.08716471924498
-154.56529852585018
-158.21909800455251
-162.22189563259633
-163.63262038078176
-159.38488799919205
-173.38090000388507
-170.40081822597853
-166.37124009902598
-160.40851293782353
-177.27658096322699
-175.78795474892780
-157.92923863005797
-170.58434660422941
-165.52427957786443
-163.30872178429499
-161.57265965210451
-160.58627675711736
-155.27214742641962
-150.49253714186187
-153.06006761505012
-154.64148445325793
-152.11323006578971
-149.67466014972527
-149.75580466592453
-148.52759219978941
-142.55295982397880
-138.98130340587977
-132.98896235216640
-129.78753412033865
-126.95728737671541
-128.79329808505489
-128.57206998136283
-123.06535554392060
-123.80915845841190
-124.85576517440148
-124.69843147238211
-127.78673225475939
-129.92456318162039
-125.85298228459435
-128.33631578572863
-132.68944363007665
-128.55914194693995
-120.46005738099861
-118.92370148997429
-118.16728845466261
-119.85686576691286
-116.99199554749859
-116.09360282562621
-118.57900823320773
-115.06172967881643
-117.93996395354924
-115.41723789395607
-116.32602875596972
-121.77093885623755
-119.60008949481872
-115.89038657113078
-109.59826004085905
-109.83624705968369
-110.34818858137220
-109.69097275207744
-111.68306101921992
-110.12326239281573
-107.48138421752169
-112.02815201559704
-108.61948789652676
-106.33165250977014
-107.91248517028490
-113.65721693937837
-108.81456497186494
-111.57348181912063
-109.36726800571650
-110.23665496648374
-107.08280273955920
-106.29569658019055
-105.66440845858585
-106.59361642738337
-105.17023531700468
-105.31979498042035
-107.70739670010737
-111.17674541460127
-106.40908979062026
-107.19705092678876
-102.59814771823090
-95.71191639834727
-97.06047508336904
-102.88038150262463
-105.30034056964674
-113.21106904041679
-113.44611911063537
-129.87668255280389
-138.54453391077172
-140.61914180111273
-140.98641584148353
-140.05569724537241
-144.15402321471345
-136.34881104133012
-139.43972871867817
-134.19572526791856
-132.90863180700879
-134.65725642146290
-139.32609535804937
-139.14938581310676
-145.01889281466839
-138.16865875672482
-143.88793505125210
-145.71908557548687
-143.67391358568904
-131.75887381663551
-100.29287289422128
-104.95631756426631
-116.04055572474151
-117.50396994730747
-112.03994719095066
-111.37454743783030
-112.50662798941707
-92.22032925049578
-90.34470484497402
-88.84811420814022
-93.07372410124319
-96.41973614459607
-112.17346927260483
-126.99399745257512
-135.86997933680121
-151.69710747331581
-164.98615707514031
-170.41525412503057
-177.16728523906355
-180.84846546038722
-187.66209383858569
-189.60432080551044
-193.32325893688497
-204.22602716692458
-222.76468785361942
-216.93819337035293
-192.10601972775743
-189.36627506357848
-178.74570612125365
-173.30321540109423
-168.27148638343414
-165.05910216295263
-160.76167240173800
-158.42216691722089
-157.13563878422349
-141.56183054174056
-132.98837186630212
-127.28266008808571
-121.77657546845199
-108.49910696174010
-102.61904019373920
-99.25266531754774
-110.70455096614236
-105.63153243326191
-90.77024469428440
-76.77259863023043
-86.25385406717449
-77.25463576360947
-73.87730228272457
-64.67143357200032
-69.21611109484402
-65.39869514559834
-59.38447978065950
-74.10492688766448
-87.01953528833245
-74.76018662276867
-79.60210564402797
-93.70439268246396
-107.81663068708542
-88.89853082286194
-75.04969711808346
-66.87816186556815
-60.20594870635859
-50.81103089267304
-47.62001406289802
-40.22482912409795
-33.72641892283900
-30.09158932082562
-35.46737653672322
-31.34822884512400
-27.83149157080516
-20.62161948872333
-9.99673814869224
7.50091552557810
3.56467489011682
-6.53257693639900
-7.78827756332203
-13.34909328593965
-14.05338110002976
-10.00884827299074
-8.29104615893302
-26.14715833070746
-43.99825077333197
-46.37743289715323
-46.95739801496157
-43.01476803726553
-38.83233668291395
-39.10920437817686
-36.88493258200297
-40.31798872588175
-43.68424626465116
-51.64063985089093
-52.78062359722208
-56.28932626809505
-63.29692296257933
-58.68017995723973
-61.71782393342837
-79.49250031521146
-86.31981085716406
-95.95948567245942
-118.62168606399362
-126.71426832065791
-138.25970269853744
-142.40868765210354
-143.16512175982172
-143.03798975660112
-156.16422055329991
-167.46032785652403
-162.88781015892363
-186.73449415702143
-186.67461353430588
-180.50055110378719
-193.29551355435379
-192.20413898285881
-185.49977005450012
-184.45646903993494
-178.06425310013839
-164.49495306246581
-150.40585241671579
-156.59071334881889
-145.22201400851944
-134.18935060735285
-120.81159365247021
-109.21238415249528
-99.98077686073329
-89.51904392126889
-78.22540657269097
-69.64371568205050
-49.05295847619722
-41.89360539681768
-33.86747638957505
-28.32212131200832
-25.17422643059113
-25.26522737304826
-24.21719194078841
-21.39273390732163
-17.02243416307830
-18.08351630834162
-16.33276200610232
-15.12264649223217
-16.34025805514087
-20.11307032423143
-17.50026261056639
-15.30098786605244
-20.35020771002957
-24.97604170414634
-26.25159884086910
-27.69760777448521
-25.18507584430256
-27.41808190115009
-28.12489936111543
-32.55122343915558
-33.34480507020576
-30.41835507868426
-33.12419289544443
-32.61294550425790
-34.17237264168014
-34.69768000840421
-34.03980641503989
-36.16882900172210
-33.16372360601368
-31.09549657101154
-30.79084482213204
-35.34696463724607
-34.76056061100474
-32.15252005221737
-31.40097168759058
-34.45625106737169
-30.11902816572454
-27.95636259684356
-29.63669318455981
-31.76003865315497
-33.33672379566845
-27.63156322259764
-29.45226787165795
-25.85405626510714
-17.97726452438450
-12.38137003876702
-13.11188298773392
-13.79309972142724
-20.80005338488003
-18.31130091877962
-18.13638630127374
-19.65017224955857
-14.51455196461360
-14.17982332125581
7.31652465588253
-1.84429714003792
-7.09449648518496
-0.14586425112493
2.47604595996122
-3.19024070547863
-6.23353399249070
-12.05814161117091
12.74720339395319
11.02174478286897
6.33104533642433
5.80334626779729
-2.74536168269981
-13.44408978488180
-26.56848617467018
-21.43390780880354
-0.03105129777948
-6.60027216745644
-10.87637485919608
-14.55860713362350
-18.89802167660958
-16.30994465888470
-14.52953907375161
-12.99586986741440
-17.82005482811324
-18.72110485647701
-27.60702583157916
-31.97965186204762
-37.93166050598754
-39.34182768391074
-29.19232194104786
-30.89080253840796
-4.78226725243465
0.27187561636819
-11.65413052461552
16.94058908403483
25.64689024125097
29.53546459210115
26.15348579943010
35.14948871530227
30.07551589288270
18.86636218552979
21.37829590145357
15.96075303068368
24.28174511652765
23.90545662413938
31.53474834084945
30.33990729107013
34.10931423765999
28.76189691099353
21.02528828745790
22.92400606384543
19.43878594521284
28.68445152723390
28.50129182022265
35.58214541287857
39.20196827273302
36.69054125417647
37.99492803236735
31.89159280183516
28.14286013614344
21.62366929042077
19.74287153535231
20.10793462811343
14.83655969635422
26.65540014112477
26.89314061494234
25.76672130088696
19.17349635125081
13.43002555905041
1.01840918099393
16.21008202946503
7.80776770804340
1.32780971339074
4.94075578383321
-0.53761839569491
-1.25823658871038
-6.49473315886181
-3.30433641634287
-3.37899417366478
-1.59512675445546
-5.32087471807416
18.63198803283758
6.96335512911538
29.02301026669336
53.75517898875464
40.63860033395743
30.34614524250061
49.64144689160281
46.00009858539909
36.75262894076776
36.91714515732183
53.17801509367055
46.53488513167370
37.59713670144555
32.70069031908605
23.31475984179785
17.63230060979561
13.35424360590595
13.23061699049820
10.96542676527607
11.28121484744915
12.37683026416914
7.77736788473974
33.51127382578269
36.36548217947033
37.08215021736159
54.52800360842822
53.02217399166794
47.31985412562559
28.65079302081349
53.24264812432187
39.61989097021561
25.20122621898167
10.42261954849744
12.22991835067915
-3.60117131404917
-5.78364980477160
-15.72434981885808
-26.15843062802636
-2.72285390234660
-7.79585744727089
20.28560655246289
-2.07430260900816
6.08967009962570
-15.99782780588861
-14.62990803261513
6.44740404206160
0.01960318893604
-33.70399985333497
-56.71849784297312
-69.51868329270789
-85.65994263522293
-86.24990013070291
-94.43591209296737
-99.96168566558642
-114.15788761787107
-126.24057778771866
-134.56570092224035
-142.23227360399636
-128.57436030161787
-132.80070709053800
-133.21056481959832
-134.02128207354372
-136.66044144173767
-139.34189778402117
-131.20162843568787
-115.51129729940480
-118.36318507984878
-118.13960733819466
-122.27293284241605
-121.83656063092840
-88.08586938842873
-92.84366383054913
-59.32478080566020
-65.77299176848631
-30.26583357967889
-43.84943664780621
-54.25889203496434
-65.47608983237157
-73.81588019120261
-85.46036216759379
-85.24810946937757
-95.21357738959149
-97.54060482271792
-104.80142644062198
-107.46249410998877
-112.15752990780865
-118.74949915467298
-124.62672381893678
-133.33056216626707
-133.69057980054504
-142.56397641494621
-147.82487460316986
-154.77715676515260
-149.51409594928950
-131.37990522986382
-124.19850474460058
-93.04919692835834
-60.17747561889716
-57.23457154124303
-58.88676291539474
-57.62197105921685
-48.18282120079974
-25.93642954053519
-2.59128390606440
-2.84734744538071
-0.88219083136192
3.76644103446484
2.35109660039251
7.24554111987763
7.46909935533329
9.78349045972779
4.89719110865404
-4.16725940990713
-5.62548841719614
-6.60319769977183
-12.30810013700624
-7.57490410431206
-11.66474477060140
-17.29750634191967
-20.63384833054045
-14.83408289425111
-18.01079845533958
-20.94093889638288
-26.24952119325722
-29.27764934304173
-20.04450586824866
-24.48025970208960
-18.07645482509172
-21.20037726563843
-23.50774422688823
-23.74092205661131
-28.46158695810280
-38.44478351630658
-36.19957690247229
-35.58516188793260
-35.34114901549170
-32.82536950031717
-3.37712245097201
-11.31504579186384
-3.94356894992989
-7.06443767994797
-14.70171084744819
2.31386367171178
-5.87909833424301
-10.41181794835292
-15.52889449264501
-18.84291259296409
-14.50595285532946
6.97883599672143
2.57159100646336
2.49202412150780
11.13961007527755
25.62580930799573
49.32824390939636
35.59413466585451
30.59727645732609
24.96190130834152
37.50806201351483
39.47606231311781
54.37132600239927
63.76190403199030
59.66875567840315
67.09881926239039
80.45311948722640
72.07337743448721
75.23642225267051
90.01796255882786
76.95366869800500
88.61354340181190
89.40838697701369
57.08396211028850
43.80906033445905
43.92775517939015
64.71316559930133
77.85763132876173
97.14597703707079
102.85623927901847
116.97781167106615
85.85989731791348
104.18760036237801
114.70891141221153
126.87884320860580
132.72218937541430
138.57648495768115
120.10758587115890
128.37885821659924
137.75122448079711
131.78840467388289
142.95358108715686
132.88086876107684
144.95530923931304
156.75421847112250
142.05792861611874
156.87838390097357
143.30691400256723
132.64669236757226
121.94809207069511
109.24884639843259
100.63805891572153
90.34084475861425
85.20442256852228
77.83859959889249
73.69933302409072
69.21610495452838
64.77301496219452
59.95374412011143
76.61090465564438
70.66249584401842
65.75230403640296
61.63846558736160
57.77841254380679
51.17940020106946
46.62252868398540
63.09329803180925
60.03743651750290
53.21007168247372
46.81733460280736
43.67997980625680
39.21394979294018
38.53276018195402
66.38252621876106
64.27378093733039
56.19215097478487
72.90335798415190
69.23362663797914
61.83277169903420
57.58596142600508
56.55729940852507
48.83788310227589
67.66898798343384
59.82716138859702
57.31808192825858
54.24393263051457
48.60547794558666
44.24276172803081
39.09361224258475
58.84091462060756
72.64305387330138
50.40818277239089
39.86132125179840
57.65486704182446
52.56345966550870
38.71131900329917
38.53454993497214
38.62836128205416
37.86560316327151
53.83983259034992
46.62012970124460
41.66982629739459
36.95875730482371
34.89228725089905
53.88683179666860
50.02091944100113
71.17091675234229
65.95201809533187
50.77140069626505
43.02618760458726
38.81514961884015
59.79705337507140
54.63969517499368
46.57037916528676
63.79973838098227
60.03920872157892
74.66378537150469
95.56511956983488
88.46868492150860
106.12639582120730
103.23904118080267
96.60659863379175
106.93872585617548
112.24677092673434
123.66370463714583
128.50601364647710
125.12319980907350
141.95401769876850
140.61521198067945
147.10255911365539
143.13251817899146
138.02229519220472
145.71270863057140
154.73449641843578
157.35741615138744
125.09829316055047
93.13452096427044
95.65203169659544
93.40632701758312
112.87989414148555
106.46438173043390
121.14612579500441
115.93610196041017
129.80765841154889
141.34527486020050
154.56498443550919
150.43292362421346
158.40713484907550
166.79058815153309
177.94911406900124
159.85964015115783
164.31123446984299
145.38681926314268
157.48301863432096
140.12987121255577
114.39898027241345
105.57569635132472
121.86838231380980
127.90603061763306
115.03109428534187
99.58285303062522
87.81732459726280
78.98186222894333
70.17234276830958
62.10414137893471
87.32136474491432
80.13593642369372
98.14736150902340
87.60984932746427
73.88626682342220
65.54129267767658
61.83239878820878
57.63390400982838
56.13137712017952
53.53311358914505
74.15946326236664
67.03726662256422
60.83963426222900
54.72132260827701
80.28953557543241
97.37605898848915
86.01809350136095
102.38953353726832
75.38634796266584
61.37354536745747
79.74618430397578
72.80924164601215
86.27607153719006
77.47632636817271
97.76912038007499
83.81662983739655
70.43743840799637
86.93892121278803
81.42188667255226
100.23177438765693
111.38536166953936
98.49458553539311
113.51564950122159
106.35769575744399
98.15163895397143
79.66325129388001
73.67764068660686
92.25888229738757
82.86809222085381
101.87609280603417
109.06578653357082
101.20636297803712
94.06528712921295
84.55625059064441
98.84645817946526
107.87198373668167
121.08936875049982
135.75501729700318
124.50566241148412
137.71949195514270
154.48922903962131
161.42366590686348
148.01582115840586
129.68303714333578
119.46178234008717
107.74137056341944
119.15626047605778
109.02458914824813
93.37213935257643
111.20971333064641
101.94692445520171
90.66684814509968
79.59386635313214
76.03130536024173
74.06333078277258
87.36832089394856
79.57991046950312
99.87450623643301
89.51744777289045
107.97497117829261
125.20212051265349
114.01793723262243
108.19011636295677
119.32790807361242
133.40579655711272
141.76426313104199
155.64490039341206
166.34196213299165
151.04726161026164
159.96487187489538
165.84656526174524
149.95055274664364
161.53518040355294
144.87418715859968
156.64167211283456
146.35089484376147
154.42220836362895
165.86042666081028
172.16005814909403
176.09269956921190
161.73515133380670
172.66254769056957
179.26707830150679
163.48747918091465
174.39485797907344
181.22852247620182
182.53725958359223
190.47482951533604
198.50739561707195
203.44124718008374
182.54323177233917
165.76775245784464
146.08470694369421
152.73773101474671
162.04470333011787
173.47899701144524
178.19751478886809
182.36368852715111
164.61368277344283
175.55386442563889
189.98179660637172
194.38212678841793
193.73472261422884
174.42742656102968
180.69228504964394
191.09342338643219
198.70115429584044
202.01518140482966
181.54017647758650
189.25774018882385
193.96621222790029
177.72042520156816
187.79695369497324
193.90382028636330
198.91436380272285
205.31853487674715
183.39633040082919
167.51359633330026
178.00966965946063
163.85130313128661
173.42982781744374
152.63059867326959
162.64273541932027
152.67702874685327
135.27048802210834
147.29000741157182
136.29236031561857
150.74592935012026
162.35782211755674
172.12538842352706
178.75151502385089
186.05181829379745
189.34359904047756
197.38063295708525
181.26880584406240
147.87579590527685
152.96751435339971
136.43494092821231
142.40522205663603
153.52990346681287
162.63164066740458
175.40856287730526
177.61679162260992
185.04248652036540
186.95384056547272
170.93740266454711
173.92675358375155
157.59671508025116
168.56898154529810
175.75999041784416
158.56291635904540
143.14230183695406
154.35600573878187
167.03368915523532
154.74131543503847
165.64075028987986
172.34846236915791
181.34800704831710
187.47841143932641
172.60218824396853
187.17977361105233
193.30630341872643
192.58292846013779
199.48242872844574
207.01210997489088
190.17623389866105
199.17540352409503
203.54784704557142
210.13872646901132
191.88579556677610
198.04965634342773
198.01430550470775
199.19067210150206
208.22341542370947
189.51772245623198
196.87041470643356
198.79294005385611
204.77098189779502
209.47104993762662
202.12576954612885
182.24613116740827
187.37769182705719
166.34061439040295
168.75349980560210
177.67851531867981
177.94232052839919
184.55017694253050
190.52078141395168
188.83786287453151
170.26380810288495
171.93339200042760
179.89300924594096
181.22673640278910
187.55596879664535
194.58377442599709
205.28300635046335
180.76070915550824
190.12419417355619
192.48915476050885
166.86853386952384
149.87294660760026
155.59876841040642
135.91478882649338
144.54821054029156
152.48593969137656
166.64754479718371
170.36107105247322
175.92950701595896
162.20882538696895
167.19802050097957
145.84763222026893
150.01499798417797
161.23927420250533
170.45836317275547
156.24373568986809
169.47083488988349
175.58710403724075
183.54570528105580
185.51465783693533
190.07488683573678
202.12468408260139
203.56513580595657
176.63714328026350
142.52396558588882
148.70257656411104
131.52879962215118
109.14943513048927
126.76888616675930
136.87589414817282
146.59001285248459
155.18265568414336
161.97834201101946
138.68226480365396
146.87079293253529
155.80500085395886
129.36902256281897
115.81290613544465
123.30628833163027
102.39366793291536
74.85487471299038
95.64402846274901
84.78535202514838
73.49056519406699
89.69296765596067
97.15324399242478
106.14214895740820
112.68376107368199
120.84257218547479
105.66508197016982
98.95378550886092
84.73114597734084
92.76329365638625
83.34749583707308
71.98246406731487
62.92295764950113
46.48863249569580
62.55543454148654
71.24286550105285
60.93104288175954
47.04398763112217
65.58124291736883
78.08854192164331
67.67220662310413
50.36033739922302
67.45173075633632
78.80245548058875
96.81273740368367
103.27950288287661
91.28647260618268
84.56807565848882
96.66577515429137
107.99888359184422
95.29392416042289
86.39212735895738
82.43431580696982
94.93424394647491
67.56103253617825
61.43449514065023
81.78552091461866
72.95143141903461
37.51762579771482
33.51444150276379
44.35984594514875
54.48668766207091
18.54218535619380
10.12551342743683
25.35138836179426
18.17185604384082
-12.40559226294855
10.48238925120789
-21.70916039920280
-71.68663384617756
-48.80288438040601
-78.11547906505753
-46.14587760450779
-46.25430417383611
-66.71954018953419
-37.12923938861049
-38.84279869329288
-19.78093621730076
-30.17899701230478
-67.57171962519347
-91.13725370636749
-87.47800444938791
-113.13871147380014
-107.81003069136017
-115.35371969155845
-119.14803647540870
-121.43671329210979
-154.79655707842943
-150.57226697697027
-136.63878150701532
-131.08556978006902
-129.41429442195468
-127.62853397054400
-121.88434077073443
-120.64595403503525
-110.83898729611104
-132.99375194401435
-125.59091636619382
-135.05930494256108
-129.24782919815380
-140.05677224672434
-125.81153850917913
-117.72032242578159
-120.38347749283923
-114.55836819321365
-107.35779672265376
-105.66968240114258
-107.01790023517455
-99.60252536542374
-92.17287918956377
-91.64868996952717
-90.07243416300810
-61.12535477980465
-34.53676195864334
-32.89869499843790
-5.84575195308021
-9.79244251571705
-8.29334098468921
-14.07827420770483
-24.74442106132996
-1.98298759829573
-21.93210894485654
-22.01543821775578
2.89313081119576
22.01213046997593
3.86154569889422
-6.83884067559204
16.90615186653367
18.01944248114765
-7.28378075104473
-23.87107870713128
-48.48767367435198
-49.72107821796422
-71.20450273200454
-43.23713837144491
-45.62733613566982
-24.78489379590530
-30.82893347764841
-32.37767807666454
-47.95405481307968
-50.63366186038859
-22.57591953418418
-24.75964579075312
-43.38338351550127
-56.04921303331366
-27.82301883427544
-26.85322750323109
1.35615351298436
19.51126380224729
6.53858463276152
24.97360371654275
24.06631718406380
15.14332829226088
34.92692080634895
28.63376096504600
48.60932514639346
65.86092250863845
86.32867695182149
72.82877297915184
59.11943710904677
49.27632158476291
45.59979084356515
35.92345779555459
21.29080810934465
14.52226055411258
38.23942562519016
30.28681725538666
22.08392362107029
44.32324180207970
60.37639307906939
49.29497827748662
40.67295365177099
39.58821097761987
34.42850249760226
29.44507671589423
22.39498398602099
25.91673359160727
12.03971243313443
7.42755241065861
33.58103155281020
29.54913458336490
25.39918998613407
18.73392816707218
38.30679938637963
51.21157802437237
72.73248509272554
63.49496459688308
55.51404003365984
71.84075908721549
92.39523257679753
109.71897636183634
101.58882684466796
115.53043689190126
120.39389050758078
108.07796696347172
124.64933582376656
136.95968202593821
128.42844797915879
140.93451778115298
123.02163402045018
137.06924690737890
119.78763476115107
107.29678405868033
94.67272149786746
85.30402052361207
102.83134449941517
91.35595410269553
80.41580086805520
59.18115748668248
50.20012550261981
40.78489372896523
52.96679930242309
72.03961153175311
84.24840971988544
101.68165253984327
113.12535438527443
124.84227654253405
136.87071569621219
152.57399255113785
137.31635012709754
124.73574318160533
139.47209598677199
153.64669914083623
160.30042317032249
143.35831117250572
107.21589756437272
99.81441415971852
119.14923067865894
110.85681710342898
127.22026807189128
118.01094862474898
129.42306920557988
116.72616597733318
129.55974393557733
141.12274946047177
152.63391596426862
161.74944950066944
170.86194783722453
178.60114020795470
164.49162677318816
167.70273407507767
180.26474492605055
166.67256027774698
174.85874758551228
180.47669992221006
183.54829459531257
189.22908820677910
161.31363612686539
167.50503001130136
176.75660303603181
183.67170937568605
188.89135516564022
193.55963535724976
198.16359973034125
199.34451246243225
182.35291318356258
186.23005877397426
143.75137238221754
152.19780444936677
155.03714432809861
169.18847951985424
177.13113823229810
160.98589277750037
169.29908193854183
165.67151511870182
176.50651516467667
182.64090580097846
190.01288664738243
189.83021301502103
198.13894589221698
199.08957545449283
204.31089679373949
212.03125924370147
217.28348756985426
199.33737799696857
202.18677200286004
183.49318218137523
164.10345738517569
168.12015435257524
147.65290085006185
157.04332544278964
162.50661422495725
172.25949273125786
177.88366293889624
189.51145295175758
189.52703216291181
193.62077924751915
197.88158655077478
201.20008203024605
175.51363923879029
180.04711934968083
184.81404524869774
186.52439994278771
187.67664634455227
170.81389776277192
173.64708848789243
174.79982336350466
178.43357972752113
179.11276712477979
183.74760291713829
190.14897758796141
191.52604003040850
192.59605005452832
196.19697854343164
200.90171007309991
204.23866686992480
204.84872625133252
205.49815869735215
202.85177546976479
207.98466553398472
205.55780866209821
205.12023796948063
191.01890155854170
197.24432768151161
189.86531390625254
196.59218494204873
197.52218618425417
203.21255632024926
206.89370136851045
201.16210119477307
209.50154567880190
210.96498272442369
208.06875040781293
212.58527108820340
213.14380800809573
215.13866913921976
204.64507547350121
202.61091508842952
184.65333722909955
165.52150781559234
170.55725743709357
177.65628981644488
163.31085674719080
175.56310956550499
179.86075173903498
162.03696820162543
169.31757038778434
173.10569584727131
183.34981918684548
167.24783752364905
177.68506981662910
162.92400025309638
169.82207891065565
156.19748073649748
165.81305602000177
154.98238335385602
170.59894045010543
169.68972800298036
177.08759644226507
184.54441984062152
191.92117876194686
185.80339438197217
169.96616864692112
180.51757772545972
175.17319325704872
187.66189364161121
196.53516878931907
204.32802719531884
186.26046864078975
197.01583513359276
201.93243180236374
207.41909644164232
212.22508109502155
216.10112616648175
221.17004752095917
201.12216181310097
202.31048362058027
206.31889370012493
213.23489423586761
219.72836642318100
225.26600427270978
229.01598608820507
226.20019885881834
228.66016589017113
235.36025052756270
239.11511225767262
241.14010124129749
244.57376261880086
243.91416720487658
223.61528546826531
205.26043707362248
214.48671375854153
219.20673696367155
219.77138574423466
218.39241349504215
217.13567667749652
222.14365851415840
226.61603358422363
229.78558900380986
235.48024556220381
216.08498884933698
219.86449971618862
226.05084045825052
231.96447164840905
235.00429543123295
235.57304567446349
241.33214711428232
240.95407691301705
236.38744392180547
235.39543175053123
231.76094420887708
231.77430065034500
225.51639622669120
228.85543340843043
231.89332894949271
232.02023705840071
232.09096449834112
227.91174300412737
207.01617576228540
191.63283597292605
195.68983893287228
201.95029943238978
206.32726499102657
208.85904388271692
206.82485277671651
211.20144130901565
210.62361516735814
211.46955818898084
177.53746844792187
183.47783908044855
152.65043543586054
140.38124126383897
117.81107516738270
132.97431870472388
144.16431751194520
157.67789937593540
167.61714441657477
175.23232214946864
181.32733006603348
188.93081298654229
194.23886118808150
200.74369000059349
199.93184790134364
209.02826202747718
173.29632903832345
177.07258722375801
189.56739370492292
185.58933818707311
194.21993579588457
191.18835766191077
198.30728131575137
201.54188999291969
203.57878097772121
200.39839353126325
204.02555679307690
207.11553788453324
188.88324541656976
196.08808979904947
199.83991490192960
207.41820051776475
213.06788262056688
220.60430677714180
224.55400190417075
225.92156250933573
228.94861421609747
233.85225277158403
234.89227856929142
234.62760829903749
236.72259787868254
243.58516583246751
245.97274419079386
221.94013010306406
224.75087742983752
229.66628075158476
231.70379347249536
232.44425157182394
236.39090131717919
238.73233944779520
242.38265332308555
242.57565496944068
250.43788059684738
254.94123151559600
252.23713554126118
257.58688278529399
256.43741985675871
247.71278112024368
247.01076619013961
248.42806344355137
250.04116925501660
249.10730411991850
225.43408127199837
208.35015362846761
184.43278161042494
192.66642666869379
191.47162165105249
160.01616011270860
166.24133317170333
170.84219346364165
177.80367181789447
183.03450286763692
194.38087172207969
202.38518184491542
212.08602163640535
218.51094706195312
222.90936034902262
220.78084357303769
229.33777537703708
201.58301378111074
199.87397374813915
178.65667330495384
164.39258911890963
150.05039883452000
160.37751963147429
164.49237184006904
173.67349785497248
180.08266365213794
185.68615064800812
197.14600161599273
202.66538375062356
203.27622416667705
184.69447609603148
188.86251038188621
197.14540575637514
207.55120826540093
206.93688973647446
212.20827995872730
214.14992149559367
219.95680072372926
224.42089792955645
225.66345359784071
221.39342974912168
219.08214355765352
221.97367945571949
219.84104470721249
226.84516001887027
204.69117117383715
208.68541779526257
211.98451612931595
221.35576605732567
224.08397992153760
227.97380893644038
226.57453458821288
230.41968478538379
226.31184700898709
225.25568518522604
229.18606407184197
231.19542936114971
234.35716985257088
239.34430809898140
246.02148471882450
223.07181324371697
225.69160222519594
228.49725067965272
225.43139442144047
230.82595802202499
212.33543846871044
189.63706598232287
177.65236001939365
162.11122589004097
148.62121607060379
137.65139677642449
131.18388461860681
118.99375098561305
112.59246479145405
127.31155252585367
115.75073746861966
102.65848451112149
97.05687169472419
87.84669273599197
74.10285047009289
68.42603172355265
64.55986996711985
84.95483696076712
78.35364857484403
94.25213390625883
83.41893827252264
76.89931569901670
72.64713258897093
68.00912425923354
63.00377209980345
60.90410190555496
80.51668964391712
74.80648806255451
68.84118794039838
82.42752823226239
76.67145887400163
70.77721017765631
67.53034381605517
81.90593880145082
77.01193067971288
96.19574599066090
110.63478413759668
99.09972102421014
116.81035159293347
127.54219444520461
147.60988358821299
133.41410183287988
145.93656213773153
130.17256241058251
121.17625051153914
113.59806789511322
107.95736887414355
100.07197450136270
116.00040146031553
128.85020003866782
142.17186970739047
132.85593697440038
121.01475757393681
115.48578644994849
128.94861005819922
119.83788632079549
111.84935620256182
103.18723180618663
120.00721237252301
135.17207453594148
143.64899199996228
152.02668956739137
142.60788260923513
130.23568940076751
142.87023322493499
148.34595783291229
159.76380318052151
172.21876547514165
178.54237695442194
162.90872793752942
169.46850173777966
155.36982461606357
160.25769439331611
159.30043064657883
146.03555204101522
159.66661531361811
167.26453450253123
172.36452673463413
179.98551269772383
184.92491540146392
171.66518237080180
177.77700418914654
162.68249092985613
151.08165583904665
165.05578435527340
173.95358022489137
183.79530323021595
193.43051730862589
198.01808985253084
197.80170854602233
205.37281091817266
209.61112916745807
216.50218984342945
219.91950207676643
183.31970922972707
192.10008586800527
177.88091599779005
188.72389526492123
176.25356180661097
184.86419009340011
196.16946243492959
202.62614301774806
206.71437233880309
210.69534860782679
217.71138416248806
217.43623266811423
226.01820470098960
230.98107017913938
231.47058125871129
237.11858835529091
237.99126492309128
198.15427553897402
198.80024475134164
206.82543315506729
209.07019267676350
217.77952855971688
225.61684682828025
228.21816176623804
234.54614910335712
205.40607483558207
213.62542334091330
224.51784187578988
225.05678886263658
232.03316945748162
229.59832594991079
210.88986337178295
217.32253294530213
218.33156953703781
224.54177955789740
226.44451203978932
227.84973432293020
230.06961062753825
237.68752917653040
241.37109276202887
234.71380321113253
238.40340874019364
243.62046946931605
246.67013725218260
242.27223914675747
244.21935652503413
246.64614544008100
249.71341548959947
248.77048429822068
247.36570598767076
246.16000584746669
248.68337170712545
226.61882156891346
228.29403743040635
231.97628229584748
197.71954376322935
165.21081537504446
175.94083800982821
159.49759078103696
170.16133960518766
179.87012736759181
190.97612364376474
195.83388139536945
194.56390246214113
178.38895472902485
187.67599550498613
196.96343254816293
204.91947614309879
211.87316441208534
216.69048549084499
221.76582972922077
224.43130786251044
230.46463792407377
234.71267262363324
237.05810105534889
241.93367357341697
241.84766989960448
246.12338487478164
251.02379947431450
254.45415108774932
255.02530385012491
255.22739816889393
257.46006791798720
248.78199717553827
252.10684929046556
253.92646247355160
255.58983642506925
256.10500879998290
255.33202175117441
257.33923791988548
257.27288535220259
258.02088279686654
258.25316166765106
250.05965000947731
250.05682946039622
248.54360604023140
250.41091130164841
244.71930720072990
249.68183628160406
250.40643387910012
252.21762786041313
253.00547560224899
254.97143815601649
246.92501356214399
242.49224341359235
243.34992091612111
243.29479349270099
244.30614470720505
246.27654464564890
251.07899115378888
251.53521041167264
254.30214071567161
253.02498000446926
255.24676159778434
255.91929729682005
253.16547781741480
256.25306694867857
260.93794106729229
254.75976585918559
257.51923846367686
217.82639639888757
220.87938722822582
225.72311482594333
195.33886443113320
204.46598219901091
210.52783866163034
205.03041845829199
210.60377342984279
216.65927507911607
222.77290430814105
223.57066289741439
226.76623789033800
227.67817980992470
230.23517948536895
230.76148735248381
237.24245061331948
241.26412682077239
242.53530246013591
244.98119883514198
226.50082195190672
228.83732310186033
233.74870003377643
212.50484475617031
218.40942385414050
226.62869538226306
228.91671685506847
234.24641597859832
240.79117401744702
242.75558333105965
243.34603083756107
246.66549787280613
250.17010570402127
254.16276339155246
246.47832666426157
248.33002522290633
253.64698837002175
258.36887784039544
259.47134382139842
261.63493071560276
264.11290630997303
241.21524939362658
243.00841413941501
243.56835389086538
249.44644860221391
253.24856446584010
253.88995640651748
218.67921108580484
221.71099564512832
222.93682293790863
228.50638519516633
229.71863080180245
234.02323147140112
239.56581936627509
245.31194730602476
247.03603115204240
249.97839895820269
249.37655498337480
255.70647317717811
257.26664724471857
255.86330292217372
255.90032316849042
258.03598770247379
262.32286728675399
264.09609417921206
268.22064920900380
266.59686754406380
268.16322778761952
261.54388653968289
230.45701219372444
214.49597873003100
194.74374167266396
180.63970624108001
187.59394138074606
171.06286986549918
181.41674216904494
170.33293272067118
179.84394038838829
189.07276511697373
195.59090432883505
200.76911019451026
181.83209348909034
185.21737080452482
192.79771576108760
205.35774180787300
208.02097975019188
206.12450671213136
205.50780143586786
188.52662573260059
193.76967241043803
195.61952857674490
205.13451078842340
208.58771117148436
217.11640627006841
210.29634032811430
214.71251436638400
219.14626372991327
222.90764364093394
223.03936996285034
227.61224359050289
228.93787332729823
233.46718685987378
237.35426999203554
240.22269262419206
241.86022888713021
243.80971115087078
222.62386530540658
228.59648339805847
210.65251155060716
215.09078102026845
218.36401912184220
224.58924998473745
229.78133367349670
235.11918483491274
238.59406167768853
241.62759919080656
239.06716063037405
234.99266392921209
235.18304830685540
233.09481039034307
196.20943765395168
197.25827553925271
203.67641861446737
208.67723239894701
211.36472954123661
212.00848949214378
210.26915021824556
211.50203495862172
215.62304610185467
216.58659691903705
210.51868005795521
217.87205195883990
222.64611070458764
202.03434448450020
207.64089546220643
215.55860999724410
196.73901085267755
199.42618871672641
183.52732857919759
189.21111286425861
188.97504405310849
195.58713775325700
205.62027377998589
189.29247361620199
195.28373243598816
203.09724701468701
204.50906346587388
213.24622919949280
187.81130790363022
193.03344721279987
199.95354452408705
203.44523002026384
212.29351248849213
221.67274673120099
221.58119868342973
224.92987025833665
218.41497200714065
219.55661716061846
223.16734347107732
230.34182456342049
233.44437260588899
209.53567074946929
208.63724613531818
189.49500718939214
173.50377868100122
162.19446670031553
173.61905627700577
180.56632544059781
163.18112642147344
151.81724772670935
161.82868589010974
146.80461916284494
158.85030263888683
167.93655845644835
154.05976274664383
142.40445236752339
129.71051263517123
121.36435179735592
132.66083208173941
140.73212502186061
150.91323141253889
164.95786825940536
163.89826807673609
174.72661723482216
157.07486324475985
170.70375916584820
183.18042885725623
184.12312285302377
191.34744562145121
193.73798913652931
197.66955278597379
203.79377524638329
164.19207647461221
172.89079247484500
178.52531717672062
184.69607079009776
193.33613426570960
198.93054354642879
208.36917584420496
217.48926844460377
221.74863469839232
200.98660730589830
204.27019114383228
189.77302318038625
199.21090382263583
207.32574409777732
212.68205600277079
212.86987569572372
220.00960350821393
227.79095939125682
226.52288582226470
231.08456034312911
235.83554336381405
237.60293298504740
244.20451213294672
239.92567091282646
240.24987493502107
218.86206915464129
215.93684423280453
221.56346159901955
224.04654506808527
227.26361596354195
233.15932307684636
234.48581355589135
237.97477593250284
233.33115129959305
235.49757931337629
233.34882782328395
233.20579047003520
237.43604077291252
241.46003223695408
235.80567005628677
240.70477529869663
243.00194349350858
245.69484212987629
242.48786659073397
242.90481017047318
247.11686302796366
248.99160880575425
244.07303177723594
249.30980966673212
246.46301395783027
225.40498108210818
225.13318548893128
226.73536121318372
228.81652808515884
223.63719789117309
191.55686490318141
199.82333709559299
167.35067114100360
176.37017528171566
181.30015910706658
189.85099502772792
199.02329272283254
180.18415728021577
187.48112161960574
194.42851510037070
201.64013092800306
209.27142682275226
217.41601330172153
220.22880221834509
224.49977622491568
205.72277842443407
204.16571026082690
185.04667948550042
192.26132531248720
176.47539549117798
180.88854301476502
188.21358701730921
194.77483868347130
201.88529636043523
206.40249255485236
209.33690389975834
217.55615391272730
215.49381478960021
219.72747471905674
222.17894285785104
225.47912621822277
230.74483724306492
234.84513124370565
236.86380279629179
241.07738907698260
245.80211078696294
250.01943940138426
249.34389933902810
247.70022442264218
251.53998713860636
249.78386592451199
253.73133853187494
255.55349323452594
253.03944149187697
255.13213218171134
254.76635283269860
255.09791602767430
254.19218907106875
255.39374959866430
258.51505899525654
215.58720961299318
172.56836955364676
175.29172521013058
182.79565941134089
190.67951377603151
163.83703306329400
165.17942102011781
173.72073067772828
184.53977349719588
167.87698016215924
176.49252044491666
179.40852731646530
188.73559576151743
197.54217089570756
166.90081028923606
176.30760335385739
177.11692118752180
181.96194656161128
191.68944555979309
193.78188057711418
199.98194209021946
206.61324919511452
204.43074008928377
182.54214722292406
190.90895343670087
185.00496957562328
197.07048392658905
209.12523197894060
216.92306551906216
191.44284647078149
156.77362956780908
160.73229279397020
168.78135887410735
179.42567395801325
182.43524117406346
187.88576511988103
192.58479313807553
202.29653274845083
211.67379281072448
218.17095890335420
214.72133485624389
194.94610963239128
197.78174648989054
208.71034890761683
214.26157136278329
214.00257291867314
215.15886608005536
217.77057258487213
220.90076981958481
200.62154613426841
204.53177970313519
182.40908157463525
189.40056459744304
178.44081761349671
183.99301789448850
147.76746816847486
161.15750907494834
145.87221164563545
152.07619855398923
156.26246662528285
168.12637950519405
149.79127978954747
136.96701871990166
149.77658303677799
135.11639873412966
145.48761306021689
153.78395040508914
138.24554799578377
145.46021360341464
157.46892612301906
168.03889248426060
179.17416078459266
184.32382980110842
188.44248386027604
197.30032304647943
200.30088129568722
203.57146661811217
211.53148324667802
217.23584957006852
199.50746177186366
181.78683242150737
152.76646950805929
165.99922546055222
172.48887676646197
180.54607752945904
187.78653357410786
189.64626724140163
160.29281751559535
169.06102247287299
178.31612357964627
187.52685570819091
190.93123973804214
195.74803097701010
197.25307037368418
196.64075610587449
178.31694325168613
185.29737626239526
192.91205148565703
198.15346192616394
202.70976426005993
206.19411005139710
210.95268817488633
218.15566300869759
224.78538221286615
232.12064642701503
209.86778372580349
218.38317230409137
226.00865647368778
228.13005940979883
233.71407464683057
211.78998011763619
219.18800437900137
220.57905924410414
225.48630443203297
230.07333237703088
232.64460027218806
193.88261393610287
198.80757206479200
206.05130017214191
204.33549673828452
207.50298316215816
214.82515698637391
197.24354408975660
201.34650652581965
207.56413987925450
211.51732960070652
174.72442593071784
181.88054918056173
188.92596398768399
195.33490579534299
201.09398100446015
206.29431263664367
215.37500890523302
219.78918676462661
231.00864954250397
236.82899903386468
238.66485838085634
238.66012951162344
241.43650426964302
243.71959658920903
220.61354267329315
223.41973826015402
225.02858878996489
232.39901883181201
238.08228651213963
242.35761983501186
246.55315161288075
248.31026087713468
245.42483474203522
248.58120402799975
247.57714586619591
249.35465850044042
251.19628027982179
214.57522026845220
218.20432142513764
220.78477067577424
224.30825349205443
227.00400822971082
228.14325552648612
231.65604550205333
222.61945036598601
217.70580667463042
221.73010560571990
223.14362542537285
223.69958196213295
203.08026240020254
201.25076242441634
209.90060881986022
191.85426187861711
201.41054421582422
206.50278021217784
190.76000553208283
196.97400234089420
207.82068671356973
190.02149588042673
192.67835083797135
200.64674099631560
204.11053025741654
212.79129374509978
220.27383770139491
217.69855846203268
220.60011475883212
223.33835063393570
225.19439966566569
204.62215897259529
209.14917245441046
211.59848994890808
215.07143374120812
221.36272130825301
224.03773246732530
229.79187751791085
230.23196286497057
231.50775239070146
234.52772361784506
237.11464270921763
240.85157312096749
247.81094740180222
209.11510510912240
215.39875924906488
222.11729367523739
224.55412265674616
202.05584220125175
208.86308285190057
214.64242000517942
213.57178559307778
217.29628130763612
214.05622021003956
218.19967708155619
196.83203284481732
170.99111571843849
179.37073470243666
191.41098896827847
199.34118023437480
205.76876760586038
212.75738815635486
214.18386955759220
207.91805554413753
188.84491955146160
194.25041727657856
195.01620719968577
178.06999067900259
185.04171910199452
190.72529045602045
200.92558929242028
209.15398432169712
215.72070872545311
222.02087374477662
219.92177548874562
199.89727480318882
208.06491010454920
214.52748106260398
220.60604091029924
224.17521992327312
226.96901076478775
229.72240617613363
230.86881920422860
234.32236079326043
234.52464938418461
239.41243067239117
241.23934099059440
239.83052709963755
244.67145637947337
220.45681685533935
223.69552843433675
225.62801198005408
233.90033455281414
237.27155105914710
241.28744603782727
244.68881614989613
218.25685766508514
213.89784722763946
221.21331381195739
225.15358882234838
225.99617496939842
200.65665470347548
208.37097791919066
205.87139863138165
212.93280742078221
192.97705779062233
203.31082410563312
209.89888088061838
217.07991332528286
221.90563350158996
222.36269099854087
227.16702064437135
233.14985568912024
237.23739969990243
241.60054851523927
234.11173943268392
214.46225112886745
195.59846735836638
197.49452448647230
200.58613601002861
202.10994342433952
203.85990032229569
209.02615715953141
212.22126427941836
216.49598302209512
222.70947663069768
217.32689647793720
221.25447171031141
225.08844325718491
220.01632112855040
228.00084250211424
229.28804897327416
226.44393110246796
230.70197459880256
235.60326732453191
240.95333840548972
243.49239043021581
245.04937968244326
246.92926411367841
246.04417535584631
248.66147973679034
251.44375781743241
252.88029586799985
252.05702107329387
247.73900640468537
249.91815873611844
250.00698525852476
229.31148684145651
234.28439602520734
238.99420620276922
244.09435166107869
247.55240868545906
254.53445245887892
257.82538819090399
253.62851217317132
253.01992562506339
256.85658787928969
254.76305616111000
257.70157319930388
261.10911904736224
262.66239656668165
260.89983123007130
257.06892952084434
257.33916173707831
258.88216345302959
257.72726068692771
260.00298735352720
249.63787048813441
244.40781515289825
204.49688916632022
209.75329024303915
215.54806868362903
218.63530439514540
221.81039770001010
226.04609133658045
225.42195465135447
203.94127982589447
204.23536176336296
210.08044146577473
184.70621458354134
186.96064172468812
194.52272049777434
197.08467997891128
180.45459079922452
164.69080192156599
130.02458323589144
137.03618244805381
149.12816755443038
158.28435706771242
172.46907428005395
168.62163276676827
170.76965005579342
176.84706476657146
185.97545215749750
192.28186342469616
194.65284561719929
194.04936215836184
202.80026658029519
209.52711232263266
210.63001318953093
218.69356418942112
221.07394526071309
200.93641016035457
205.11678603537626
207.73181911733087
212.83759411822746
213.30999635659677
212.13673150317177
217.13610803238612
220.24836083499190
216.41653935920164
221.49003996947843
228.03887240998640
230.98249684934140
223.50830491485240
227.45216480204803
223.34636393591381
227.87799956163241
228.36079754972747
227.75349069340382
229.12415031537745
234.42196669779852
236.67628608435820
237.13328136902851
241.31446500954695
234.21361833497485
236.16846521340631
239.27379901055303
219.60025668562940
221.01275421901707
201.48517752284508
209.68197769905913
215.49495776225407
225.66869496404487
228.45611679716674
231.10600241205793
233.51558593548444
233.10896046470930
235.25140911716085
239.31873613641122
221.79232146777477
217.22833709241331
218.18400946040936
224.10600014826801
227.75865671851355
219.25963965348720
216.26249913463164
221.16480534389362
200.56358060286456
206.38000998535122
188.02037421100997
190.91585633535553
197.01904209820970
173.45905419356632
157.11849734747068
141.47607075858502
154.63615205674833
160.87382923099952
171.52566382764309
182.46023484598743
191.35480197079696
198.81179653395014
204.44806948854668
214.94371532763563
220.87889735303438
221.82630540380273
216.97234540193247
222.68084666900586
227.20792624310874
230.20677039564606
234.96165528709497
240.49917455802023
242.42415673165897
245.54011923907527
245.51513838688925
223.27653937470578
190.85042632682266
199.57089162261113
210.58498005258338
216.56115052902800
217.23679227521274
217.07581763965698
216.79635086004643
218.00785702325635
220.48316157321017
225.32679479086704
194.63202076095786
200.33486154772621
210.89745578209323
208.16684729537204
214.67604324895106
222.42473324011888
223.27414408542603
228.15944329060653
197.79325760782754
206.73292324080842
213.05594118648207
220.70624246515314
183.06430788523434
192.31399795716553
202.55211267620396
207.82989924129140
216.38942395516477
222.76366599143364
222.98027087465607
224.48241481861578
230.67844029027998
236.10878427914108
237.28200347595669
238.77825545048404
242.59515845085937
242.96707079819456
244.71493953398104
247.35683289071505
248.63760553612406
249.17024970878805
251.05217725624786
246.43593570621186
250.67085638748748
253.49587208715263
256.70786082646140
259.26679398871744
257.85449322106012
257.26914186694762
260.95376171663321
263.02813221544352
264.76129622184931
263.61274099292586
264.05751081156757
262.54187907736377
