-10.00000000000000
-8.20000000000000
-4.98000000000000
-4.78200000000000
-5.00380000000000
-4.90342000000000
-1.31307800000000
-1.88177020000000
-2.79359318000000
-1.81423386200000
-1.63281047580000
2.53047057178000
1.27742351460200
0.14968116314180
2.13471304682762
1.82124174214486
1.13911756793037
0.02520581113734
-0.87731476997640
-1.48958329297876
5.75937503631912
4.18343753268721
2.76509377941849
3.78858440147664
3.30972596132897
2.47875336519608
1.93087802867647
0.93779022580882
0.84401120322794
-0.04038991709485
3.16364907461463
3.04728416715317
1.94255575043785
1.54830017539407
1.09347015785466
0.88412314206919
0.49571082786227
-0.75386025492395
-1.07847422943156
-1.47062680648840
0.37643587416044
0.53879228674439
-0.01508694193004
1.18642175226296
1.16777957703666
3.45100161933300
3.50590145739970
2.85531131165973
2.86978018049376
2.58280216244438
1.82452194619994
2.44206975157995
3.69786277642195
6.52807649877976
5.17526884890178
3.95774196401160
3.06196776761044
4.25577099084940
8.83019389176446
7.54717450258801
7.59245705232921
6.83321134709629
5.64989021238666
5.28490119114800
4.95641107203320
6.06076996482988
5.15469296834689
3.53922367151220
6.48530130436098
5.33677117392488
7.30309405653239
7.07278465087916
7.36550618579124
10.22895556721212
10.00606001049091
8.40545400944182
7.36490860849763
10.02841774764787
9.82557597288308
12.44301837559478
10.69871653803530
11.02884488423177
11.32596039580859
11.69336435622773
10.72402792060496
9.75162512854446
12.87646261569002
12.18881635412102
11.66993471870892
11.70294124683803
18.43264712215422
19.68938240993880
20.22044416894492
19.89839975205043
19.90855977684539
20.71770379916085
23.54593341924476
25.29134007732029
25.46220606958826
27.11598546262943
27.70438691636649
29.33394822472984
31.70055340225686
31.53049806203117
31.07744825582806
31.06970343024525
32.36273308722073
37.72645977849865
35.65381380064879
34.78843242058392
34.20958917852553
34.18863026067297
39.56976723460568
36.21279051114512
35.99151146003060
37.49236031402754
36.84312428262479
37.55881185436231
35.00293066892608
39.00263760203347
36.20237384183013
35.68213645764712
37.71392281188241
43.44253053069417
43.59827747762476
41.13844972986228
40.32460475687605
37.59214428118844
35.73292985306959
34.45963686776263
32.61367318098637
33.15230586288773
31.53707527659896
30.58336774893906
31.52503097404515
35.37252787664064
36.23527508897658
40.21174758007892
48.49057282207103
47.04151553986393
45.83736398587754
44.25362758728978
43.92826482856081
43.13543834570473
41.62189451113425
41.15970506002083
45.24373455401875
44.51936109861688
44.56742498875519
42.71068248987967
45.93961424089171
45.44565281680254
51.30108753512229
52.47097878161006
51.42388090344905
53.38149281310415
53.14334353179374
52.72900917861436
55.25610826075292
54.33049743467763
53.99744769120987
51.99770292208888
54.09793262987999
58.08813936689199
59.17932543020279
58.36139288718252
65.62525359846427
66.16272823861785
62.64645541475606
59.58180987328046
66.22362888595242
66.90126599735719
67.81113939762146
69.03002545785932
68.62702291207339
74.66432062086605
82.39788855877946
95.25809970290152
97.13228973261137
124.11906075935023
117.80715468341521
134.62643921507370
125.96379529356633
118.16741576420971
112.85067418778874
103.96560676900988
101.86904609210889
99.68214148289800
98.91392733460820
97.92253460114739
95.93028114103265
87.33725302692939
79.20352772423645
72.68317495181282
66.11485745663154
60.60337171096839
57.44303453987155
53.29873108588440
48.76885797729596
44.09197217956637
41.78277496160973
38.80449746544876
44.12404771890389
40.31164294701350
40.98047865231216
38.18243078708094
35.86418770837285
33.37776893753556
39.03999204378201
43.53599283940380
45.78239355546343
51.30415419991709
55.47373877992538
60.32636490193285
62.19372841173956
105.97435557056561
