-106.08522699776964
-149.09388169315949
-138.82277075374051
-156.79164846299250
-159.54744259904427
-153.52245300219209
-188.61015136542872
-236.47118362933884
-238.65321046235923
-259.26322549387430
-257.07786855531890
-271.12838802618910
-255.18065136662574
-281.70128971301074
-261.26426402255498
-243.68638150363114
-237.83849704364286
-214.06949709084810
-192.02686389857874
-181.03062538777934
-188.30637205773706
-206.44066805689690
-186.00544320320842
-180.70074747665086
-166.78480599509265
-181.29459424618940
-189.04201648001700
-160.06629742092872
-167.60002968107685
-182.23149164865606
-177.50477450798564
-190.16948553654484
-197.87255626913722
-209.68505866940714
-207.26280888473809
-210.15113822453608
-216.56063011153020
-226.38792892640660
-231.83061848990329
-222.39198020180444
-233.40473414824385
-231.74144956661803
-217.67391157104925
-206.83371091576672
-193.56174921764151
-188.64435949107695
-187.11052306976111
-177.68132940416587
-167.15868301665762
-163.56908329422401
-157.64875075476124
-153.50125921454278
-152.17031542629621
-145.52275908984060
-139.57417816239351
-136.37217669507555
-133.43309173982308
-126.50396447352341
-124.96938139046583
-121.30626021393608
-125.94106998078617
-125.46856606399832
-124.04459861110070
-124.16102153432143
-121.66671923877769
-120.56589736444171
-120.60849596982932
-115.22807472877376
-75.73348443837577
-82.46267424950548
-77.04988541204233
-84.27645596391284
-81.43036776724388
-96.56425087148504
-103.84488119905023
-113.06585430170968
-110.86750668452248
-103.12603589745885
-125.70873563837660
-130.74847002104494
-132.12213823797416
-143.94705184188547
-148.44474478362969
-138.13685878281979
-138.76317120165098
-130.58949982432574
-142.80507906237960
-150.57633396721991
-139.36314467964300
-170.60135947070339
-184.95435042022081
-194.83207265060145
-202.58140653181732
-200.72090031982603
-185.29660770407469
-173.64770624249124
-169.48907479317958
-171.60763791983533
-173.40339274485541
-173.08611333599791
-164.16421533725415
-152.12260393213356
-142.79677137998846
-134.57613206944399
-127.54309286780061
-122.41969958155750
-132.05952960152135
-126.70398784704850
-122.54923211701718
-122.82915370298626
-135.08550902044897
-136.06480893163337
-148.82126938729601
-157.35431175197868
-149.80038661614185
-177.49218027580443
-182.50893914293300
-192.27980508320513
-208.16956541191405
-230.09303415976632
-233.94559743211025
-231.45825613224864
-235.28632984552590
-242.07895979869139
-243.14859876944394
-218.19242376602904
-228.69575591490940
-227.01434917912744
-225.06710597191102
-242.42953174848680
-238.37081872826087
-274.20968678080186
-268.22233704658225
-276.57149916181754
-311.71419420268933
-284.02392603253747
-301.88555359237478
-295.09799618703778
-301.25083491856702
-283.78197440832037
-285.90399889579624
-251.81376418446797
-229.26507367122005
-212.29675696299654
-189.01776810478810
-185.88855636227544
-167.92763140973284
-151.11912446968799
-142.24565220641452
-131.10281709845268
-127.03825969718272
-120.63075813171407
-109.00139273701912
-109.21488097873359
-113.42021593818447
-111.19433836387212
-92.64877884606328
-102.36304703133868
-91.61306524093742
-119.41749072769389
-139.02196823467580
-134.53251326133520
-126.73916949751251
-124.70481374567082
-116.89506904136933
-124.67490194758938
-113.41948773883055
-122.50327865171050
-107.86182738082326
-103.40024965238958
-102.64631325701470
-91.84024459618122
-85.40803054537754
-74.91726687230998
-67.15570485216261
-76.61595197684503
-86.93103153176548
-84.35656010923287
-76.29559616230391
-91.95527350529996
-99.07672276574043
-88.64865309227392
-85.99621315513193
-97.63477062867925
-86.75977081185449
-85.66595534164826
-93.40958592073568
-103.03050116709936
-97.84500992719012
-111.54841289903618
-101.11106061309661
-104.32020341342754
-120.31726796968856
-139.29594426915341
-142.59400628645187
-141.28404320210558
-147.65503289966279
-129.88332829930741
-123.82233358745124
-120.09330438433970
-118.99818898341606
-117.47604086078277
-107.42749681860580
-100.81829830290928
-92.43836686715014
-84.08358105371832
-80.80414527338858
-67.17142922203931
-59.87161290311321
-55.72769714409787
-56.31731463892180
-56.49704812000896
-80.51914174061572
-80.03012653730600
-80.53339381735350
-94.62384908803082
-83.54573414072469
-105.51436117557739
-106.14487750944403
-95.82669250119346
-93.10969761970611
-88.79826544409447
-84.78101089357347
-91.97946179915101
-89.23991972388920
-84.84225273912936
-91.80275064766624
-81.52999127805285
-74.29089047587811
-84.10404576036886
-87.13406409197768
-95.96056872876385
-106.12046381069389
-93.90143970523097
-98.08521251997892
-90.18193233025049
-97.98085859876025
-86.07212008513211
-99.93514469198837
-118.09523668845171
-110.43372217998827
-104.12456467783211
-91.94412579856399
-84.35064335228705
-83.93158455813349
-94.58765263848285
-91.02254775643694
-89.21819216599627
-86.67498920529614
-81.31477515922745
-81.56144103834777
-75.79885347086964
-85.50767309911204
-81.53504795544310
-79.23362832493333
-68.01189600597229
-68.76169271968935
-66.44744730700627
-77.32525755475125
-83.30371194421608
-81.39595743904992
-80.80230056568976
-91.08117934910126
-103.57081029871317
-115.70687589020214
-120.75345494305738
-113.80062020560372
-118.21168987957013
-128.40629535615338
-147.14036441924847
-149.91365504758312
-158.60301542343632
-172.97176681743747
-155.71781046017355
-163.16298147033473
-160.59270146743540
-152.66295440066884
-145.04256450508962
-148.42162777291472
-141.99105265624826
-158.58059768006672
-149.47735558003166
-154.15904295652135
-149.67048936417086
-153.42577729794840
-141.69799268425885
-147.82413495138016
-131.48389621774274
-117.04078348147732
-107.64447691526144
-99.39488553527838
-86.31869251337451
-73.23221033484289
-66.51511887822849
-58.19312859654139
-52.72836529252143
-47.38176612486626
-60.63120398082553
-61.18082036281778
-56.19810452644215
-58.07058325909924
-53.43541955916232
-70.34024565195692
-95.01301905654908
-88.81847265105971
-97.56210725283130
-87.18728463900855
-88.10643837578445
-79.06357147207244
-82.47866529937046
-75.56343017276549
-90.20431671150297
-110.15936009722544
-97.41734375157901
-110.09203026592007
-99.44776684535687
-83.84986873909686
-81.21273936000598
-74.72674680275007
-60.61168356206066
-47.17329064660662
-47.60942610715809
-43.90536524691005
-41.74175217961695
-40.50898333404668
-37.80212138436475
-44.84881357099069
-46.34186831773594
-45.11728907678620
-37.33478263298427
-34.64931836617550
-36.59114877608444
-31.72438542634085
-26.85765601416700
-20.50351243180500
-19.35398419783185
-14.80015690623703
-16.59415252730297
-20.50726553066617
-23.14819342283696
-23.68906396553924
-22.55536950853053
-19.03590192495827
-15.98454650530162
-13.15107273547179
-14.42086184156992
-14.89950979702126
-14.28343597400029
-13.94902867543926
-9.99835257746167
-11.22501728925185
-12.26238128911072
-13.75653460292065
-11.64269504947485
-11.40769177787583
-13.48874285226338
-12.06542602942758
-12.49884697060904
-7.43454994880054
-10.06233379971128
-7.86676130351772
-8.86885624385275
-5.52352801069073
5.66379965259372
28.22265939378104
10.71141053497983
13.55307443836578
6.52892385512768
8.63750590751772
7.42210181083016
5.90751560956148
3.19837485712179
1.13280767752327
21.68395425810867
15.66351902105616
27.19785801935882
26.95920791519200
17.11291029716304
17.90190216058644
19.18523324805482
19.38009708327735
19.25551258160979
14.34620228973541
1.59470073959526
-9.31915926290539
-7.10641573954277
-7.69129179058465
-8.26270036279039
-10.24174354421475
-20.42964892499555
-27.37095205839471
-21.40902426561222
-20.08702046401485
-16.62451095249398
-21.56906136866573
-24.16441218760256
-15.64670020589583
-10.47429705586773
-7.23059382670544
-6.11705501029589
-5.16470987841658
-4.86066392590654
-9.10710260311263
-18.37667520543152
-23.52072934367000
-22.57137088917413
-24.98289833258924
-40.48205968900616
-49.87937157913441
-39.37393389220944
-33.20838482490644
-28.83871198083125
-25.45832773921492
-25.29689689286086
-23.91931935288675
-24.64525110726061
-19.70617566466984
-21.85517504349502
-20.72478784639542
-17.04316935882660
-15.57554035171529
-31.22549835945843
-25.45037205827304
-22.55498935250380
-17.92023814669338
2.34351273605221
9.20698904039953
-19.36192139115818
-20.37351631600765
-22.70022056602510
-20.79424113415378
-17.77730040423973
-15.43150615042348
-12.10915521793858
-8.96111464822490
-7.12063033376875
-10.18989227634245
-9.71218361319160
-7.62300197441303
-3.30639783258553
-0.72444073364417
-10.33591414026916
-10.97420368900279
-9.36215198391939
-7.24345412877296
-3.49454627428510
-1.51245135117417
0.06348372879056
1.29545026982955
1.11818197739519
-8.87811649530583
-7.39531075499674
-25.36414004756812
-22.22810499396993
-32.25544111928076
-33.58936148570441
-46.36796457176195
-47.13868801644214
-49.71781300446997
-38.92873662661491
-34.78964404031099
-43.93274693998988
-57.04755141950054
-66.47363611867740
-67.84209555530117
-70.78966523808863
-65.65064031026795
-64.33678347381074
-55.02609511342980
-56.55980048523661
-52.92543297467095
-43.31613575078892
-34.58704252007814
-42.64091002257973
-34.32356347542864
-36.79377732452225
-43.13691666181040
-61.69308741961824
-50.56343034997083
-42.48053471538637
-30.15930765488458
-43.32068956341406
-44.32739865365681
-30.85953213495733
-19.24374468381005
-6.42615549983023
-4.09090419346818
-4.08644895107490
-7.36735256345426
-7.99762313618179
-23.57708171786014
-17.85011270748227
-20.94148920490736
-21.95082409320649
-13.40141448405275
-4.29000809633170
-13.90482799675510
-15.76855500063956
-12.56547090971442
-14.01483150070872
-29.14481829681392
-14.12638270012009
-1.51397592734776
10.79684203415308
11.93317153453702
11.04342903644601
7.14136141383215
2.36145281807382
-0.35647959603302
-3.93802022186917
-2.56799519008162
4.12371806409633
19.59834249518222
17.76137600409362
21.18230128106168
13.53607474425498
12.50421317842805
12.11087617576147
12.29990386498517
7.93503151907264
8.54300301624427
10.41621177632308
11.08764844544044
7.96285506889348
5.89351996945814
3.36283331179236
-1.25847987035665
2.20216535189653
-0.23754384215123
0.45746062160545
-2.46970475269616
0.08999826143321
1.32494951699076
1.02465407151445
0.37795078718994
3.29408468090269
4.31091557697053
1.52622812070115
0.17006397565753
3.09816825585923
6.94286582179385
8.18613068402021
-20.34491339777582
-23.89579473625454
-17.79070692682817
-14.25448099859626
-18.11269153593870
-15.80081634539152
4.81874236794053
9.11803934496656
8.89655228455085
4.01114396874002
-0.24011169591844
-0.11626391578532
1.79190327704503
-32.35438383034011
-27.11457478714927
-13.03504062706833
-44.92797015219341
-45.24741004495800
-36.27285342432822
-34.38969303475038
-24.08640348385627
-25.43025520717218
-18.48799299546904
-16.76562521721684
-11.85748508082928
-4.10643676424339
-0.86776088569580
-2.34993692049089
0.50154429349652
15.35330123024832
24.33180933046382
23.13450333846852
35.97637551295470
43.01931377122706
37.09738411758264
36.60444714761922
33.85269420532796
25.85493882388921
33.52404664354462
32.10785194125549
31.06526512060997
30.45511398806499
29.43468022890089
25.71773575450058
13.16952020538494
13.48598932703576
10.41986378772207
12.38739000295523
11.21420208961326
13.24438812978841
18.59569449343149
28.70820371483119
27.04113737406372
30.14079735235202
26.35103585254409
24.76195493006717
37.25834423685762
32.53402823179549
30.97164088181120
24.35630880555592
33.61574505739572
25.26500792815141
34.54936480567982
45.03580510143791
36.15060187615368
32.05468062392769
41.55787678610954
32.49469196763661
24.96230474162250
19.22779205283403
14.48653692242415
13.13390357203256
4.36680308613747
8.16468854242641
9.54711466057871
-11.16384636083918
-12.74567684987982
-12.69488437015644
4.11675389809225
20.35353662973612
45.92914187642860
50.52180330128266
60.78684482779813
71.34826694072385
77.35351630036271
83.58590091968642
82.47776805181216
82.43125731426220
73.03957668239461
66.50824008138676
87.04931988355793
73.16984108475967
67.58700926975284
51.04333696977822
46.91502425682209
39.28598373020530
36.42340250959644
32.64420932786960
29.58351081457231
23.12018901757057
18.11943242561141
12.97708457589572
37.77176103842518
34.51443121152553
31.16942680322215
54.94470369514153
46.88330354917029
42.05245770907600
39.52897060151854
61.44086405151997
56.11359532245729
69.29549881514595
60.28659697087581
52.90946148651268
46.47372609758498
56.29092766844130
54.61470326947311
52.07694825702440
46.70222831888259
37.53733202200008
25.97222378188539
18.35589733406176
13.62483107740525
9.42229317875172
7.96279547723173
5.12143509822806
0.93483665897392
3.33653942550086
-4.23959350885907
-18.79941202913977
-12.19442063186748
-6.92318107836543
-0.74944463622663
-6.74925331169765
20.22841629609781
45.28533660444625
70.29298519476517
63.35392157922232
58.32025061941225
52.96152590185822
47.88840745229896
66.63041420906889
84.64386325136664
104.05536376463803
95.97708822849501
114.45557704255714
101.46127469155287
93.13438746526428
102.97509893566118
116.69580702124874
133.09045023271955
149.77619682968393
113.24701476627128
128.12107773310149
116.34475712774828
129.44276740987436
142.10438749163836
118.73148283751091
135.77334813530740
123.70412899887114
113.89503059163535
105.19839406178932
119.82573549646006
132.55239978419067
144.30803062222031
130.79450492846746
135.44873463041563
117.39381283515195
108.68231895389519
102.76207369210600
91.27800160651810
106.57551233551192
101.17316808965175
92.96801499285475
87.75769088675652
103.67177772166660
122.89187355868663
108.62169935872741
97.41629496901776
113.28152670510877
100.08597725292931
94.46233656446283
84.63569655824331
61.83491803250810
84.62079637823231
60.74459289776685
78.20399647429204
53.71266265358008
66.64060194285585
56.34075561878038
45.03069525002353
68.47546450925871
43.37625763906630
60.09422108264839
85.97357302987584
68.49808867298191
54.77513365236894
37.84634630399961
16.32110402351678
37.40260023315890
61.83969288490319
79.40877720628275
53.58413322770333
74.36172077068954
45.97583114020256
71.43634444586898
40.36204286440798
29.58830883697726
55.33661620368183
34.10272797335128
29.09533119200643
6.02225301885245
31.21233037895764
47.71814517262735
70.19367721179771
62.22328447264783
56.44872500866721
50.91766769981763
47.61716933932772
43.12236855475025
39.85633848096065
30.26615592160612
57.32953323708366
51.99349904216422
50.55619294895070
45.48806927904387
64.66435166132425
58.93987815302759
79.90789571182816
73.95633811016553
67.26889441600207
60.35568233532633
53.64195850999102
46.23742654414070
66.82481996849219
88.96441790823586
107.70157150497612
123.11279692650164
113.39381000804495
128.91131911325061
141.67942203092383
124.94154090292903
97.82509545227015
116.92458405417628
101.44349622438629
95.68261670900566
103.80828076724897
125.41984477238118
140.88622136940376
129.09995507132390
99.05446009224254
76.59531421773636
54.02943771727432
67.86830741074330
87.90944383810589
106.88111113740786
87.58760852015314
107.95820744845111
94.96101665877839
104.49599036144438
95.24305308289969
107.07650474401974
96.71327280197501
91.05301102500425
99.21010733259810
114.88828925394171
106.31873023983040
123.06107938599382
138.93475560348026
154.30368470727831
165.32536837348914
179.17873653277329
186.94237546143776
170.17297682642788
178.36243010325524
161.31682037322406
168.71476064388378
168.20840470420924
177.68654104879394
184.86963271796066
190.91912469757409
196.50059039940186
182.07437023940514
166.88770982193770
154.06887549845132
142.70895715923191
131.65800107460646
120.33244057910393
110.36159570438339
98.01702758671928
114.48677583417179
103.82734125942001
97.72341417034934
112.94058470620413
104.33526525001982
93.37667019348417
83.52839508771626
100.90073914029495
114.62354369620975
105.42680313687789
97.38899298317823
86.69352162698000
104.21103834215620
96.55767695353794
107.95463392431903
122.28070868951015
110.63308214188528
103.97635990025930
81.89695518478693
98.16007092900576
116.97227527946796
108.93394437151255
120.80231548749475
134.44771507672294
140.01960799631587
148.83953270304551
133.92675771828846
145.59439297804869
158.12733531828479
170.22303753170638
180.66856425207936
161.95728801947024
144.25988557905623
135.00738078669380
148.34384167625097
159.33646597261637
169.32287302200896
151.16974532759821
132.89219304634372
144.50804137491912
156.13047114654813
165.62282595858915
173.11468676342423
176.67252927916076
177.91316813192196
158.99530110327422
170.18384232557997
153.77615508624433
163.72517902762121
177.08913418525577
186.37291452939482
168.21123111645764
155.81749328666530
145.17659740512377
157.42063874620044
170.11795020741243
172.14512038410120
181.67354965476886
189.21366579539037
173.01932688363715
163.82141634436891
174.97959047161024
186.98429982025286
170.06951534929996
176.14266073886705
156.67424256741256
165.87803822704797
173.64819441901994
183.90924976059623
191.58495487285481
195.08204900860409
201.95584087061033
207.18653194306390
215.82413658540298
222.32359206770823
223.80383373533931
226.85707681774338
232.23416075457268
236.49173403268671
234.90781126938725
232.34811005191679
210.64880485239294
217.39816997125354
222.15679041329520
227.31581886328533
229.98764104464237
