-106.08522699776964
-149.09388169315949
-136.32290949576554
-148.73924721953250
-170.78645780457367
-165.97229321839933
-165.06424930719092
-158.69542667105458
-174.77129780715131
-179.26858873661439
-172.03211848513052
-165.33311804088893
-159.22859327651332
-152.96449755043875
-147.65040991028829
-161.35510150499772
-164.52969441381040
-161.09623495007156
-166.06652079747448
-162.01793643769730
-160.23937591455694
-170.50310640459929
-169.86247712083210
-164.16779077857393
-150.08469797178435
-161.52830565504439
-156.30197664950816
-147.49695266873479
-148.62481901120546
-144.76591259272010
-151.13120870993839
-156.33004911959478
-152.20906535426454
-141.27911489644734
-140.59486347951309
-142.15764317349212
-135.84285346629954
-134.81184855789434
-133.80681536855539
-129.98284573221841
-127.57220832839735
-137.72231284743859
-134.03651629448305
-118.00780777553024
-110.62754835903669
-110.52203828670274
-140.89853695445566
-164.63793897074345
-174.71984498589489
-201.33637421028507
-214.25561435048240
-212.92205066688587
-203.95411446953398
-204.18581558121696
-224.93684617373529
-212.32759308273361
-240.43197442540466
-284.83328259616229
-277.80904003617763
-292.70811414237187
-327.48920997353179
-309.91329914067882
-336.94767674769474
-322.87191418108262
-333.96633346374824
-313.82735708540429
-334.44238693289481
-348.60171429430545
-355.96929379939911
-388.31290082021269
-370.74718910337748
-363.06897869007048
-389.53014011540347
-371.43501810423362
-343.04753206119938
-315.48699603492548
-298.00691831652250
-281.18328469375433
-263.37854156027959
-242.51472869098890
-232.25554090006031
-214.54769662477133
-197.86313462642522
-191.35065041818589
-184.50417855557913
-173.85657773828061
-163.03030008814869
-169.91643201371309
-156.20644385935728
-154.73500734521289
-143.77802289316338
-135.16651864827199
-130.47972228664520
-130.77232232043471
-121.30686106520744
-115.40704848594110
-104.27106891796899
-100.57079539174083
-92.75867269054640
-94.64932149628970
-94.21838896023124
-84.63638458136550
-83.81370814133039
-76.61771214087356
-69.78282135388253
-85.38475475627101
-92.82058707012490
-87.15995273056967
-86.05180770946298
-95.08869039598154
-89.27552399158589
-90.37147793253138
-88.51008703542145
-84.78855257546925
-94.33175009083973
-90.36746633726149
-92.02004321942010
-86.60361040662792
-87.91461267642080
-89.85125407749126
-94.42988790373415
-100.82507751076157
-99.24711870991658
-101.37367548887910
-96.38005420345669
-96.27206335062441
-94.02800260452597
-94.42249884278004
-96.16891445994375
-93.73358833845444
-87.05346772905415
-83.99675083267077
-86.55315712722077
-86.74143165251400
-88.78840520218445
-93.03316624250455
-92.08436507101777
-91.34869431358045
-93.04169772985226
-90.46330098809212
-88.73723491840067
-89.59097340514261
-89.62694559179185
-89.76102167824185
-86.63040754720733
-87.73688139837165
-96.18605249040321
-89.51080426019774
-90.80379067908252
-88.85669059979051
-88.58573034304591
-87.59093975004050
-98.23756968119312
-91.17884792790336
-87.17201286500683
-91.74334900241280
-85.16651769188272
-84.85037872257891
-77.83160319233252
-73.48784679210324
-68.87952997207543
-67.92994500814351
-69.03664449498783
-66.41836793995242
-65.22681741893369
-63.23743421039217
-64.85616814016007
-61.68135525975126
-59.49505524267996
-59.89556686942196
-54.49687390437370
-53.47906901131854
-50.19121228373676
-52.10146556800955
-50.09836188742709
-47.18697125034668
-46.64051625503959
-46.38812934025614
-47.06159441124453
-47.76717067596457
-48.72487052460756
-46.17083626140784
-51.23591470197691
-52.35524524998473
-52.31079554360823
-51.56093664695259
-48.52656343337520
-47.07257616682665
-46.41340888235288
-51.76351854319735
-47.72635446159213
-53.61071489752370
-53.51155067789452
-50.74902592438429
-47.26971229296780
-40.51225933039062
-51.90369441028466
-54.76994217129198
-46.56517134642915
-40.15406043552714
-45.79877352801153
-45.47455685367704
-47.27568119058864
-62.24751913371549
-65.27450940319387
-59.01342222525308
-104.30254990491305
-113.17406001479942
-102.59368512588824
-88.71584155681295
-91.24669674001379
-90.44058608511764
-105.09836475791714
-114.57588406829572
-125.38364642919441
-131.46107536256190
-135.07292633700388
-124.71590570131217
-117.15199580879637
-109.13271856398114
-118.64714934719137
-128.16443177427854
-141.24648976119869
-152.36702062681570
-155.23354277136090
-168.62172556431210
-199.97302377327358
-181.85327264009180
-176.07174681334860
-161.01760305337896
-149.89002845143418
-137.84352873642604
-130.49375299757520
-138.41147901828674
-132.12371934629454
-119.37424477096299
-152.52358006639082
-148.84146103304872
-161.99603037992640
-167.43846374623899
-178.84684392800978
-173.89890622931634
-168.74855488456447
-151.59739353967515
-143.39024351849841
-138.92897164533005
-153.62502544998938
-141.81566378361498
-149.95961354259165
-158.63147856574284
-161.45802335109639
-148.55557641364368
-143.96560962126691
-165.52091745088720
-186.94700382385562
-182.81302025363297
-184.71907150270374
-167.22643972944124
-144.89451684598217
-132.67070899137880
-147.39336659762796
-138.93276637452411
-125.26436093820753
-116.60506427140700
-110.61652908678447
-102.28312313881017
-96.30756205127230
-102.15136922830496
-90.99781919799520
-82.63085544597979
-83.21158510264996
-75.20126918627624
-71.24774183123191
-67.56637655448503
-62.02577178432794
-56.23254535546830
-55.53814494723382
-63.21217659568873
-57.15428832509784
-60.80220405309493
-64.88540288594116
-72.73560350725633
-68.12787404616863
-65.17219198046965
-77.29925004466580
-72.92955570798360
-90.15138886321222
-84.61970197045180
-80.85592704637114
-84.98034951577182
-85.78226250385636
-78.66179882401134
-76.00328008687201
-74.54414104842189
-72.01437413546971
-68.74263486080724
-60.10868783159246
-61.98969042477766
-70.75728691485011
-70.88110866763513
-65.28574276257484
-60.80337917170757
-53.67598328042002
-53.76336603621913
-43.77758409054599
-43.65323361645385
-40.09140621129647
-33.07912040131362
-30.26960819720467
-28.88249360161511
-24.46046060158649
-19.62695853096437
-25.54925416458559
-28.90351346633055
-22.77293535009751
-29.67448282292565
-33.21136892365579
-27.06820419153172
-35.92951865945933
-28.56402625456850
-35.10156595893291
-37.59473888049719
-38.75054947401586
-28.12523886460444
-22.40045746659530
-19.22527386686069
-13.62672630241896
-27.49175848489269
-26.96612405002230
-32.38519648324421
-26.61278462178463
-33.92873064527975
-35.30064515506899
-29.27008306823508
-26.22596055545957
-27.13783570433301
-28.31762603578877
-24.88234934500250
-18.60585976586422
-21.01571336608058
-31.86898369592932
-27.04816817636760
-24.23689830949817
-20.71371875296977
-19.35208411774302
-21.87009361008187
-18.78497836851379
-18.92387093079221
-19.46993196760165
-23.09477016072894
-19.49018889480443
-19.02246680933850
-34.93340613015224
-32.17954897180049
-36.22300763936124
-28.13680807689817
-26.35982703148957
-25.51329616028520
-27.43235452387275
-27.02735538174761
-35.93212755024665
-43.26706193611320
-35.46085094732383
-37.20838596939381
-34.00779718266379
-27.58176052127486
-32.47800378970342
-29.12770208247064
-27.96684223323808
-32.79951857730300
-38.15857939529057
-40.66840973311311
-40.52435108256115
-40.37236126253487
-37.01376698724420
-37.99633042287027
-38.67795947016960
-28.90472038911961
-20.42518099851319
-24.93533900981111
-25.54116348697548
-16.02035639953697
-28.78057023442717
-25.04924235261948
-40.52907935904116
-36.80557482689839
-41.84987072939046
-40.07727295751103
-34.07891348526934
-33.63474731143488
-29.32521798353095
-24.57805591021627
-22.33443216922025
-26.93704651916223
-26.59371521149426
-25.88962215188522
-31.77235616412913
-32.17624137271994
-39.86222508947017
-37.71364929767635
-43.92637412179570
-70.39316674448177
-65.93517344009182
-58.73519642620460
-53.70481898074019
-48.26283936673814
-39.83385177077160
-35.28108717539286
-30.71471849478531
-30.18919355420869
-22.62923798622840
-40.04930653818461
-58.09011327931199
-51.67802634435478
-47.73296958908242
-53.77348668645823
-69.28038898425540
-66.80202278125790
-68.72345560303648
-63.67961015932212
-58.46144312389760
-70.16812980674140
-68.38639370147956
-54.83301824463744
-60.81116804407350
-56.14302529167510
-61.74170303582792
-63.75692252712047
-74.77399158722207
-69.45842089211803
-80.25668494814394
-87.59311212271180
-97.89353265972768
-93.14286251888150
-83.09405523264871
-79.46279778366333
-90.44665825696551
-98.08623999114936
-98.43671310905299
-86.29940087130178
-94.80219588633199
-107.16187500535824
-97.83773781950039
-111.49369252480832
-105.59802373222699
-117.03319718999839
-114.49486149218436
-102.95248382202557
-113.81613106555646
-106.51444386145350
-103.21184702927833
-101.73152990243122
-109.78421846898482
-102.18557039646792
-91.64036240287220
-101.08459585231562
-110.80858345986739
-101.63420093611404
-94.11129055302659
-95.09654231447610
-95.40872379690555
-91.65866461016542
-79.19860158032080
-82.45308078427324
-77.37107887245025
-72.70156867835954
-68.23149151216005
-67.93624965168138
-80.73163549207295
-83.47769161218427
-69.54606873781951
-65.41684954026792
-57.95097151105414
-71.68161732953203
-75.12698011813373
-78.26210290622393
-74.26748403966255
-70.79894705081128
-79.79841325687042
-64.67890080218061
-77.85409901446434
-73.65417221539734
-72.45802021418035
-63.43472973019683
-62.12408206209754
-80.87256352838182
-69.24516628501712
-55.43003072116493
-46.22373500000532
-37.32214135130074
-45.29691449817387
-44.89492287756698
-32.38483697314395
-28.31440304685921
-20.40593449182139
-41.10696101603516
-36.26983054753627
-55.49822458844170
-55.07333664156081
-63.12243181754395
-45.64418370677504
-49.39417830418492
-56.73302169643868
-50.27467490972115
-45.03662436491247
-39.98132624558699
-33.77212419868304
-32.77442667039599
-27.81928689805640
-21.66296213803754
-18.72017558276258
-14.16313237610798
-22.48438454943326
-16.56538744402932
-23.21013619123435
-18.18554469783954
-14.78802038333282
-7.98707160560671
-4.77651740808719
1.63666973938201
5.09753394164643
0.18607247127778
3.20838555626181
7.65004923653782
6.76865557806249
9.66622352693975
10.54283241708208
11.77563637480890
13.25668692662835
15.62005083125442
16.37191325042260
16.38462168805734
15.29751588772834
12.62669846591304
17.32141724047870
12.49841056021764
21.35305225896261
25.50696119502819
24.27454918710846
19.96010454733164
15.40824703939825
14.60426631661168
24.95115022442869
28.05770611193639
20.83318800782788
16.29915947617772
25.21567118982527
21.88101441358346
17.98816957239406
12.02055523753965
25.90347704900412
22.11705923435340
23.93710406396757
22.81012357265369
33.32004557072616
42.38512274227840
46.83597288633884
40.96737954011367
36.67833061717458
30.30521617212696
27.19862202674320
26.09061544832063
17.73145288185228
9.44532570425961
9.66074319345834
11.47168440410421
12.35984473720320
12.68360960656879
12.96055605723112
12.24543474838718
14.42292015542915
11.62579675967288
13.73218204888634
15.82870535184227
14.94073296833437
30.23249197462421
29.08671037114616
26.83758668161886
27.31772600758900
24.18039720629620
28.19585865504864
27.86481413406712
47.68322162072815
44.69326232804985
42.09039559559490
56.58822697999155
56.13857742809637
61.19244817177091
57.04128582006263
54.20228378348172
52.82030798672780
52.63539029452399
41.84602598252778
30.69205306024971
21.15984444213356
31.64658720385952
35.56682282406431
37.38413968095038
38.27351962568419
35.34981335003742
36.82352463038352
34.67030015741791
35.01072018292016
40.79998390550944
45.55170097339460
51.75415633741758
50.87384430437186
35.54109935776926
37.67921905170024
25.44725767133805
32.22976149933428
41.33864345822749
47.72951847434315
37.42463316268564
43.13714327355792
45.10785903929319
52.68244840958396
30.95902781259262
40.58911300298539
50.16791527515236
46.46790631863064
41.92033037614802
51.14769332719237
59.80683440995962
52.64907138901103
46.10275264111260
48.02602439157745
40.84423764200518
47.66119086551322
55.27823164191867
53.50742943587284
48.05651270966951
42.11658059850949
49.17273512093385
49.09094985757002
45.56998556413782
43.18846903611993
54.02774009248439
56.90567237383505
49.36013358776630
54.42303027550778
60.81977788554472
51.08980713678802
46.65890276269123
39.29124410858255
41.04743113266874
30.98094810088118
27.98431909180383
28.92575228376982
40.11042456326632
37.56991283846987
46.33515028729553
61.38987915907815
65.26748814989134
61.25023786270462
63.83847209908227
54.47209358751829
53.57242295766295
39.44791210027606
35.96695007072879
31.14950612342179
25.96434797187716
17.86255384504833
28.31845419438170
37.36308714843250
50.47242435650791
50.41571175849395
42.05281547192261
31.91698173106692
31.49763536365570
24.22722044983743
14.30428087021032
17.21136688440254
18.86872457754438
11.38927450034084
2.53960288660887
-2.24861192348438
-3.48852077001359
-5.09310947427382
10.04789600183766
4.82369658102516
6.12351804309311
20.38554872825966
13.36978568974703
6.94475203827828
-0.26113455252115
-21.62746299797384
-23.71930449082275
-5.97741785737139
-10.93096983307452
8.33335406858675
21.40032491990497
20.61802090306417
36.92382366596749
57.14753616063712
70.16483337424209
60.66291564160677
75.74237172597773
52.63443624468771
43.43639084609584
29.94371078795344
24.45174504425332
15.90318457473063
29.70654073415653
29.47309959716636
41.30998913915609
39.52993644793131
39.16637419247967
32.03391883145172
27.96650747818077
18.24659352169030
35.51024268130895
25.66084448681415
20.48169865730541
33.21201285518117
49.48099117379243
67.92328700478564
56.76546696299302
48.70400187192836
40.65611275376320
33.64748975130981
25.10218995850344
21.26315334399476
16.96159072584021
34.68647565955350
27.32966693081130
20.09651158310443
5.31080221014568
1.84236211653872
-0.00763504492949
-1.61935059907341
-4.68164845456016
13.78107264693313
8.76792199452554
3.07032877275403
-10.15260314828153
-9.00599354509925
18.34346485260210
34.79432106832257
48.97793053096674
27.59920523537686
42.32241796559518
58.87850696003371
71.89342736243918
53.27080118658658
68.75186391082784
59.57085383907580
55.75138030976456
74.83056917175064
90.62412051718783
81.45264019221753
93.15511546449554
75.71380052508341
84.59713337763981
75.10660255636627
92.85769513215365
98.66074879898433
90.11502365324532
74.64760545858326
79.96570047374388
92.97959940189679
108.23338928016143
115.08190740861482
104.89524952326450
113.64348709434773
93.97532558425316
86.39810022457424
90.86901475737756
103.88544465703346
118.03420720442929
123.64939321852368
132.75184959502624
131.10553422793058
115.73238962301885
125.80477064700275
135.62608075917629
142.87863259918450
130.44293258250212
119.41668095544902
101.30145252123259
99.41035022434329
99.16872090438618
103.13295856151305
89.60637072950531
80.36477692146852
64.51501445546418
50.48628533124301
42.44503239336053
32.08514904547350
25.35426421121295
32.87462366920747
16.01064680240378
24.95034579299278
24.13564168396798
18.87558096071645
15.01840901946555
8.53413315061080
8.88713701700703
12.00862091102784
9.61386242293824
14.23125038265100
5.85891655019806
7.48656192788256
3.65658017416251
0.82128888632700
4.20110057489141
3.44604165890746
4.05586221163699
3.74736086589530
2.60471418413958
-1.10619532755415
-5.70545364499594
-9.93844060398428
-7.46893150740185
-7.92837756122280
-9.66438482522465
15.11996221665992
15.96632469643833
8.09840614677327
9.27271348756266
3.59261671994813
-1.22937418637414
-4.67465822470977
-5.66671414814046
-11.90262154054566
-14.90559254095529
-20.22038357085312
-26.83938431572669
-33.63137083153529
-34.03298518602475
-33.84294083933641
-37.00005287950590
-40.36844845022831
-43.91320431196595
-41.02645423760961
-40.69100186347102
-36.79333931974337
-28.72905378983930
-28.74107077945179
-32.54258700000292
-33.70785277580800
-33.80436374656985
-31.92030852754731
-36.04926731397529
-34.60839684034571
-13.66235552639726
2.33371492974249
17.89244529241097
9.97512706238482
4.13634116174208
-4.56573914914139
-10.65423303537891
-8.28509642270510
-7.13763680258746
1.40564698813775
-3.56968173545905
15.81005888571253
9.47421796149527
4.81382242858992
9.36781910349580
3.39549467532635
-12.71781022647790
-21.15218562755107
-14.77225719620099
-18.99525991965589
-30.66805073110032
-23.60144456129679
-26.27390615843659
-23.20490022956802
-29.78237178852550
-38.57987841240899
-46.41500066625971
-49.52060331953996
-46.81361873035139
-51.61919840674331
-50.37796095527602
-45.80515137970443
-35.65272738030224
-33.11571647529937
-39.92925387910192
-59.82194324651272
-49.53651007116844
-47.39709823648623
-47.83833650576410
-55.22173299446430
-49.95441818156099
-58.21137720244319
-27.01573607551739
-33.44495388652487
-13.61644027605963
-10.02941394385471
-10.62098523919849
-9.13352905602198
18.19007407834979
40.70935043695131
59.68945777155400
47.76625283816077
36.74823092516139
24.02728711648012
16.19791669189573
34.74219219754193
27.61672071501665
47.29091423629808
38.58918925520722
26.70606670983485
20.08724831552964
35.02033291175374
56.73437035222487
71.16455278072971
65.97023745735865
60.94340462956948
78.82746117806748
68.93968807446910
52.83595655641856
61.30564473376707
52.36564895015530
44.82272578591724
37.80415463612395
43.61786105277002
42.72706282696703
35.94874006487748
29.82722410125530
30.28029791929329
19.21451036184248
20.05097337407788
10.09369352470198
3.74889825347162
23.37591393151526
24.31922525806939
16.68844447487992
10.45609269128201
8.32146362915364
22.22785362199768
23.21857154482497
15.53729549655829
7.62031171762838
11.09210676746954
3.77270192233157
-1.99665251764736
20.65709808122955
36.81805899483425
34.88627714567602
45.55322655097957
39.37923469928968
38.62984152705455
44.76236381757957
39.31361316751349
40.09766922556800
30.39425566324190
23.09546909828977
20.92897493548810
17.74460572310957
20.24087622467000
24.45825656255010
20.55194048089672
32.76230047996486
33.42197844239872
26.39445917246078
25.51395158878586
26.86947124869745
39.33450358947627
38.19885051687586
35.61664632689360
35.24009541871739
46.55182205782354
56.20695945834151
65.69508542270412
56.80578811744255
52.88830862548921
48.90306755969675
47.95099946557501
40.17117737195633
52.03908693993373
47.99329827867688
41.00321149796637
37.87596107597873
61.08565203593123
65.65252224747417
54.80610657861049
60.87986533422298
72.61183654997373
79.23112701073842
94.30326646792248
86.67316370009969
80.77754691616202
81.73958880126220
98.51502127224579
113.33380349601704
126.55707923415737
117.92620940281398
103.89557082997041
105.67198220729641
96.51656056149048
90.49571500239567
83.23290263847473
74.99326457672730
69.26221439139664
89.73448907647909
80.57973983569183
75.87992239178386
69.63152916483995
65.41692999087698
79.19292785125367
73.58583397684494
66.68387004828932
66.79605506627709
61.25337654120150
53.96041841409889
51.20172819921929
51.16202922653281
48.86686585366920
46.42161845969900
40.40133225021303
40.46238523668278
34.95746292374644
26.95872528577162
30.39590118898347
29.47998687572352
27.04391076881515
21.98352466601261
28.92521197742629
30.82443211105780
25.68509428705896
28.90248794760846
30.38626398753964
22.36099521528278
23.70271407401844
26.80111163244339
24.33213657869778
22.19988168030700
21.48446488038967
22.96431269886654
23.86251693857957
23.65045722182439
18.90364326509786
21.63832572325937
23.72002945734248
26.73799728583491
23.51559934960319
14.68571814483409
22.88711788111573
17.07599310625062
18.48179378500620
9.05830676692301
7.33497423119677
26.30648464481369
23.91635264455087
42.83692861265736
38.46214186791046
31.55691419251036
56.74718582063738
39.35789385126346
52.64671521150833
63.98163670985302
62.12376839603166
48.99845419798321
41.52336591072175
48.49522803248495
39.56132391765096
31.80247764420406
47.45011781970778
40.63925827379997
50.70049139794391
58.41088735184317
52.99723467570401
56.40976551251998
41.13622545984544
42.40451920195317
55.62904172297738
53.62929033675773
77.37215532996355
95.22564654299183
100.59234545700531
91.58749137593405
77.78763344292044
90.56176304551207
102.00638142268764
115.50077250214885
122.53959634667476
118.65207452995628
104.78751603669214
111.26809715340147
105.06642535636034
119.72458676580926
128.33455575244676
112.07819993020200
121.59609070194003
135.18355005060076
120.78471122770637
103.79229740854043
92.64100502395860
89.86353461904221
80.32452652987652
75.96783561833642
62.92470150254563
53.21591911243127
44.95964352220110
42.70923724670139
38.98769708540215
36.51760245995111
28.58328701991866
22.50385255205366
46.39050596360720
44.44071670588957
42.25377175045409
39.62810130679922
35.60793684088638
31.81243083805844
35.99548890610953
32.39809014736325
25.68546448603589
47.91216027426344
34.41880290679185
33.87246631081456
34.85174010502905
29.32913413116757
20.52701051690727
44.20707434115776
63.12021227065360
55.25210094942659
74.54916147513445
64.36437877233274
51.74850376856392
46.64939164819146
37.93630789293951
35.15900703893646
25.64367327780138
37.93379238670090
61.79214236185162
45.52481892640853
68.07143401871743
65.23928304008832
84.90810498164835
76.66888615000511
73.65044274742746
85.94818465868053
101.39954762994604
115.89928278869164
108.48659537202539
98.95172779293627
88.01766871192568
83.92065550947279
106.00196821050645
92.92141031052201
82.53394094018191
98.45682300281324
111.74068762027990
123.68392500394827
139.73705852523577
141.10940092000209
125.19880594793995
112.71312164333152
129.86668563654092
142.11308038672220
152.91550853154715
132.66645387463723
112.02804366195430
101.54263753288720
116.36832581356757
101.63332879842488
120.60347362797376
134.89478403965646
117.93620563719053
129.57771286594212
118.50787103364421
105.92387807475080
94.10910287189378
107.94824675760518
98.48347603085492
113.82140498988788
124.23553972947255
109.40737741982963
92.83442609920952
113.00993004970361
92.85330024542436
94.25295066052308
109.37024313609919
118.58991986350877
126.04398011739832
109.99722604470693
120.39738372981648
134.59289652367795
138.81183993699076
154.41790262618031
160.46697365751390
141.61542485065266
144.32608671941117
145.55228517145471
152.35383199940995
165.68316309508046
177.35425142247686
183.58157339691684
143.79001236597787
142.25546515986704
125.66963096402313
136.95312266036524
144.87676349983272
151.91815634370670
139.48133475736603
153.83610326254393
161.90258646536250
152.18821978004530
162.73972321354097
144.56546354589378
135.39516648292988
150.10053336742618
160.86854832816221
168.85872308690065
153.49962672735361
138.24196241918116
124.86971616972552
113.39298542161478
105.22889486487537
98.60367671767145
116.22949863168876
132.06503985838654
150.07943170265730
155.11921002007838
165.47734016628382
151.11419061678978
136.89124060940659
149.01908413236029
155.81781642284372
135.28556070076866
123.07316231820785
134.48700179409030
152.11512437088481
165.40906077579973
176.90265396544146
187.17384922917799
196.69053905590107
205.13510753112439
207.76313739116657
212.06884177550003
213.30912134069911
193.30865447172278
176.31733413925443
159.70736883396484
170.09182076517746
153.11428555288015
137.18919585695761
150.65101827217040
164.42932665830762
171.92306095510412
150.73843912943570
163.65058348775324
168.22680400869928
181.96708860540440
188.60468215638375
196.08872866777480
203.38147217062607
211.87906229975516
217.14148256308175
220.77417407080861
226.02711242355801
205.03337959719778
189.07164305601560
174.33331190593756
182.44377362246476
191.29614076915183
