-106.08522699776964
-117.81559483380607
-112.82465837889450
-143.18924294828568
-160.56801299026566
-152.53546441806085
-152.65065452936673
-148.82662954846799
-161.36386586488217
-172.58943537450634
-164.46871417103378
-161.09516226885091
-156.52755570876133
-164.42974348234824
-169.44001701520676
-169.93870432480026
-164.85023552615448
-157.06808049506108
-156.56407278718260
-159.58876579974324
-157.60124475732169
-157.67736705862055
-157.49705669005860
-153.03447314107899
-150.80981510564544
-135.34797663027061
-134.60502697794038
-132.72496175250231
-150.83712105092428
-150.35981999842926
-156.01214345740735
-154.83599513253881
-152.22716202679058
-152.43558332210435
-151.57446128203790
-146.78242347577293
-142.65831471951523
-142.80549810267092
-144.29012068359503
-147.04653812762484
-145.81797518405935
-146.31391339908384
-146.04568635086216
-148.52847311967940
-147.75280587780770
-131.22713920113779
-132.18881885686977
-133.78402470259061
-135.69494478220105
-136.14993323294317
-134.92713113180096
-122.30354583700435
-113.72127036456740
-115.88844518848373
-121.94148183372369
-125.49751061795682
-125.75880565351508
-132.28002584645591
-133.45312751468055
-149.20096960834795
-137.37516383605595
-120.56932239364748
-135.23827210808335
-134.63154060377809
-132.68655001952507
-130.79513666474037
-120.27515033046343
-115.87822655163784
-134.52783830755172
-133.41172254243196
-130.54040657778071
-127.54468397089053
-124.49271237901203
-120.90781707689601
-123.27677368956591
-123.47092556410024
-124.53820401598547
-124.72867149666229
-132.14866915491160
-130.35375483501804
-125.19932485590753
-126.47669647263186
-125.30722976369911
-126.29194471015711
-121.10049591519420
-121.45794884434366
-130.23328079906571
-125.13616953709969
-124.97386296437132
-132.13342995275767
-125.71825396246186
-150.24573300171218
-147.32069923005159
-141.39870571842272
-127.51983844759113
-118.36729223654714
-114.20360040921305
-115.75037230308781
-110.80457665626393
-121.52164132881300
-112.16466068869084
-113.00921969522049
-124.91213597060712
-128.24313774058922
-128.22771111171767
-122.88230769711822
-116.45054672892097
-106.40414943401336
-110.48852526718231
-110.38956954563810
-111.20623680508119
-120.92907735525911
-127.70367590192384
-125.22558801938121
-128.14537523859903
-185.05791742651400
-180.27773895121754
-175.55764608589931
-170.06102231694672
-162.22073985077756
-163.34264194803134
-154.01208732213158
-151.20881211060473
-157.07716261391508
-141.15868426186734
-136.63646144575739
-140.41927373828815
-138.62311968320429
-136.27396692930714
-149.79607390298759
-147.18241633163117
-132.02703682468700
-140.95789999141471
-136.02630752106742
-131.26702737839844
-135.42431800762330
-133.48418620508929
-126.24720732695830
-124.15693649556293
-130.48815128497793
-136.20181662892014
-125.77008919593847
-130.85030794593931
-127.90607106422743
-119.04325564417638
-117.50933433517764
-139.15655482102710
-168.26975905808570
-155.91876635074607
-166.76264977758856
-168.91611406191640
-169.56994928091046
-172.44619584988484
-149.03400448696675
-143.23225063598247
-151.49401450698542
-138.64359262756668
-126.33655319920236
-123.58422548180260
-110.74570213068566
-123.64580404645763
-123.15637893865642
-120.58933434717568
-114.06552977366505
-107.53700512859612
-104.17356944029633
-102.10870400937966
-101.56253042967873
-93.14797047499677
-85.60120871960706
-84.54127985796985
-82.41836507618900
-81.30006466378642
-94.24852618283384
-90.01621303935664
-85.71272561832376
-78.89266698358998
-74.33161345308453
-74.34695265178706
-76.57322996938858
-72.97086786666630
-71.64115122283464
-72.89411866210115
-73.27956295032767
-64.80338562589243
-71.11976393556048
-77.67538660550721
-76.92163256082993
-74.05329866302563
-72.05995081601442
-72.82316896462656
-71.23889530709651
-66.72223195155799
-72.01222483834114
-66.28260518734484
-89.48026416714558
-83.80538804217611
-77.61086904125575
-74.24870516633200
-66.62184130157371
-65.26131600448082
-58.49036668586869
-74.85095395055868
-81.61105162040067
-87.44718991807744
-85.94150656512983
-88.10704624968017
-106.09342522288512
-96.98294973515213
-118.80451389603068
-124.21245658704102
-176.69676171888813
-183.98541490061021
-172.83234307106000
-192.50613770610542
-196.78882636880041
-202.95222015629778
-184.80618481912779
-175.64640351964943
-180.66961456886588
-189.88810520971163
-198.00703994655478
-220.66345411804434
-244.49241253310618
-258.42363796077808
-261.74244110443078
-261.62479695941494
-268.00740186856746
-249.44293975228152
-269.71027878271741
-241.78170979911363
-240.89356624303841
-259.46570600206758
-245.18070257248735
-256.77357651484050
-232.78491953918368
-212.85461624795329
-194.02345768633023
-181.13524546572646
-166.56433847729230
-149.76913237630390
-135.40046131772115
-118.35180381946809
-104.56017443558973
-99.34838431535725
-89.26189247334082
-88.52502090266228
-85.54361432711561
-80.30104292385167
-77.14346730507542
-73.22804209750868
-71.01846034607087
-64.14847365175254
-62.45627455046887
-56.22463140452482
-53.66139931288699
-53.94671286244047
-57.75934532566072
-56.85011444747869
-58.58673329158565
-59.27577704666314
-60.70806299500417
-62.11328393104973
-62.59481718028806
-62.62871436532846
-63.08364306463635
-63.85157987422581
-65.83620684398112
-75.85284697349269
-75.09957223830413
-69.44107397993929
-69.40956080114891
-69.23285150388215
-66.05375021484531
-56.82364991723750
-54.19789335230378
-49.07378123879904
-54.64938725870161
-55.56272792775709
-70.17930222781700
-74.43721789917727
-73.69522346711049
-64.78168735051301
-68.89589973831362
-75.43265424313337
-72.76084607983054
-72.73279573357121
-71.16312382054193
-60.31769528449848
-65.74288746608546
-55.26544139379332
-51.44304517347894
-47.02193350594347
-45.28993710586401
-41.89971150434771
-52.96126145377309
-55.88640344403395
-64.58377934637743
-68.95427352970822
-74.86018026873620
-79.53376369699770
-83.24563610796751
-91.90318237164422
-95.64813866417175
-93.84513432693740
-87.60679104112229
-85.62611008864269
-73.72686375441242
-73.10475756965390
-63.55079041560601
-65.87679892965940
-61.84720723723531
-58.03558826543895
-60.81399381112846
-60.81499124027332
-61.39359527047766
-51.06685681567289
-44.21573569197081
-49.84985647015672
-40.95902164772376
-34.75443547721007
-28.74377716306273
-27.46006075160276
-22.63973811609921
-20.64481651662355
-19.31984790474826
-18.95625323544716
-26.24287286235950
-24.80640895368648
-23.44305627109037
-23.40521768140761
-23.08595188687116
-24.56555134766529
-25.87687919957695
-44.89446097656497
-43.78714785561753
-60.62416007846341
-82.41401561811662
-104.09281056257112
-96.46369642333956
-96.26464219440192
-91.19285596984037
-83.31852099580109
-79.57058651618927
-89.09525047900848
-84.46236435377158
-74.29682112855346
-65.40344545981327
-60.99330632289143
-56.88190381880057
-55.79582489831726
-56.49987649247905
-55.82603080946385
-56.05275399141852
-56.41958759557624
-49.14857951445041
-45.80276506218878
-43.64455367837280
-43.04408581925410
-40.53890554641549
-39.74240682861592
-39.94917292157667
-39.77231925372990
-40.77755170821354
-36.27751763980416
-29.99285925087823
-27.66913923111737
-3.54006061110714
-20.47086422527295
-24.42071553297314
-27.22855466428172
-25.65209951106442
-4.30012840799697
-0.98048730554420
-4.63679351456421
-1.90049707002190
-10.62787670117830
-12.26086248927412
-21.48627015770364
-24.29712189057185
-21.06017535360391
-6.07809738028188
-14.78995971723683
-15.55844622286090
-14.04820693373398
-24.12437930556267
-35.41355460521941
-35.07527632876453
-27.17426900599660
-22.30047429897686
-23.08137085903374
-21.31094501248828
-21.51038914991981
-14.65399007532799
-15.85649264783990
-14.05134300997092
-0.26736945158589
1.27600829504422
0.69949912778811
5.70698508466628
-17.36914632445239
-18.65013661688601
-18.83110790216870
-13.46002006139540
-9.90842183686877
-10.03957583463596
5.17354306321353
6.35095775809925
6.12698015148693
1.63514596312913
-2.38877548696173
-7.15508013744977
-10.78651882108180
-12.28809151756498
-13.80471850825728
-15.58350037354381
-16.87456481450688
-20.00736936768563
-22.06779035137473
-28.22107647366129
-39.87162395747849
-33.45687730953725
-28.74683458997065
-14.40336921006333
-6.54275190968837
3.16253744988527
-1.78472340830384
-11.98412246397331
-20.70145036708998
-1.82809373990987
-8.32032824076344
-21.22500825938101
-32.05297102887214
-39.00174831071668
-40.24728569182469
-52.50269244260716
-61.17433362944465
-59.64017198039716
-71.04016640412499
-75.66364176474841
-73.50625205782302
-77.62357707299635
-50.11980401859880
-37.21077278026240
-34.40759678032538
-41.78014704251578
-34.63777262068183
-44.39328257297159
-20.41055776780285
-32.29545688971864
-33.58754989638356
-34.29117486206543
-36.40841934097366
-40.54973667525333
-35.51759005590215
-34.11194047491065
-30.73804425487542
-8.71795820918518
-11.97681043388631
-11.97113446830994
-12.78543616244137
-14.32677861687870
-19.54792470583175
-32.47242891300996
-32.17505185336741
-35.37177606245618
-35.08005053411325
-45.74658699212159
-46.57354267701586
-42.74810476669082
-37.68521776181942
-41.37205412383346
-45.64779562567458
-51.38604285293701
-50.19272442315996
-49.00048688047519
-26.01196527514672
-30.22286497223102
-26.85795842418574
-13.81293169429841
-28.00747320577560
-52.98185738576873
-55.84627532666012
-54.50717073094821
-70.73723931514687
-64.26642906914381
-80.79406569609885
-64.80570328103363
-77.31375584787813
-82.02131791208949
-88.03681566055720
-79.71707160609726
-67.23019853176996
-64.46973462980225
-44.75279159854843
-43.65074077813414
-43.21156251966659
-30.98317862275848
-7.14890760760164
-10.59432265301163
-14.44549017257866
-3.32731083785567
12.65698101550957
8.93569949699846
30.47254529699561
44.21621116237910
33.43081771874996
22.40979629633853
3.15093057653637
16.27589940257973
16.04340540497028
12.21806815565404
20.56424756228910
41.23858671849450
38.66606978057307
48.86919326713004
48.36957865259725
65.43560878533367
57.48222998701205
68.40494441895116
82.26424590582910
76.42126101676757
94.11828519688608
71.44434191930313
52.94280983552286
28.90621072814881
41.48793100221245
32.90132151392606
49.59702299252612
64.60650607655749
68.36871658819689
46.37658337415216
28.96177728056109
49.53795350818821
31.64525556919553
46.70145367975460
63.91125147259678
37.50314204446121
52.91078561500150
59.57834469078779
69.66148932528223
53.19792810935286
32.18022431851396
8.07014219613529
-0.87514841309438
12.67003104083516
19.04774967632241
-6.34944144186306
-10.53155745081899
-31.89215117001715
-48.71408482188555
-45.13609458267548
-50.02605545928699
-50.88797198769461
-64.50162580255042
-59.88360688310311
-38.48217989211173
-18.62416638083635
-2.01701098927270
15.66627026321039
33.25033865315797
43.47013066626577
56.90659528129261
49.56401864851857
64.69704790407388
39.48325490794744
55.33758988336460
44.68689554741820
62.31592748038999
55.95035350139259
50.24135294688256
63.56883655826340
59.48321809718228
70.15839740195590
77.74639540180918
71.52061506139630
63.25306046826663
58.69313202736407
52.01429798842396
52.58537140285222
48.98060314281867
48.06187742393497
45.25388408846634
44.03327795406167
39.33536305195452
36.07804543136691
39.23192231820953
49.82630279334647
49.41267713944115
42.49997113818280
39.85773500803622
34.57353346897734
35.03713801568151
35.31756267311250
32.43766065867145
35.28765431840161
28.99686016353897
29.49335848229234
34.17330479883178
34.60110706299491
30.41650426722652
24.62681767255861
27.58262723651895
45.83274083189868
44.64723360243912
45.07154811771021
45.75927140779364
47.90639145753715
49.35965758769844
47.46910913560262
53.69398527242039
48.51150112119950
41.87098037737042
42.45332916157599
38.01842065601654
33.99020221493076
35.14751300222798
43.20201342879368
41.80459886193475
45.80262858401883
50.13069138410052
61.90278899954172
64.47813008625623
64.26582811269191
66.48154927172452
65.65039369818166
68.05425143459287
63.38693260983717
66.35509445746943
70.60617542277745
65.68818733320479
60.97943729875547
72.36420621682814
79.56940235603062
72.38788493935161
79.90262434706375
71.67553848583924
76.35489931305081
70.35453288140586
74.14225345004246
69.09723595805850
73.87000788876260
82.81142401117343
89.74977742317876
94.91478230983620
86.40844975080449
79.57865239306484
79.00093477249943
84.66870427921049
85.79595552442012
80.50752884704728
76.26361041000816
78.39855950693931
73.32295149132952
76.52476018912708
65.65128223860548
62.59495091033182
66.35475374611426
70.03264210049466
68.60434472341558
82.24541042333556
77.48052621644156
77.97980744750591
75.26499256890739
71.23414639567093
76.13272134878952
83.92283136030389
86.72033308036144
76.93894168269395
73.24691425059109
80.75449380172481
68.74518681962576
70.05917185499170
72.88894115186464
69.49598395369476
77.19165046691649
79.73274273333307
82.16662551839144
87.03856629901692
86.53130504096249
86.58646098583198
93.23583960959766
95.10412660355192
91.88305238160055
104.54862503273154
106.60201043464431
105.25421826853794
109.13686401359186
122.20810070438090
122.59171882020854
122.56730375552046
120.07464060855327
128.07381056170610
117.17184246504208
120.29064586847502
120.63250362818096
119.27121308802224
126.08078063590921
126.67808952338603
126.10228086149901
115.77737174588229
117.50656490453349
117.72641605644284
107.75975964446509
93.59499276602762
83.60459826428520
88.52815756979530
92.86204993701163
95.22782521928640
94.58853532996170
98.68713446756665
103.47326802055032
112.88516927013058
116.52001533955293
106.53385953344166
100.14928236125566
91.57589562318448
92.73213317272916
95.01873864581250
105.96673941951188
108.52472004418397
109.13478441204226
101.71521147341683
86.17041502146611
88.43198095291621
90.80509119899035
96.17978706541471
87.94517005665347
81.45553402044351
75.87918623153350
81.41611941601629
67.52027418868984
64.27121236837247
72.56948700722465
68.53858662347398
64.40135474000738
60.48408137784997
52.59568768124714
67.54899783395257
59.23423892846986
56.79293378332282
50.91799410190718
45.87107769184294
42.69523221431903
53.32795231113123
65.73719794937753
83.62681805923438
80.01049932516824
72.42714642635765
80.31619689861613
76.66042140558368
73.54154514836661
67.32944898312729
59.75020010323641
54.46386630687324
70.38551522040476
65.69329682469154
58.38402366831475
47.67364871224628
38.41275672293646
35.38890622039010
48.49674702455926
54.00300954214494
56.63862977451856
64.23013474072461
70.00754383119872
74.53155386839212
74.16498764338752
65.29463823992680
63.14043149740490
68.86951780906676
70.70888481270219
78.84741473404010
73.67751082433644
68.15536528030852
71.35417819381958
64.58343707785215
64.50034556963580
59.48351203540031
50.89007348517265
68.34518526110638
68.94791933081771
70.87185298803806
88.77025525081147
77.61416680029139
76.08392106956143
79.20963377775185
76.61955658785465
77.32528606669322
87.39410352208341
103.03429459452501
86.86898362467862
73.27060159991252
67.58107535023750
80.99304090294829
72.64874282545219
85.48915661113082
73.39891108645338
63.68162512682997
64.67962764949387
79.49728829100201
87.86626208650962
91.87441702756153
77.11984362200747
70.39822913905434
71.02699920865192
86.84182363130355
85.89199315831289
95.16356558215951
105.16006510017399
107.57442353251007
117.95953888971431
117.47158529453573
127.05420929439742
110.58607723805433
110.37433424891047
101.94608033557245
91.08877549972335
84.80710607714717
89.99071096009375
94.93270674537210
99.37103068320465
104.47944111838102
105.61273755106937
107.54673956432177
119.01766193310915
120.85118391529105
118.94155743337998
118.05935949030253
115.80147371691544
103.70919258236242
92.34529501651851
97.23879380105049
106.76317610287489
108.24879725711943
96.38615194188779
79.88994931003408
71.98339780642861
79.89754808605403
84.32188643784397
90.08172953029373
102.99317037314364
112.48060471629705
101.31956750042876
92.28754951606609
81.53185428296213
88.12893337603140
77.77888543706104
85.06791751374358
84.10631581405279
88.14761411566299
91.14537802101026
103.18665165129869
110.06498047777215
111.72460204213451
114.96208979842214
128.42142982754950
126.19177631222381
137.47909355103059
140.76599661180418
139.07094888215505
140.54701435629110
150.51931200310196
149.33775622379477
145.91424056166031
137.96250245678573
126.07952776874204
130.08305566247137
115.37500836046154
118.86826977801604
106.59557278669691
99.90148449524983
96.85171680762018
87.13568347680368
93.14308441869494
98.21290379229838
91.28095927174054
96.37550811602496
97.39613294238225
100.65782294607820
90.98307648296705
92.55051750173810
98.98806434830043
93.39280768171810
98.97072069599758
89.37188446131812
84.48583045520677
90.09226100122522
85.23763102673335
78.11132670419363
86.74102737854643
77.75490254203413
71.46167967925624
79.24933623071959
87.73788875467639
94.91270105452948
101.76909674684228
104.14980005282099
105.80835779584291
98.62407138579545
105.20880521247622
108.34537187834198
100.34804292990039
106.97538471059545
96.68309476492254
104.14405434616640
107.03048733970503
108.91288017418933
111.09620602055074
103.20821380829216
107.72752961361581
100.65049385409398
90.93712814569005
86.20483752077521
93.41644998726495
101.19742877416414
103.83659278646064
115.21295097443999
118.04910649662378
121.92499314269153
122.06805747700751
125.15857626852384
127.20701364157681
128.12207373656804
131.82903506881919
136.65408920774109
135.93329288710376
136.82616670681040
137.85093485829563
136.84407422951401
138.39234145122524
136.48487597124495
135.84077827018737
136.70571719542224
139.49897596475222
142.79075623791388
132.07429788317424
120.95006428595950
122.78272713643409
127.52773091381192
119.94845723851283
121.38566092020187
120.39377892840329
124.29734076505943
126.62825056037610
125.02671111664434
129.21108638971123
129.39728379642918
127.55750043644196
126.12597177626206
116.74005126126447
118.36964055163735
109.94092628454123
111.86352695880281
113.48796036042428
112.56638139668840
113.85506997478444
117.55677838822527
116.30953989427240
113.81954588433238
118.40955936681220
118.25492594346171
122.68533059171082
126.65501531819245
127.61955797253171
129.06978073163822
132.42187351143997
132.79563346692214
131.40181149213169
134.65485051739199
131.75560292441992
133.03774798643408
135.84151971382153
136.83627257969275
136.37034831690494
136.10102072221562
136.40601214196084
132.77444355338525
135.98399592533309
137.04394228983600
137.73077329552953
140.34331658988026
141.58026268315677
131.24360855341689
133.90682671004376
138.45901321947898
138.37343932610966
140.06734377048394
137.92856831303925
128.75134706886007
130.54984745286706
122.05717754123111
122.85585267444199
112.12847686837786
122.95362323268316
127.36431639907326
115.08305752164202
120.41981891356106
112.12594757783087
106.26325930783557
109.13250460612417
112.08767395236562
112.31469621972812
111.95266834237825
116.82212427370352
104.96947660715011
110.42815041616510
101.76969240090612
119.15963542039810
108.17825747738303
99.89989632630842
102.48511767794682
108.39193732191907
100.86798098648542
93.63228900651073
85.10205448434574
88.78189412822630
93.17675265422939
89.25331256101084
102.66539959478405
95.23994269893844
99.56608247489913
92.82853692506569
105.59994815757202
107.51615384600713
117.53995947664288
110.38842551349055
122.82267300164973
111.74357299755687
100.28375405801890
89.97608277770944
84.23868544124042
77.11309930584480
70.68537681445001
64.28515838598690
67.71310172235654
74.07342332810543
79.93739708959650
71.61359825466326
77.42480097580817
83.89666975036960
87.72777598438316
79.31929043424309
67.15754749824946
75.52717994059573
92.54297420341284
107.80153592975350
97.01831283724083
113.40952341832505
116.69848988005315
127.93754871580633
138.17173687247498
126.73524903416974
126.63627512739463
129.63411093816464
120.12494138173098
120.33389720589832
127.58873527468805
131.02473888181413
130.64935504543973
121.49277865039471
121.22202777351256
136.51829810515824
147.29512566335404
149.84800019724835
149.33282937509938
147.00807087652518
147.69539440996428
147.47942835384643
132.98221425347282
122.80898370041352
135.77534352906210
134.99019222451250
126.53773657221426
126.95067867942650
124.56044646450368
128.33083689056576
136.27989106115817
137.63654251316521
135.61385513581499
134.52507698791626
133.37311278808630
134.56528224613677
136.59857342375335
140.57175867116328
129.97736498562148
131.99654863419312
129.72491652700040
130.82548883568177
127.33580201621420
127.75021949497898
130.70315438939264
130.50806546052604
131.67137566803672
132.25644427104405
132.86155454927749
131.17478189500622
134.06844460115008
132.67714291904039
132.79243627125825
118.82364586392515
116.53750392070597
118.32761908758138
123.96545207978261
127.63767765490054
125.16922386609734
137.06708673514689
135.89062784302021
137.21051193721195
134.38685749619933
134.88248416073921
138.65942894146298
139.07462053159432
137.40268559346725
141.09719299132806
140.07283674363757
141.50542293529318
139.42980243650160
138.99880643027353
140.83119109443675
142.85621576607014
141.27592561775415
142.20080481546032
143.90709508871299
145.10979206294542
145.21170067835453
145.05342553567709
143.67499723333518
142.02346254410250
143.37105814293861
145.62591723073703
144.66347181645082
145.89825380773379
147.97617285314064
147.76599406153335
143.57025776221249
140.06702903857868
140.01343286885677
134.47965398815705
145.66427969028013
144.79697123371358
143.35625713287519
145.71442597374667
146.07887352879277
144.00477865099728
139.91888166932364
138.38082856219893
138.79666335202305
139.00194595741928
139.29728128707902
138.93573216644396
136.63248550551145
132.51752452033537
133.45386771063801
137.78183048536991
135.08747641927519
135.10151587749951
135.03985967498755
134.18788953314808
134.82539237998191
121.87849423871317
123.40187528959503
124.84566784542397
128.98208657839558
131.70673762243445
133.70768549839696
136.06502455181055
137.63457717640810
137.78743690857223
137.98174576415940
138.73306285625162
136.86059330125840
136.58625920272701
134.67789998200047
136.32219505158159
137.85636616941193
136.96900239119083
136.83328311292462
137.19555148792460
138.44389532743651
134.68624929767765
136.67228874772482
138.16339376670490
138.79028284017386
136.60870526453462
138.08145692333440
136.70740930367475
137.95538412385321
137.58631140446914
138.58542174529370
141.06808489776762
142.44906730679486
138.93482648840182
138.41378566585277
138.77570469164976
138.21335290540222
139.88028195200803
138.17909228595238
139.38027862319748
135.86610933408997
139.19463322717107
136.12970167727829
135.05172184487040
137.20572911824337
139.01599099895014
136.14288178186624
139.08444852078966
138.62614230958036
136.24266072416737
136.95240266622923
146.60696094682788
145.75216531714818
145.82104891476979
142.85946804728212
143.19440460065502
144.29320292959019
138.97539613795345
138.50427725925590
125.53502962176862
125.52562677397620
114.63471606130319
115.08774675363057
118.30674655694659
129.50768606727291
125.27057348718746
124.23310720060007
126.22408398413475
124.73233615757449
120.44199487815234
122.28222788708939
121.74217392683708
121.80828739218676
129.96007368403929
117.61679985676690
114.03946881174045
121.18443591299918
118.90535624510147
124.27133096304580
125.16146192779669
137.44808104842022
137.39253509003663
138.23399216099511
128.31287119835622
127.72958247636427
136.50948158349271
136.47067588272429
136.27143733355888
133.36149864782519
142.72915572113811
142.74596322385642
143.01574139049245
152.80901816380327
151.74889757062616
150.70063987790414
156.87959280219104
154.66364808429765
152.96556108746725
150.67464475313190
149.90912792082159
147.37080967775162
144.64692358945888
141.14452601357806
139.25442181861570
139.47122973367175
141.69793616534014
137.34422966412052
136.41421501927178
132.39842064021732
134.96199840288958
128.20399568814202
140.46274897792904
135.54814485737626
131.34666840235371
128.03810580711377
130.63220781419236
128.86090665816448
128.53529106042691
130.30462222371997
125.99193625033759
121.59779005451296
118.95808621879691
117.75030593755255
117.02220667854542
115.81878471445285
120.61720091908478
121.62369799532016
116.72124715701500
117.00327733687010
115.10046118343317
116.82818199007399
119.03200588967196
133.28914520392482
139.77750060557875
139.94480464143822
139.11591310393800
137.63278347559870
138.76478285062575
135.18024721552172
131.75446900686336
127.77741763180723
128.52015619156268
129.33302987269863
130.59728947919359
130.80121211525963
133.19044278875884
135.73330706731841
138.42785525544443
138.13856681067011
125.79835791743359
127.12038271824967
124.31799581396950
125.66745026488482
136.25190664901754
127.62794510815506
139.01766861443065
127.63875174152308
128.04649426428116
126.99252975697026
128.33189128198083
129.76037761134927
118.67340630558250
118.96956429020605
121.87541331584865
127.72007849294260
138.60262109525499
136.26649536554507
136.30763383268354
135.44331055555881
132.96759944912213
132.30422064974852
129.19958990736461
127.62760155067511
136.74312630820017
119.11804080958173
130.22084395906148
131.78538136789982
127.28707628915507
126.24971058406648
123.83217647689438
119.29554883259335
119.58446170010285
125.23578928043737
124.84488288447898
111.98322212498329
120.19914866635993
123.71010657103287
123.65944043243806
121.60752914937510
123.83557536733140
127.09183550177988
127.61580880098379
129.00490571267881
129.34239588940306
131.49638948626128
133.51050392486667
136.70419111236646
134.54894705789530
132.59690200485784
129.34739957309864
126.76247686206683
129.10236384723402
129.22962485300445
132.28299486703554
132.42926859884449
129.59073256477649
126.64677651535931
125.86734933812032
124.23833446268708
126.65871768691404
115.09885291967939
116.18952169078609
113.44631455580053
116.17296850687535
115.26211065672678
110.93525506284838
103.25050559845270
109.54713965548716
108.97463298600746
112.04642203727866
115.27489726116588
116.51656529746076
115.45159710843581
118.54427162657629
123.65426522529411
119.49628758494414
119.31232487171094
116.81014741103662
119.92126457152554
120.48517695064650
118.94707856805444
122.58156162588834
119.25553334828027
127.73026346962297
129.13183448604201
129.08323412295951
128.97257804804369
131.61298783723777
134.82559276958858
131.17580149585368
131.45717028940027
133.55071631445261
137.45915164862487
136.37208980969825
137.98632745088634
139.97466299194767
138.71381548532261
137.86221131886401
134.79964818704360
132.48681704882978
132.35571761159417
130.41036724436242
132.53639659754202
132.94059518463769
135.71695842528953
134.86898927378400
139.63954782507852
134.86372008268972
138.37170705101849
135.75949119149561
126.48231307118670
124.21008707999074
125.62256673616803
127.16961708409957
125.75578868504132
122.30378329073351
125.57999203803536
129.88268881710584
129.36442837441876
130.94706173280582
133.43297592312678
133.06947948977080
135.81531719959557
131.84547214924697
134.16862371375663
123.40331980818949
126.38982910275837
128.46035645806205
132.35482923225405
142.62602458521778
142.51226956891415
143.40386541165287
143.22610064987674
144.03248919651210
133.75196877120098
136.48902885397831
135.70430892373412
134.16724640981124
135.57187708938625
136.58415940756817
138.40053584768611
138.64619430140735
141.10114158212576
140.85679496083375
138.99203712360992
136.17788850250594
138.17038218501040
141.51627614150183
139.79320479456345
138.71678706989701
138.39079183247625
139.53961076051377
139.88878288908845
138.99688459379280
137.95761028831754
134.97445266621077
139.07488449692653
140.02684263052720
137.55098532528532
141.71053205208213
139.78111152741343
139.73430177043787
138.51161767215450
140.09474053647000
143.37306714530027
140.60257505539806
140.37299838909502
137.43167723484376
135.69286088301072
134.72720292382962
147.37866235074804
145.87245842062913
144.14745001603848
138.91905782280708
134.46816551961200
131.85173335160442
133.36587299771634
136.02406470881442
132.21591415056795
135.58222424199951
131.72058875638561
134.94069832190547
125.74433298438893
116.31343920629222
117.72317528651506
111.47109314429893
114.24403651232946
114.84963825710952
117.74559368851604
120.42812091588263
120.48312708950948
132.02055318294441
127.54685548793853
128.92822325894272
133.43524781455059
139.89576499661345
148.85956940880374
149.89653652568006
151.29894087636566
148.94826586442412
149.42511234412007
137.67138867212324
133.81684295145877
145.12054836315968
145.12479841883206
152.31000910867721
150.24253009246542
136.25707572018300
139.31500435280412
140.39656447308937
140.49520609721407
139.13871506704808
139.63432196815347
151.04935596039627
163.40946391260954
164.31376794191956
161.06689965461359
155.90077540027445
165.50941796183574
159.77686242516987
147.72259619274925
156.75110516284010
156.39724497223131
153.88344477670984
165.73589072324990
174.25506423099088
171.56571777377494
167.04833405921642
164.81199631768038
149.61333426218488
148.75335268217671
149.56146661893348
151.58812671660147
155.11765119243495
155.82842116884632
163.00612298771077
161.89307729084652
161.92051741133673
160.39785082997685
157.14413216340915
152.97892857030178
154.44589791509870
145.04129339046645
133.92934179907698
124.93392799503727
129.00923167100865
137.31195124319643
127.99291000017601
121.81732239205522
125.15905028926616
116.71003123790719
130.75342590158479
116.97532867612905
117.80398255170056
124.09298424664635
136.12872990124816
137.82796796474267
126.55808343389054
119.61902403586632
111.11777335023673
111.53335677172862
115.53953844379294
131.77833451718857
130.12373551378721
131.84471725860402
135.20476593136991
135.74895564385301
128.00278139104620
128.88632016174739
129.87484726422778
121.43600083483825
136.30118598405082
137.02147932621278
138.34276722003381
138.31007846073027
138.63295277703929
128.11831302222538
118.41239673767915
120.20796297171286
119.52594825748083
130.82557167176941
123.92472185166574
125.83068841287397
135.99658519293587
134.43756518918360
147.14010637287782
138.40647526913645
135.79584877410892
137.75165225964341
134.82253733158473
122.40211231191506
121.64780552123409
112.69394357937138
117.81249636398097
112.08248294997566
114.35962705723264
126.61339780465347
138.51696093027118
136.31984317784844
148.00171316836432
138.29171619411898
125.91414480013466
116.92334013330482
107.90958721751529
122.25096441357994
124.55029405568364
124.32162858855153
117.37694505249324
106.80407899694859
109.62450021321824
117.67616324015461
127.45772473608810
131.20048929406553
136.52392175448091
138.59746414637058
127.00454636614556
129.10314055576796
141.25417197713188
141.05198036946621
152.11693568359135
150.10738129961555
156.90951039308680
157.06554710435364
152.90750873815560
149.58313720809190
149.45276468171693
148.36498763725314
151.71156437616247
150.58315165520602
148.15018609195818
148.36643895903282
135.45024395259517
136.51604088603341
135.77435663247442
133.83887641510631
131.18927315161952
140.88474592320563
140.20517140992249
141.52994624251482
147.46116904804200
143.32461021715199
142.09347291502093
140.38343314075354
143.52062666910695
153.86742029751790
152.51274362684518
148.54794823519921
148.89581858615304
150.94200797078980
161.36009905293258
159.62816285960542
155.75575007117368
151.40643949463691
161.55998999995072
161.04173427662207
149.91675227733850
146.61839246637723
159.38785516485453
157.31355130585018
156.77556202166201
167.02528934198830
163.95369426985232
159.12780182750674
158.85212687869392
158.28427164624779
144.77901636539849
146.17801975659259
143.03599973470682
147.02971187324084
158.26267349348379
168.29266639309563
167.70704656678453
166.51128188880671
162.46935364628604
160.47392369599243
158.09216872240683
152.71143847782864
149.53000498961330
149.95972688117433
141.23312287594260
149.71694136488142
140.81978337678856
153.85693894797382
142.39513744927598
141.54099474037085
132.84829052388076
136.01741823533132
127.23026777156096
129.70723620735146
137.21552644127166
126.96669845140056
131.05933576399386
132.20976841714611
122.37766801877682
124.54350701852620
126.63363493200764
128.43237792652127
129.82589505977748
120.56234142502041
122.00357359748085
123.17916431447026
123.99453344069165
124.49997986904388
123.43629863319543
126.24938358989192
127.02448128840254
125.28812055538091
127.00982057390267
129.75243757618821
140.43549507048903
138.97841779334649
138.80762465461518
139.01260441470873
139.10700833685249
145.84008944960470
145.16208295062901
141.52519730574198
140.86945866587905
143.21829348298883
144.90963629987729
147.03571485469340
149.19939849852281
144.33849816236378
140.82478499230248
142.49104722135127
143.06808993372519
145.42140665537138
154.70000345178116
155.07070960786095
151.67763667119362
149.23575840831344
144.98690279849694
143.80834292426766
141.36947705849855
142.44569189094261
138.57962394035846
136.14075928157965
135.38281202786379
135.35885541830021
145.04432755814932
156.09057549351289
153.23845489137483
151.61305725472056
150.86961767912402
153.17305144238884
153.24347277373806
152.75930772978262
153.80095072638292
152.45134040804811
150.30428166483833
147.47368033570882
146.68206385242937
145.18808810303278
145.95606470528278
143.06056715487219
142.45804452615602
143.18941021663426
142.29797690173308
143.87164308451747
143.63534187718091
142.09619928406710
139.95288946976808
130.63141526797989
132.20472114104462
134.07101604274766
133.48710929983733
133.33320769621704
143.20578126595586
144.48046907100431
144.09154894284472
143.41642288758413
146.29234345493828
153.76212390659072
154.04528541235268
145.75857492081258
145.97086678481608
145.90275752390014
144.68411587374587
153.76916340389855
161.46677874882744
159.10833120761507
168.40604747757283
167.45694898737037
165.50099285062501
158.68631209660722
160.78016996456182
157.79470468951234
155.59313741396466
155.60470048867444
154.27128544265966
163.98016705599267
173.36967196736560
172.03519978469205
176.84184722608398
180.81507594026692
177.60663409662081
176.07982170370144
168.18720224825427
169.28766904772027
164.68873678694800
162.84406793810129
153.13422106039744
142.99904830638229
141.13807733283741
141.81841353203603
134.05168811697928
134.36309049117497
128.22126764894486
138.71234473123667
136.83491222039561
138.44734831648597
146.50672618074796
147.16281632909099
147.02375833858088
154.15864436785554
152.28835698370000
161.00792405859104
158.87359059753007
158.76738589240458
155.43835318887710
145.10607365600970
144.50107833043390
136.02031392669667
125.10550712636410
136.61252208566646
135.82643488759328
128.33237699717503
120.09662270434012
120.75444678503736
113.77403780006640
126.63247770319694
117.86463588076755
118.15164516162716
109.98903482717282
105.43597204439523
109.57396147141311
104.31125236605556
118.33703949194306
130.67851335769305
124.39074277677544
132.35993893398515
116.08825720748970
114.41659743707827
126.85584888748025
118.59946658642717
125.56084524076954
135.93321575222609
143.45480942251288
138.68879750560609
134.10367013851774
123.46140820470212
134.94362369471176
146.17264725425142
127.08847999809781
133.61541387761929
121.94942934440022
129.94931783277622
120.68302877123902
116.48403666811517
119.58506018797918
122.82227853177221
132.90927408275465
145.10197351934579
137.06356019023565
145.18835217368257
151.97235663925446
130.99058923081225
141.09985898923492
139.17161022159902
132.14231944463521
90.83970233732239
89.80648456470074
94.72581312087453
100.41126260249621
95.91723253396013
100.70371073334329
104.53928195734161
91.76976516576447
92.87193180107150
104.13686815921486
90.82603983830984
100.53243685434482
106.92774908568305
113.72142000575114
103.31288780768672
93.39030025351386
103.88847139858768
113.74079864404551
126.40234300956980
115.51743729241717
100.71671548623927
107.82914231284326
113.41705829218621
119.62538575750855
129.38613741542923
129.16001618577374
132.21958256677314
134.55334103466080
141.26398889629863
139.17467953432720
140.71782243866627
126.68373325793316
136.88281870574787
125.32780169979711
114.30776438113568
116.39893449552187
118.82926166318690
106.36081052932782
112.28081548643382
123.80659879735416
129.36275041390047
126.53232440180585
130.28212722852135
130.38066116123775
112.35588806686826
117.68287708113915
128.94551278019733
129.57986878030138
124.17031319033801
125.88021463607220
127.20783544952123
129.72763066491507
132.56890365997853
130.93597852878634
131.61804033527085
130.92570060809913
142.04494134725047
137.52089744788935
148.00452578204869
144.14635255271790
156.33133716614307
152.46038495147769
150.66778269052293
147.69750081625645
131.76711633448312
131.14548406325832
131.03347566396332
140.11822721084212
138.03728642876172
138.17207738065844
149.20165878471676
144.21785586990859
142.47690137372334
151.48840825855928
156.28505231915526
139.18991793238260
138.17443461529115
135.82137199880827
133.81454727642603
123.99584054415472
126.47201205612305
137.62133646954274
135.51529480985977
135.69853921645978
133.32631322572465
132.70575913814480
129.47194053986377
130.12505977389100
124.27404310177063
123.48664378122746
126.02164137270418
137.15055575534794
140.08669758984189
150.31907355507445
149.27879488623790
146.89719768103629
144.83403315280231
144.08155070734259
150.29685084015949
158.50890184406674
167.46209743402665
162.59997489984627
159.01551088041344
164.85729922128002
172.81622155079074
167.03894955059178
161.02069224114291
168.61809535588586
174.87606363913741
179.61884888627463
180.98176185401678
175.75270033507715
172.93377583567505
177.71236374081735
182.46506950602770
177.37749004785681
174.24300267096498
171.84173106775546
178.61776201780575
172.23284887166861
174.53808548118775
169.69911724386910
166.51910760570124
162.35572969693447
160.77032815379962
161.67146036957595
160.74493032659382
155.24719740639227
150.27306440626106
148.41014123127758
147.73948971919907
148.47684581415285
153.74951271420034
150.78999507214232
149.15065251388475
144.20116509541657
144.21679735125494
150.62309471020242
148.09941003100784
149.84490624540780
151.52932845410453
151.89955832277542
152.64299429531326
158.26105765506324
158.64441925726757
169.57518396425928
163.89299703349602
160.76729339718119
158.87915796358959
163.55089391856808
159.25614232470457
156.86060544251686
168.26611290031371
166.44618803729881
159.84031058163220
168.78065434452529
177.89818646762149
170.07695117989351
165.47030171065586
160.62808003806649
156.74288524176671
166.55783798078804
177.38873907698544
175.44229356013304
171.17042135586823
166.20743616673553
162.83491201490801
162.72714392060607
154.86774983758318
151.98357435082403
151.55327157001466
161.66043798117576
158.58254426978044
164.73490838243760
160.07999687797465
160.53140752230712
157.29116843799488
154.68064410539858
147.69880254949709
155.30052839335562
157.10032608523903
150.83915242474629
160.46307714278757
154.05500990506147
149.41513766349578
151.60809076594091
151.25072616661836
158.33946875516165
160.29205918757134
165.82449721762438
162.28116419788117
161.24915420245475
157.93592062719978
154.99292807702963
149.97307548719610
145.45258070402156
150.99667675036935
135.08359693549457
135.73169214250868
137.44382408619674
134.98710495026256
145.77926793855050
141.08181632836772
135.93446110971914
137.39870477599797
144.51686318750177
144.62391250288522
145.12268647932680
144.08811697100975
152.47081284443468
147.66639991481446
155.91051776892209
156.67051969193398
165.81930054813247
164.79207863901917
152.75972196832043
151.24565065529683
148.84514991764331
146.41287263505004
157.03069714300960
152.72744194605656
150.01585984743991
149.37816615878569
133.59777914793108
131.54171227109978
130.11719577790140
130.53824337566186
128.83881544299473
131.16195825175225
118.23031875271229
122.19493819407549
121.33805546266794
123.77707694752230
122.67931771818660
132.43994242618848
140.23353665913092
142.75265125277431
141.34196249359954
139.99955521328377
153.33201961298568
148.40230614134251
143.03838722450465
142.26189851663150
141.38791944468687
139.53660840594921
140.32280101313756
138.27778370208711
135.80722910398362
147.23270061439712
142.53073492760379
151.42311197503133
159.86581023029305
164.10271030931793
162.01333520597669
147.75028094844257
148.13558095311708
145.40368924236449
133.67069914914975
143.84501473245948
155.06454102596126
152.95419685338922
148.85835870792204
136.01748348239545
147.55489662029595
158.63078599885202
142.60327595600145
129.85934446215381
133.10198579152367
146.67550716430020
135.31579209963019
146.99267035621114
156.33185946515772
143.31609639604841
132.85792469430200
124.13939544336917
136.59214060386660
125.84813219293154
137.48667598787429
145.05072588806024
154.43523709378073
142.47133449328183
154.06863090842535
143.70601010944551
155.30719135980968
164.03544250727421
157.08042509076373
145.89023614143801
140.87852905650129
148.52522881952410
143.53147922911367
154.01291979674937
160.20717902305304
166.27142815893814
153.09757618184270
160.81794728221226
155.54021357724386
162.29483896259612
161.25561811329675
165.52356021765186
175.64199933781691
183.96679761382160
186.02803129331707
170.11399871730788
160.73193276102862
164.71407772802439
166.16873625149833
153.77519462259934
161.54166050412709
146.14624972721154
154.58035125452477
163.05529828653329
158.67340273835862
156.27681807198275
145.95155012424868
147.83122333706487
158.36220279213580
147.37957818532462
155.36440854403838
152.31111564662686
152.00234782522668
149.98241252046265
148.13647769927078
145.66114621809453
141.45628030453508
140.14880104742304
139.49523146497876
148.04430761692311
148.60438932036863
157.94667578270079
166.68760919632399
164.26645711116802
162.77618457415838
171.26971025181595
175.90006569694867
171.34863109761952
180.47425220755463
177.38896270294882
173.80398814815399
182.60171906484504
178.87483072579161
175.91767481311902
172.60117198148134
166.29851617196528
160.99822344313890
158.74719250994241
155.49707999099076
147.17299244194365
146.92455460980409
147.49576656690866
144.83932790797755
140.05294529340821
150.87150642065285
148.21034492142559
141.74927871913434
137.64392616659322
135.67961418069004
135.57070797944434
137.51128350931580
135.52779768389368
132.95149808757242
130.45000190192141
125.87347398194228
129.32297574194035
130.30040732737592
130.66499630210919
126.67445698584071
136.45904663169429
133.62995640550531
134.47167326612345
135.97065828865138
143.32498126371118
143.11621691169569
145.17737763832338
151.05080877226928
161.95106524308071
157.82064070611781
158.77411922239702
165.22865485297001
160.15323865724267
168.92606874301472
164.26209644949955
174.00900905646913
181.49366939057512
187.37618665945325
192.24350026881547
182.14040115815547
184.80713436718008
192.51911711832093
181.19667111700238
189.91774677663480
198.11501078367277
197.34669595303558
186.86476682705043
192.60508766826487
202.05387949608044
190.24844542145303
172.95445661813324
168.58896450287236
174.67758866705447
183.52721209884240
180.57534782077704
188.72888129634777
177.79540440899083
164.43068964527299
174.06346689613665
166.10344076802863
173.94464242199567
168.50710514573802
152.02964019791690
144.16678693601253
149.95973976843214
141.88506168608407
131.44535030531904
145.14752641878476
134.95214019359497
129.41605269681733
120.00331802906260
108.11482350575574
125.33029211564165
140.20285018548392
125.86194032633600
141.86736137978912
131.90358193473398
144.85137503875791
131.79105523524598
147.69421493310989
133.05051075660637
132.52093926018085
143.01807033932653
138.12742262931255
125.18105899512842
136.63697976507945
147.06618667439477
136.14713002148534
143.57838722445618
136.04628689674803
141.48576223672171
125.22553683501037
136.39268067250151
123.95764180773543
137.40871756192035
132.48316337494012
118.34190279455115
107.01184097323791
96.06755114981171
88.97276303744951
101.38648834710681
103.29165291062955
114.18872374769361
113.29542463672176
107.97428577272520
94.61953025095187
96.23511214620322
91.24763347618872
88.50231810613437
81.09305248572653
71.03385685280449
87.20608243280097
82.74423637664106
100.12021405101990
92.65867475025318
107.57441200394710
99.15589234932939
109.59112311670550
118.60226226039990
111.30905162899057
119.27893930206380
106.51799087750260
98.51861394130600
89.42293532727892
82.03497592673003
77.61152148414131
64.78818657323622
84.34117041589812
77.10031194423927
69.19281772807021
62.14380787499760
59.55306422623161
57.56859828532620
71.62112518593993
65.32595231821398
60.47922149504165
61.64859759822414
60.82228501439286
58.11380846843188
53.02635048778707
50.22469654208350
43.60476606556869
41.66699269656691
41.29856879603864
40.56298677116445
41.78884142632738
39.81078541644249
37.19721710516446
55.51085260640687
73.10457914383041
86.20861464818427
100.51889100406240
92.08668929246299
105.25407589851089
120.27485531786135
108.02013663804679
99.23418348983759
89.20600453497637
100.27196999881200
111.31029327393368
118.67901204158714
107.81644484320907
118.00140861658988
132.07082816463509
143.01888620384381
125.12730113488240
113.70717296210138
120.61831039657645
132.64583175343165
122.23422621127773
113.51745271047393
106.71699784821213
114.89908594768042
102.88129629342980
111.17913785481431
101.19317314524430
99.26802961444135
89.75748052043717
73.57060932346255
56.39926539481728
52.21786957375212
57.47721958650626
52.43307343046433
54.86123394200122
68.03569566493182
65.12771911059747
57.47856657541064
69.45108188825398
65.08200075831883
57.14960900930873
77.20955888561076
70.52808873291353
87.92432705616126
78.13923598896899
86.61191784781414
96.27145856143615
93.44861681685347
105.43760575058256
92.27018154176368
97.28868540775557
107.76803716463608
117.00261616081920
121.03317231079382
128.72934993177790
129.23970729930164
116.14079770639901
118.80468295755324
127.75469226882899
133.36465152493554
140.22749120518671
127.34966938714449
134.23030830741260
124.03238455823180
134.08744389963482
115.76129625610399
114.32484823064149
122.64347203457928
113.59752429500462
116.31286498048097
103.87053270080074
115.22681376781986
107.38558607851039
97.74588401516124
104.53028557799023
111.81075164810545
98.94820148743329
111.54858095553671
123.57746702236651
133.40705873581541
143.15373158509641
146.24840087965251
149.81895570739954
150.77174542116634
152.96214705873513
160.28484904594328
147.74700901890708
143.52973183082406
150.52777549394648
136.83494352457043
151.17990159734194
152.89993639161480
138.67053752345717
145.84747211447853
135.42551092817263
125.68887436424741
128.82567266023358
136.10515369547502
141.39093989065998
149.97386396237363
156.75994803755034
149.47593512120869
152.20396297614838
159.99668006720447
160.24976167133056
163.54795071147024
166.70279173253891
157.60058016164464
159.21057102360604
150.01326142943395
157.60380971835593
163.85121723598394
166.87118778290218
169.31840484502567
168.35116655632834
156.67775027804765
141.88546148240874
131.36898944622604
121.92964671946299
127.76718209158717
136.21103449759511
138.44896341173012
135.61080461745729
143.54287894331117
134.76052713190694
150.62150274646984
154.71050841832368
145.91553633449684
149.67520444866076
134.32564778701195
142.50534152929777
128.85946387243644
136.32832258193650
142.44207912291597
147.63343079069210
155.53243496989663
159.49085297863644
166.17758009975165
171.66684923946048
160.19171031241947
165.21193893719499
157.69287742108438
148.73804248135363
139.96728969240107
145.51018822605704
155.56845207815627
145.23232138783163
135.61084479079594
139.63401152077196
148.05252615274034
152.97025285289158
160.03595795528514
166.21522031158491
153.86578087315766
146.94684360946994
140.02810589917775
152.96365823795963
160.51666448460634
167.53811900203357
171.06401472160226
167.32453053282194
161.11195145742789
165.41283428568903
165.93989768967558
151.24542801968144
154.34177474194854
143.04037319547550
149.37722500529676
158.79174550308599
153.66381887721636
156.83308479562947
163.12010867753841
168.05060029064953
152.80242538455889
141.38332335817475
106.75578002523594
124.42823729603433
133.61595638402270
128.85460698857085
137.77174720623572
148.73440557053686
153.98667428533642
159.58777964020535
161.25627714820115
155.66893898596695
163.97513953852595
151.19528935790606
134.60630338413105
127.43304105700075
134.94625521419158
142.37848630142923
151.09820555420237
143.26057909474224
152.45403978794039
144.36441878678019
151.92495826192251
154.36415036999415
167.26642221172531
174.44696687479134
178.24869392631339
181.96174525500362
171.83499665884972
168.31128768734604
170.76173497218474
177.10602570773182
165.90769223983273
156.41472146212701
164.76604653931662
167.52704393489230
169.41490949876487
169.76672480004927
161.16079812295712
155.21896174666827
156.91845938712999
164.11861577533898
167.55190264396623
174.16919633630567
158.36202984483734
165.80972133909268
170.64052134877011
176.89459527787159
165.76741714122545
171.60482286229484
174.11057743075631
179.64047879278999
181.75346243483096
184.66708266126196
192.97170557687414
184.31342450831494
191.35909177807949
184.39576620142122
186.72245215570234
178.13599925834410
178.91267314871160
182.48199174896047
188.82370191281538
192.01828388445625
193.38304115519392
182.73340625247093
186.41200467846053
187.98584918422949
195.04418900393756
200.05307467596270
200.78471074374167
188.80204801250480
187.15172875624498
166.39461344725660
157.40425754780929
141.53318970104769
147.52229560483218
153.84693766052439
146.09291188521749
152.65816485099819
155.15037702673871
155.28190898167009
160.88373882949554
164.25427052383509
171.52532562233728
159.83638744569606
164.64790314586239
170.64040711635005
171.84730650967984
162.03876488863983
154.68055807847603
164.21356302865692
170.48664245018352
178.39387681307784
185.30365624966879
172.83535423671898
183.01402472805916
165.43966558301312
170.31141915837981
160.17904919442273
170.95835120176031
176.27424094628751
163.93262464321629
165.53576177958331
162.91027760226228
169.98235830283784
164.05458467739825
172.65195423588713
180.47237846327636
182.52573953209139
173.54351788384582
171.53681120811393
158.69925752211358
161.61101557873403
147.28584170946738
155.95137111455799
154.32326169529671
155.20463696413759
156.30628792956958
160.95739820940273
151.03499194190010
158.32701474592523
168.77935103328525
178.13769640743618
187.20215423407728
191.56913331985450
198.50841574528397
206.37070349646709
189.71836839598043
180.76939681130489
164.27927541232910
171.37309376325629
179.69254672357681
173.45019346242705
157.64143848029761
163.35414152407992
168.32436216534336
162.32867608868526
152.56479232354485
141.12966207502211
131.57597036061017
131.55513437555817
140.91464277474671
149.35804764335489
159.57552699479669
146.23964917565064
155.75708271316796
151.37313067796504
139.98315943007776
152.54971257782691
161.09117451994075
160.62247899339758
165.91290084573006
173.03957522589292
179.37005144905825
183.27659055338333
186.62316726402031
192.15137237174631
186.18137951173992
192.49435240736051
186.42949173497885
193.09735914126765
197.65131720523860
198.83096694790831
204.20241338964547
206.14199239935226
197.34867293933132
175.77016156236479
182.97183717810452
189.31932882631668
198.93433891526914
204.46351517495640
207.38488879533367
206.46460743250810
