-11.34876841924647
-10.50229926969922
-9.45181597149897
-7.25480222344215
-6.93978920303885
-4.39778752838905
-4.86555651028632
-5.26538727297804
-3.94212605900925
-4.51773048800219
-3.74778512454925
-3.97111030001880
-3.79872363553349
-3.60506496420518
-3.18789027164526
-3.96910124448073
-3.26560150167942
-1.54666124607245
-1.38101247550309
-2.41613622417323
-2.45104270824953
-2.98238283746758
-3.59121871945816
-1.07112707441659
-2.07478544305482
-3.06730689874934
-3.49328444373829
-2.55045575374040
-3.24555990492631
-0.23770200921186
-0.07028656769635
-0.36151409824284
-0.47811955017076
-0.62098372885906
-1.04622559296616
-1.59453976973859
-1.94567995358771
0.10202687638716
-0.70290926989108
-1.09334827156384
-1.62091526722074
-2.55882374049867
-0.71453480188123
-1.09031150518740
-0.34562475870706
-0.65699213396316
-1.49466885925130
-2.07615071342869
-1.70026275344119
0.51586716844647
0.89079089156378
1.45686042061349
1.64502064067571
0.55535712551965
3.45055276287477
3.27722414014520
3.58136497625016
2.12322847862514
2.54094494344216
4.29525733711080
5.81393150867572
4.84255194489859
6.21356387422855
4.49220748680570
4.14124334782099
3.67797645837060
5.38594951929149
3.89888753725005
2.51551064474298
2.12646142106856
0.99361621519781
0.04425969386243
1.90583942936712
3.42899451647279
2.96391195286006
3.41904783502479
2.80802615638138
2.89393362093560
2.29181116126047
3.22819563109167
2.42977536657305
3.24582677120354
2.08170834564378
2.42353417069727
3.64720915340965
3.05709930571406
3.04340350193127
2.39023551657741
2.05035142962686
2.52015741085648
4.19153816368843
6.54888406737347
7.89453325544499
7.75348882023349
7.74485884111870
9.99437672019399
9.89107147544498
8.65143742976893
11.18017487429074
11.04221233818146
12.94685153296956
13.78222260627902
14.67580363383392
15.70758538633963
14.57537648624272
16.29443709131407
14.20443023541948
15.19702645888681
15.10508447609649
14.34197485921891
16.53846348720529
23.74453083746695
23.97340780646439
29.24072331766454
29.80623034946348
28.60127257084399
25.29245814848214
25.22577591051473
22.89589057413423
21.58070358785072
21.84335759141266
21.97339091498671
21.26235108417410
21.07671781413725
20.71185626973758
27.22711518045457
30.73334588450527
31.71475924392005
31.76643531479515
33.26637339323833
33.22773898932149
32.32322207791832
30.65357255144791
29.43806371075277
28.97560456547316
29.08788805858006
30.04526113721357
33.49083389588652
30.77600938807695
29.18474524788139
29.10146831930063
28.29319010857232
27.83096403242696
30.29273245601592
31.02467212566620
38.90880693348311
35.14825007256766
42.74078458267061
50.60363324815804
45.39785977136322
41.93318350890952
38.61433950617867
40.20442142046681
49.62768951089318
55.09893166392310
58.84211622330677
52.81990034512330
59.23759733296946
67.42523288216918
74.06202908283254
73.80317266006321
74.36001612991760
78.58108158944621
80.74123766644566
114.46527472838032
111.97509350336904
111.65856286658300
111.27633656304155
128.24831049173210
128.51695789636562
124.22841095746813
119.58181918780552
123.15338443073651
125.62925517438873
124.34488074451336
127.06511124102137
143.67996173687328
138.18980808717717
136.39187648032095
129.66828655609328
132.70374864172084
133.80718684887461
141.78386464423193
151.67385506878230
147.58490590994131
148.45553203084398
153.56631168268541
158.54335095291304
161.20098778845153
162.89040464420614
159.24826087004496
153.86193998500912
158.47027131135354
154.83862630274564
162.25590700457784
176.01731513040818
178.44304528536796
196.12548993804671
212.16458958788397
223.16678468631758
211.90796367464091
199.69534533716291
190.43955112478818
187.57790577975848
186.70131028020703
204.42117496103134
199.91882773171019
187.62554295383589
182.02183497031891
182.28330705205826
187.79029123905445
171.57385826403706
166.02398831706560
150.13292782892509
145.73296145888960
144.14488058221303
149.38622780105595
159.39861688065756
162.65606753285329
169.45119901289556
168.11725705700007
166.42722816424035
194.34897399496791
