-10.00000000000000
-8.00000000000000
-6.50000000000000
-6.65000000000000
-6.78500000000000
-6.80650000000000
-4.02585000000000
-4.12326500000000
-2.61093850000000
-2.64984465000000
-2.68486018500000
-0.11637416650000
-1.10473674985000
-1.09426307486500
0.21516323262150
-0.50635309064065
2.34428221842342
2.00985399658107
1.00886859692297
1.40798173723067
1.56718356350760
4.31046520715684
3.17941868644116
2.56147681779704
4.30532913601734
3.57479622241561
2.71731660017404
3.84558494015664
3.86102644614098
4.17492380152688
2.95743142137419
1.76168827923677
0.78551945131309
-0.19303249381822
-0.97372924443639
-0.57635631999275
3.08127931200652
2.27315138080587
1.74583624272528
2.27125261845275
1.94412735660748
2.34971462094673
1.51474315885206
6.66326884296685
6.19694195867017
5.67724776280315
4.70952298652284
5.03857068787055
4.23471361908350
6.31124225717515
4.88011803145763
3.19210622831187
4.47289560548068
6.92560604493261
5.03304544043935
3.22974089639542
2.10676680675588
1.69609012608029
1.52648111347226
2.27383300212503
1.24644970191253
1.62180473172128
2.05962425854915
1.85366183269423
3.96829564942481
4.47146608448233
2.92431947603410
1.53188752843069
0.87869877558762
0.69082889802886
0.82174600822597
0.83957140740337
0.55561426666304
0.70005283999673
0.53004755599706
1.67704280039735
1.20933852035762
1.88840466832186
3.29956420148967
2.26960778134070
1.34264700320663
0.80838230288597
-0.37245592740263
-0.23521033466236
-1.31168930119613
3.41947962892349
2.97753166603114
2.87977849942802
1.49180064948522
1.54262058453670
4.28835852608303
4.55952267347473
3.90357040612725
2.31321336551453
3.18189202896308
2.46370282606677
1.51733254346009
0.66559928911408
-0.20096063979733
-0.18086457581759
-1.26277811823583
-0.53650030641225
1.31714972422897
4.58543475180608
3.12689127662547
3.81420214896292
3.23278193406663
3.20950374065997
2.28855336659397
1.85969802993457
1.67372822694112
1.30635540424701
3.67571986382230
4.00814787744007
3.00733308969607
3.70659978072646
3.13593980265381
2.82234582238843
4.04011124014959
3.33610011613463
2.70249010452117
2.13224109406905
2.51901698466215
1.46711528619593
4.02040375757634
3.01836338181870
4.71652704363683
4.04487433927315
5.24038690534583
4.21634821481125
7.99471339333013
7.39524205399711
6.95571784859740
6.06014606373766
4.85413145736390
4.06871831162751
4.76184648046476
8.68566183241828
7.31709564917645
7.88538608425881
7.29684747583293
6.86716272824963
5.58044645542467
4.42240180988220
3.18016162889398
3.76214546600458
3.38593091940413
3.54733782746371
2.69260404471734
4.02334364024561
3.02100927622105
5.21890834859894
6.99701751373905
7.09731576236514
9.18758418612863
8.46882576751577
13.42194319076419
17.87974887168777
15.19177398451900
13.47259658606710
12.82533692746039
16.24280323471435
14.41852291124291
15.37667062011862
16.13900355810676
17.02510320229609
15.22259288206648
13.10033359385983
12.79030023447385
13.31127021102646
12.78014318992382
10.90212887093144
9.91191598383829
9.62072438545447
11.15865194690902
10.94278675221812
10.84850807699631
17.46365726929668
17.11729154236701
16.50556238813031
15.55500614931728
18.79950553438555
15.91955498094700
17.12759948285230
24.21483953456707
23.29335558111036
23.86402002299933
22.77761802069940
25.29985621862946
23.16987059676651
34.25288353708986
30.92759518338087
28.83483566504279
28.95135209853851
28.95621688868466
32.86059519981619
36.87453567983457
40.78708211185112
40.40837390066601
38.36753651059941
40.53078285953947
37.27770457358552
34.04993411622697
48.44494070460428
47.90044663414385
62.01040197072946
57.50936177365652
59.35842559629087
62.12258303666179
57.51032473299561
61.75929225969605
60.08336303372645
60.57502673035381
60.81752405731842
59.03577165158658
61.43219448642792
70.88897503778513
78.40007753400661
79.16006978060595
83.94406280254536
86.94965652229084
79.55469087006175
84.19922178305558
111.27929960475002
104.25136964427502
118.02623267984752
146.32360941186278
157.29124847067649
170.16212362360884
166.14591126124796
165.13132013512316
160.01818812161085
144.51636930944977
140.56473237850480
140.40825914065431
138.06743322658889
137.46068990392999
137.61462091353698
134.45315882218330
133.70784293996496
136.63705864596847
134.07335278137163
134.66601750323446
135.39941575291101
133.45947417761991
133.41352675985792
130.17217408387214
130.85495667548491
129.26946100793643
131.64251490714278
136.97826341642849
146.08043707478564
159.17239336730705
159.65515403057637
159.68963862751875
157.42067476476686
161.57860728829019
157.52074655946117
155.16867190351508
150.95180471316360
150.55662424184723
153.90096181766251
163.61086563589626
159.24977907230664
153.82480116507597
151.84232104856838
150.05808894371154
147.25228004934038
152.82705204440637
153.24434683996571
154.01991215596914
149.61792094037222
142.15612884633501
137.54051596170152
134.18646436553138
135.96781792897823
133.97103613608041
131.07393252247238
128.86653927022513
126.87988534320263
123.09189680888238
120.38270712799414
117.74443641519473
116.16999277367526
116.65299349630774
117.08769414667697
118.07892473200927
118.07103225880834
122.06392903292750
128.35753612963475
130.92178251667127
129.52960426500414
129.57664383850374
127.31897945465337
125.68708150918803
125.21837335826925
124.39653602244233
127.65688242019810
126.09119417817830
128.58207476036048
126.52386728432444
124.17148055589199
125.55433250030279
127.69889925027252
130.12900932524528
130.11610839272075
131.60449755344868
139.74404779810382
154.66964301829344
157.10267871646411
191.39241084481770
