-103.64619957109798
-87.60467935498666
-88.45207152989595
-81.31435723595868
-72.17386466246134
-67.72349740455415
-50.18406153036257
-0.03218404369946
46.33319204279130
111.68672596123187
160.99607162350179
171.62662031935992
177.42663949306660
187.92428638096754
222.95931518793068
208.74864186784239
221.82005362812774
247.07789253005976
289.93031650835906
309.43599542730846
290.60737101707747
312.51390410022395
308.52213055398340
313.75609334100966
390.47844188902747
386.35873186443786
390.53471649921369
