-10.00000000000000
-8.00000000000000
-6.50000000000000
-6.65000000000000
-6.78500000000000
-6.80650000000000
-4.02585000000000
-4.12326500000000
-2.61093850000000
-2.64984465000000
-2.68486018500000
-0.51637416650000
-1.36473674985000
-1.52826307486500
-1.57543676737850
-2.61789309064065
-3.15610378157659
-3.54049340341893
0.11355593692296
-0.59779965676933
-1.43801969109240
-1.89421772198316
-2.20479594978484
-2.88431635480636
-3.89588471932572
-2.60629624739315
-1.84566662265384
-2.46109996038845
-3.21498996434961
-2.89349096791465
-1.40414187112318
-1.36372768401086
-1.62735491560978
-1.46461942404880
-1.51815748164392
-0.56634173347953
-0.40970756013157
0.13126319588158
1.21813687629342
2.09632318866408
1.38669086979767
1.04802178281791
1.34321960453612
1.40889764408250
3.76800787967425
3.99120709170683
2.89208638253615
1.50287774428253
1.05258996985428
0.84733097286885
1.86259787558197
2.67633808802377
1.70870427922139
1.03783385129925
0.43405046616933
-0.50935458044760
-1.45841912240284
-1.41257721016256
-0.77131948914630
-1.59418754023167
1.46523121379149
1.41870809241234
0.47683728317111
-0.17084644514600
-0.65376180063140
-1.38838562056826
-0.64954705851143
1.11540764733971
0.60386688260574
1.24348019434516
1.71913217491065
1.14721895741958
0.93249706167763
2.63924735550986
2.07532261995888
1.46779035796299
2.12101132216669
3.40891018995002
2.66801917095502
1.80121725385952
2.32109552847357
3.48898597562621
5.94008737806359
5.74607864025723
4.57147077623151
8.91432369860836
8.32289132874752
9.39060219587277
9.85154197628549
8.16638777865695
8.24974900079125
7.32477410071213
6.59229669064091
6.53306702157682
5.87976031941914
4.99178428747723
3.99260585872950
4.79334527285655
6.41401074557090
6.77260967101381
5.59534870391243
9.73581383352118
9.16223245016907
8.54600920515216
7.19140828463695
8.17226745617325
8.65504071055593
6.78953663950033
6.01058297555030
5.70952467799527
4.73857221019574
6.56471498917617
9.10824349025855
12.79741914123270
12.61767722710943
14.25590950439849
13.43031855395864
14.38728669856277
14.24855802870650
12.72370222583585
13.85133200325227
14.56619880292704
16.80957892263433
16.52862103037090
17.07575892733381
19.36818303460043
17.63136473114039
19.66822825802635
19.80140543222372
23.92126488900135
25.82913840010121
28.84622456009109
29.06160210408198
34.85544189367378
33.16989770430641
33.35290793387577
33.31761714048820
35.68585542643937
34.91726988379543
34.02554289541589
34.22298860587430
31.20068974528687
31.08062077075818
33.27255869368237
36.84530282431413
50.56077254188273
56.00469528769445
52.40422575892501
54.26380318303251
49.83742286472926
54.75368057825633
52.17831252043069
51.26048126838762
49.03443314154886
49.93098982739397
51.23789084465457
53.01410176018911
53.41269158417020
49.87142242575318
48.58428018317787
52.12585216486008
62.41326694837407
59.57194025353667
68.51474622818300
71.06327160536470
68.85694444482824
73.67125000034542
79.60412500031089
86.34371250027981
92.10934125025183
94.99840712522666
99.69856641270400
95.52870977143360
101.67583879429024
131.40825491486123
131.36742942337511
122.03068648103761
122.42761783293386
131.78485604964047
131.70637044467642
151.43573340020879
183.49216006018793
180.54294405416914
182.48864964875224
167.63978468387702
162.07580621548931
162.76822559394040
161.49140303454635
158.44226273109172
192.59803645798254
