-10.00000000000000
-8.00000000000000
-6.50000000000000
-6.65000000000000
-6.78500000000000
-6.80650000000000
-4.02585000000000
-4.12326500000000
-2.61093850000000
-2.64984465000000
-2.68486018500000
-0.11637416650000
-1.10473674985000
-1.09426307486500
0.11516323262150
-0.19635309064065
-0.47671778157659
-0.92904600341893
-0.03614140307703
-0.73252726276933
0.74072546350760
-0.53334708284316
-1.28001237455884
-1.35201113710296
-1.71681002339266
-1.34512902105340
-1.51061611894806
-1.35955450705325
1.07640094365207
0.66876084928687
-0.29811523564182
1.83169628792236
1.44852665913013
1.00367399321711
4.40330659389540
3.56297593450586
3.60667834105528
2.34601050694975
1.71140945625477
0.44026851062930
-0.40375834043363
-0.86338250639027
-1.77704425575124
4.80066016982388
3.32059415284149
4.88853473755734
3.99968126380161
2.69971313742145
2.42974182367931
4.28676764131137
3.55809087718024
3.40228178946221
4.96205361051599
3.86584824946439
2.27926342451795
2.25133708206616
2.82620337385954
2.14358303647359
1.52922473282623
0.27630225954361
-0.65132796641075
0.01380483023032
2.11242434720729
1.70118191248656
1.23106372123790
1.10795734911411
1.29716161420270
1.16744545278243
0.65070090750419
2.18563081675377
2.36706773507839
1.33036096157055
0.59732486541350
-0.16240762112785
-0.34616685901507
-0.21155017311356
-0.99039515580220
-1.79135564022198
-1.61222007619978
-1.25099806857981
1.77410173827817
1.69669156445036
3.12702240800532
3.81432016720479
3.83288815048431
6.34959933543588
9.51463940189229
8.76317546170306
7.68685791553276
6.51817212397948
6.16635491158153
6.34971942042338
6.41474747838104
6.97327273054294
6.47594545748865
4.72835091173978
5.45551582056580
3.90996423850922
7.21896781465830
6.29707103319247
6.06736392987322
6.86062753688590
5.07456478319731
6.16710830487758
4.95039747438982
5.25535772695084
4.52982195425576
2.87683975883018
1.38915578294716
0.65024020465245
0.88521618418720
1.49669456576848
4.94702510919163
4.55232259827247
3.29709033844522
3.36738130460070
4.23064317414063
3.70757885672657
2.43682097105391
1.39313887394852
0.35382498655367
0.31844248789830
-0.11340176089153
-1.30206158480238
0.62814457367786
-0.23466988368992
-1.11120289532093
1.39991739421116
5.15992565479005
5.24393308931104
4.01953978037994
3.51758580234194
2.36582722210775
1.22924449989697
1.20632004990728
0.68568804491655
1.31711924042489
2.08540731638240
1.47686658474416
0.72917992626975
0.15626193364277
-0.25936425972150
-1.13342783374935
-0.42008505037442
3.22192345466302
2.59973110919672
4.43975799827705
3.39578219844934
2.55620397860441
3.50058358074397
6.25052522266957
5.02547270040261
5.82292543036235
4.94063288732612
4.74656959859351
3.97191263873416
3.87472137486074
3.18724923737467
2.56852431363720
6.11167188227348
6.90050469404613
7.31045422464152
6.77940880217737
5.80146792195963
7.52132112976367
8.16918901678730
6.75227011510857
5.77704310359771
5.29933879323794
4.36940491391415
7.03246442252273
7.42921798027046
7.68629618224342
13.11766656401907
11.70589990761717
10.93530991685545
11.84177892516991
15.35760103265292
19.42184092938762
20.67965683644886
20.31169115280397
17.98052203752358
19.08246983377122
19.07422285039410
16.86680056535469
19.88012050881922
20.09210845793730
22.28289761214357
24.45460785092921
24.80914706583630
23.22823235925267
24.40540912332740
23.36486821099466
28.72838138989519
28.85554325090567
27.86998892581510
24.48299003323359
25.83469102991023
22.95122192691921
21.45609973422729
19.21048976080456
17.28944078472410
15.36049670625169
16.72444703562653
16.35200233206387
16.51680209885749
18.76512188897174
17.38860970007456
15.64974873006711
15.78477385706040
16.00629647135436
15.50566682421892
14.65510014179703
13.68959012761733
13.12063111485559
14.60856800337004
17.04771120303303
15.84294008272973
15.35864607445676
13.52278146701108
12.17050332030997
22.45345298827898
22.30810768945108
19.47729692050597
18.62956722845538
17.66661050560984
19.49994945504885
24.44995450954397
23.40495905858957
23.36446315273061
21.32801683745755
24.29521515371180
21.66569363834062
20.39912427450656
21.85921184705591
27.37329066235031
24.23596159611528
28.01236543650376
26.31112889285338
27.68001600356805
30.51201440321124
31.46081296289012
34.91473166660111
30.32325849994099
30.89093264994690
39.50183938495221
35.85165544645699
34.56648990181129
34.90984091163016
31.31885682046714
34.28697113842043
34.85827402457839
40.47244662212055
48.32520195990850
54.89268176391765
51.30341358752589
50.37307222877330
51.13576500589598
49.12218850530638
44.50996965477574
42.45897268929817
39.51307542036835
39.26176787833152
44.33559109049837
42.60203198144853
42.74182878330368
41.66764590497332
42.10088131447599
39.59079318302840
45.13171386472555
42.81854247825300
43.73668823042770
40.06301940738494
40.45671746664644
42.01104571998179
39.90994114798362
38.31894703318525
34.58705232986673
30.82834709688006
28.84551238719205
32.26096114847284
31.63486503362556
32.37137853026301
40.63424067723670
62.37081660951304
76.33373494856174
89.20036145370557
88.78032530833501
89.50229277750151
91.75206349975136
90.47685714977624
91.92917143479862
89.23625429131876
87.31262886218688
94.58136597596820
93.12322937837138
91.41090644053423
91.46981579648082
86.42283421683273
89.58055079514945
91.32249571563450
95.59024614407106
97.73122152966396
105.25809937669756
108.13228943902782
108.31906049512503
101.48715444561253
103.73843900105129
105.46459510094616
106.31813559085155
118.28632203176639
109.25768982858975
103.33192084573078
99.79872876115770
103.11885588504194
102.60697029653774
105.14627326688397
107.43164594019557
107.18848134617600
146.46963321155840
