-106.08522699776964
-95.76029354418429
-97.46352761577435
-105.12821173002749
-119.45770249869331
-113.29170822843817
-148.08802561472095
-171.33904724587458
-189.53048876979838
-174.52840336669948
-167.21575606396431
-162.37289534217371
-167.19525635847390
-151.64765147453892
-169.69603842893258
-190.56910708920739
-173.87556902329089
-179.23829241353801
-192.92781511114049
-201.05349063621631
-221.62149814883119
-289.69818614446547
-318.64369164134627
-322.29215469899202
-310.45489079734261
-318.79942575238846
-325.40134091058485
-345.51120366734426
-329.62869532485377
-303.82766538813860
-310.65447913511446
-291.99718815545282
-300.48910241276133
-309.62401562637740
-283.78949263165532
-265.17653889034273
-256.24627204747338
-238.87266642805881
-243.23130243924351
-228.47397677035926
-216.26123228177170
-226.86801068552501
-206.90747153733869
-218.45195037739165
-226.89560616937848
-208.85588852761816
-225.34924105028571
-240.84950470248020
-219.43431477635843
-205.79883225947481
-223.70649786190091
-217.36690072232557
-201.16380675746382
-207.58466559268655
-220.11390856957385
-218.65886637212429
-238.37333254681923
-247.26049032055545
-231.16037196898446
-257.49440288058150
-281.44914399079477
-293.98750492062538
-303.27886931794910
-294.82982180373068
-291.33639515150736
-320.73668625251736
-316.80041859612265
-348.27170652682042
-339.41403605670467
-329.16963992122317
-350.04317993633396
-369.56071506267415
-368.46357108025899
-361.41300654649410
-353.59636121799440
-392.11238454460897
-379.70780718684193
-366.92988014175472
-344.43526299119264
-336.14755760401169
-331.26909820213319
-369.07053970172007
-388.14401357202854
-397.07545958335163
-431.00574305910220
-439.99885327612219
-434.33569952539642
-406.90012192197145
-397.95886971384317
-390.26229363854338
-367.64468084032228
-380.03896845251586
-370.92959147570735
-393.55122145092309
-395.22836891538890
-387.44126375381506
-362.22524912564211
-374.67060377828534
-379.31013489506506
-370.00673875230922
-363.21824650026048
-406.84290036579154
-382.28332473280352
-383.83437114518500
-393.06576186887111
-385.42391834813060
-419.64865307956734
-407.56004153944480
-444.40138923485091
-478.41930988342676
-491.43862288664286
-498.17956670466043
-477.78644124888746
-456.52722297011150
-495.37368263629685
-524.19244644946627
-494.32993116951678
-499.35928637258854
-477.87108493878077
-453.67276518169865
-440.87891267371839
-427.59900242484576
-462.27664228498145
-473.24719263576469
-480.99219393382845
-461.02376772345377
-473.90295271889738
-446.94616184486347
-431.59868098935812
-466.51091932208078
-468.12196719384980
-457.65906800245102
-437.04265444931968
-431.37753514548308
-432.89017698101486
-411.26826815377439
-483.69401259630268
-541.94341825785591
-567.63721991129114
-556.82819281804871
-547.56892213020035
-543.74796517043626
-524.29731574171046
-508.78527197437614
-501.48946538532857
-487.25483934149878
-479.18815696059335
-481.37423794213277
-468.90304093848721
-464.95307600476764
-454.63446844994206
-464.53432874883993
-452.49530160807780
-455.11644857805470
-434.39057307632629
-425.76388729726887
-401.30997839969734
-396.33006503573392
-377.04977782080880
-370.37702198064500
-364.27863657900895
-337.80997408248311
-304.81028756927657
-277.75023374937405
-254.09027400893996
-233.24598442814477
-209.37424758432687
-193.75219596639687
-175.37851053274244
-158.37220272459055
-144.98268688334309
-132.26988649109626
-126.45769169594523
-123.59954524226188
-116.45277746031874
-111.62612120770757
-104.25364487803971
-96.19849121998871
-90.65363783232453
-84.53860542337294
-81.79992836642694
-78.28241114244594
-74.71819635804376
-69.07893898403654
-60.55036971190535
-76.18800735004555
-72.26572958103871
-89.91570680820568
-100.32708444722186
-122.24534813864385
-126.00755339180540
-130.54017026415892
-158.97909563886626
-170.25005368307720
-161.59998033355572
-152.11882520219842
-142.31646575454255
-147.35569469991088
-136.01088856458642
-128.62620540417939
-128.17166846907014
-111.56922042011466
-112.52994857962926
-112.23144853397983
-108.23442645337525
-104.87360250846147
-92.47976661726412
-99.50203392081350
-96.40552542284057
-90.41581416786101
-86.64220761681361
-86.45309229020216
-77.17728925942878
-75.52538162263261
-65.69997422018474
-76.10140861454468
-89.09257125499499
-106.25509591238770
-108.61404477974936
-140.41649555672740
-128.69046865905719
-113.68164347845867
-114.20908561243203
-117.98949310332858
-103.91445737020558
-103.95626712806897
-97.17076036520722
-90.77232007246519
-88.52292079498275
-82.54077247321075
-83.49629894377522
-75.39397777073562
-84.67565926644387
-76.12952806971082
-69.24106417446644
-70.92081357975445
-69.46102806026985
-60.28166555648090
-52.34919599156074
-44.12472328003434
-41.94222934466573
-38.22203480244578
-38.04710005051302
-45.36547162677884
-43.96999706247678
-47.08387306939699
-59.28532990939729
-62.30653295024273
-59.67156510283017
-59.73588901907335
-62.87395452730993
-64.12866531553550
-63.28257918662200
-65.47034038514694
-70.77219806054725
-70.99434388938617
-66.82816960791278
-68.85312024136962
-68.29179757821412
-62.27593955385688
-65.16711521045171
-74.55023963902441
-74.96989206543246
-82.98968371130150
-80.36953255589096
-79.78290430844774
-82.57654751773157
-98.11089819938937
-93.07229799489997
-98.13790539836502
-95.68830189395750
-99.57793307225704
-94.85263192263723
-96.64680120696325
-99.15744705889536
-108.50183092594006
-109.48689114908726
-105.91271992005152
-97.34632776910169
-91.28888717620285
-81.09084317665970
-74.71021233263785
-62.30788211683542
-53.72314615933789
-46.38799763278038
-39.49174735831370
-31.35921934426615
-27.78821525909150
-25.55353741754539
-26.59103827839058
-26.30438329414114
-24.76579760014983
-20.21159196913623
-18.10359185802183
-18.18553635451975
-18.19117758746951
-13.62088378502773
-6.23359360618062
-4.85939482550708
-8.21092695814199
-5.77312415525376
-5.34611470740116
-1.60474643328293
-2.42009062876869
-0.04764612069197
1.37405889602198
23.65132699295631
19.74705061747346
18.98181057516558
18.94785953862785
20.80337851952212
11.46314881716756
-6.03033693853605
-1.38547035763593
15.81101407451784
33.36601810887842
21.75767495360732
5.60217665081667
23.02976686105695
21.63022753374148
-3.02790672792224
-1.49014877981110
-18.22819113475063
-32.83242005395724
-57.42531833317987
-85.20190681278703
-94.87875673852642
-91.56503893982649
-109.72134716695123
-101.36293576906944
-94.58983379620537
-86.65372760383039
-82.83946623093908
-82.10391716188278
-79.72301484823036
-77.19373763643073
-75.53121199644958
-73.47120186601940
-68.72460705745291
-64.88493830401870
-65.30966735425302
-60.14553098162976
-70.43629842221203
-64.17787611550017
-78.18904681583639
-76.79612610825751
-66.53615107330012
-64.27229672193961
-57.99506540959727
-49.01489914762724
-54.81640025970418
-47.61938091300019
-70.77400341626988
-68.01613582150439
-65.78393488665745
-65.20148375440360
-75.39000708719348
-65.43836568853227
-58.19206287386811
-55.61295606656038
-49.16308520077720
-38.86519485232336
-28.44580344308675
-21.85192234598263
-14.96002610601852
-6.20990535091671
-1.94291429695114
-4.22435513050856
-3.29199790504539
3.97365435252000
-0.11574371895830
-2.65384300341325
-3.13766358370865
-8.64637759026787
-15.25091083020309
-17.69043458036476
-18.07022894963387
-24.52503076629384
-27.23970781542954
-49.71550316698570
-41.04823676269537
-54.21472255068501
-64.64296713833099
-69.24022280702474
-82.98167419256484
-73.75425075048207
-71.27508966665502
-64.16497809453547
-59.96893546471951
-73.79454887554184
-61.97739731220946
-52.45423777543223
-41.55773284934104
-32.37463602482369
-26.34555563786667
-23.30978183567674
-14.60806325022684
-2.77720712625258
-0.69279293339554
4.66820327052577
9.81852185108231
9.25676952694349
12.33104919411196
19.84200079776051
25.36512307816241
27.37295910869215
27.95532356276343
34.15350140849298
41.58523603469027
35.57149166678829
39.88443325306196
42.74429325297144
48.96559462888817
53.04735198514900
59.66053880808884
64.28711962880274
63.58438039758212
56.85074402846546
58.43037124416521
56.03189680672757
55.31550085102533
60.94213860729641
63.32198545274920
54.13459682677047
59.81391947583114
50.50111187607481
41.62809388567314
40.16090175770398
29.38335907470294
24.59820151920288
28.77659306451332
38.26158722575239
33.93162634992997
33.85883514832521
35.35013643811610
40.31701853174447
40.10001869677893
40.23353013795375
46.80579337047718
42.80172486758467
44.07719959427298
48.81289885717746
51.77795419285688
45.40232267749342
42.64429290488847
48.77134004300743
55.15797518027730
52.50451468399991
50.64409715054276
41.93695511418014
37.52905704113791
47.11339663049670
40.34516242989405
43.82125477802099
38.42536770088596
27.12827878811473
28.16320346322749
35.02839648662281
28.02048986801790
29.32995846197966
33.99111483558553
41.21834665696417
39.97760096574205
40.35325977670353
32.64739901885648
29.74914383382450
20.82258661225916
18.64120041927275
19.95306922194990
28.95506518120700
26.89279480308020
26.70624351737165
36.13982503926601
38.72690441623284
40.50871152510958
39.70137841676662
37.16440903193835
50.11391228307638
60.84796574090019
65.41842784950873
61.54829147574030
56.61371095667388
54.19578401217451
50.17459262747654
47.72992813068161
52.98492774371407
48.14853656411908
54.62972864946160
68.32316802458013
76.53114773183690
84.91519581139696
77.45766889318041
82.74038467140781
88.22312419439271
88.42613244260224
87.99052887217441
91.97039117900562
92.28727407867490
88.61512483908750
90.73319982650663
93.35135950174434
88.80760880364792
91.41766127320025
80.16353807436464
82.36024397282998
82.89643285829091
81.58018406094506
73.33913470737450
69.35872482098759
75.25028262376541
79.16395985224204
70.70477725658650
87.39918607022459
89.62674036469548
82.76435233509926
74.11600474742883
65.75058253391046
53.65072802503172
48.95258819603183
40.68644898709267
37.80112879662331
32.56573162534396
35.24659139321303
31.18031257792794
26.46958786783001
21.24443529552211
18.72513452700737
13.07263330427864
12.15939121760958
4.59773466811990
5.33080762074184
22.01140116635509
20.62520911757395
18.67448345401066
14.55162489526864
7.73805567762133
4.60082912923385
-15.56378391741050
-20.44681418770814
-22.44470713425458
-24.35484790154478
-26.06663547720735
-24.89230947225380
-24.43908113703990
-12.55850094024485
3.58639075418445
0.68869982442744
-2.53864871584655
18.99223438079628
14.39150107024960
10.53328435070646
26.57623785161082
6.50803418221249
17.47840557253791
15.05746482914209
9.12300834809664
22.61642558484070
14.23640350646815
34.53931589876278
31.47599318607021
30.09872242366599
24.08505845502003
37.13413617477971
48.72071170770819
41.79186988096654
39.36021842416763
38.73268679343393
46.96800673383156
37.08208203034663
33.84831003856288
33.21249317646539
25.24538448498384
21.98756504399805
13.48458467020745
24.26350474159470
31.48034592959042
41.49176333028348
53.90008048236930
60.20845837606094
55.13284615385198
61.32721898619822
62.48281306785421
71.95353496420846
77.21347569556345
78.74260844102176
80.16456781559411
79.90254325293320
84.36648624289394
81.27620213923933
78.35939590105244
75.41955801100616
74.05371255207444
69.73045938104865
73.75809703956398
70.26898605849253
69.70630876453633
75.56656305154075
72.52712014909294
74.85860052682938
73.13536650651187
78.91166038707408
70.32160235247952
68.93970445645459
67.00325967882927
61.07571959783579
67.11249391391166
69.03398716181513
69.56805277010290
64.17351106148649
58.07341058059916
59.33552572504565
54.26033025167294
53.76632814511197
50.96894460275687
46.70236890096292
40.05842381315673
33.56695268793006
28.24245706283894
26.91877788472282
26.52791871133835
29.60632973274513
19.12461968249291
19.30043465944987
28.16050684452139
26.33255681180289
5.40849484420623
8.46805963681228
14.40879184819833
7.87232267118704
12.32745691780395
15.36003793839152
22.96269356032294
32.25308129559673
28.92774887911367
25.67256179928760
36.19825995975213
38.30860560980744
35.90241043051935
37.92858785217737
39.14493447204912
39.07580495854420
37.72586972807702
49.77181702080614
47.55532222018175
49.22282079037829
48.18222686888486
45.94075558152608
58.60276272467159
59.20814653205692
57.67057538366417
54.50902755302063
51.44079603993019
50.55861960187325
57.35046647609417
58.12106568936326
51.94547059427566
50.68706050577038
49.30542224882516
56.13287678332667
60.57534927418394
64.91608487022842
64.97356131688478
70.69681135815354
66.19413706490067
68.24423105064049
74.58131690669597
79.44538980824699
74.47806097525871
69.73117214433260
66.97832501285403
70.08087760684656
68.56989183094207
64.30286406874140
57.60573060552053
55.77479262793352
56.17841005022797
49.13547264421758
48.67932250693422
47.39029947960407
45.46373506282023
52.23440212988430
58.99140914162417
56.89345006844560
54.79648859183600
52.35164976289003
58.31313714163758
51.90336384775856
57.88600391758806
52.43398887648954
50.99465627039123
59.27471791878249
48.64875352906073
39.73669279415534
37.55219150496691
45.47419017196823
51.25622117534822
47.26037861801964
48.94737571912274
53.31141939514731
40.68969163443407
50.16257974003964
45.40808480621223
35.52103244379315
36.04384539116015
28.35859467408063
26.71492642490037
31.50105503425928
27.06910374853461
23.07702654003983
29.38337769785816
36.26498367685108
39.06424378556925
30.91327996460089
26.22428118376459
24.26996733032458
27.73956663202231
24.11013833869265
29.07620944480735
26.00285997376555
30.86963386876253
30.82722011452625
28.98645380490506
30.84931379683102
25.60796163134317
28.30397694245905
36.11490834659227
40.70647710278313
39.49615198423169
51.96997423388731
48.61073577517901
40.46329966647166
34.67470967667563
40.29752839016677
49.40009719665893
47.50825425549962
43.30764339501170
39.45100884604966
48.77257475089608
45.90807812649364
42.95240340047251
36.50267177839707
47.77678682092992
41.86066931096089
41.12945133305572
38.20709498850182
35.20435208535877
33.58052289501260
30.66701575003292
31.90484508615693
45.18075445231806
58.48025488223801
68.32822021194475
77.28814023780011
71.62994939412528
70.27390562780391
81.06823966299467
70.97147652957651
64.56316961426046
77.03420456631684
58.24224084779182
69.48557612536450
68.19143298254939
63.13761475198016
58.90285543688633
68.14451532065110
61.86783756180727
56.77757824589639
49.79417479661932
58.82057254947394
53.83479649887205
58.60591160611300
58.18179304924784
53.10035839858748
61.60121762471891
62.61149630685993
63.35132880394494
58.73440934820149
71.49834909513250
71.31238968957864
72.84223302350094
72.57781352742140
78.30221494186090
88.95316119291596
97.19709014038452
93.67772149262386
80.44989749139847
63.61133234298037
60.80971474824312
50.86703408793928
44.44456750425243
47.24263439783969
33.93361036432052
49.88570545526881
36.08290344026964
51.75538066933100
45.84709184534524
28.93553551331148
42.38253560468466
51.99421779878359
45.69403179659995
49.91408814976275
24.07797344103625
15.06628903630272
-3.72019170495129
8.74297743789657
19.06434429515948
24.44012955487504
21.55698960168216
33.49403246164473
27.99001775904140
28.29564022836046
34.83717955696126
31.46743602596930
50.31434869606834
53.47289654524097
67.14525903750985
79.38749192253012
88.17722571664387
92.34736443238987
94.39179697542416
95.89333514284222
103.97443730998144
102.35291883295713
90.55975559735663
78.90535970143495
80.39900180976005
83.63850620369746
95.33262728638950
73.62487942661733
83.83394658804127
88.33220655025322
93.28448524602327
95.10450576209725
97.44008721279189
107.92218008936740
117.03099894936325
116.51234218166233
111.13170961652871
105.42388677413058
109.99823230076549
117.87508076182716
124.34807553023836
114.54954007261351
118.55881191311865
118.69782383339667
106.28733749520036
109.48481414286665
118.50401497461303
108.85759013040297
117.34410019152207
117.60807658375172
122.38658752117894
128.92806079720270
146.43923691653757
138.34155445491791
142.76776842488030
147.17437399741809
128.99972151096961
118.42635469537838
128.54001767020233
131.14411476389765
118.89120346585889
123.06652219988338
119.99018474890333
121.59270999473647
125.94361212765943
129.59080415954716
142.94665906920767
144.24495964044928
146.16753554383465
149.32602653938824
156.17404562793277
161.07800087084757
159.25006055420542
159.21035758771461
156.90873442550668
148.43994847060685
145.02105424227452
143.75037402968712
144.58440855185989
139.96245141069286
140.24693376720143
134.16163326435287
137.79198306651674
136.72151133042127
132.37464990231894
132.40460010892343
131.78744421521174
132.02031805560776
127.30242517273587
129.39670536029817
131.96602107060687
129.82797333297390
133.70199946121252
136.22244842956678
135.00530845515158
136.66913336187491
144.66231241438646
146.24613296950463
144.83494074809346
154.39873971755102
156.62050903688063
158.78458594367390
145.00197389846221
142.82468426567235
144.34828149561571
143.39482637296291
146.68393089740508
142.47065730313827
144.19393976635709
143.07508989711724
157.13096436490656
156.94421301650243
158.54123939327994
157.08802487606917
156.21548145568431
153.67222411084597
151.52108688099381
150.43263536351705
145.82905947840229
147.66491406832785
131.67909735558956
130.76487725967689
116.84299341318500
115.85559364534970
74.66718329141938
83.63347341243463
74.15428783814045
62.32525192512656
70.22045601750276
62.55561380468291
80.72128887411098
88.76010756334458
97.91931959914675
100.97507565061321
105.29171918840166
109.84881165245403
115.43021528749448
122.04739991205828
127.59537602387854
128.71910252865572
130.12842850112168
133.55665484459260
147.51100353500314
147.42990064852739
160.22664651012150
159.07954038932149
170.15082421053199
147.83911948116275
152.01658056239566
161.72095491252642
162.09659091906937
163.08639939379091
132.58066946817885
137.91293204015807
140.86625099662223
151.91135697281675
155.10767457447523
167.13976529607831
178.13537429155298
164.34444717835788
151.69266628900178
125.41280221236377
117.86398599541450
102.73154883731191
119.16255003073007
108.31447850054877
98.94429402725733
105.12961266569145
86.50202233746336
51.73870355338591
43.78625924971261
25.32653601481088
20.44893425340199
45.71974112125068
38.74898194178081
-6.47736187498051
-13.71822946400631
13.16871903842053
36.65154060857960
58.94481939160067
49.20418486453673
44.45481842101038
28.09749642319844
51.30037598745901
4.83226688479262
-2.32000241141914
-33.98598538349010
-36.76354559958374
-49.91532424642641
-46.98831224169676
-76.03593343551672
-67.82504907921806
-83.23402256470204
-74.99579486815378
-89.45012473573007
-56.13435162643518
-82.98494685341571
-74.78389963558537
-101.99237105913105
-66.69218200507707
-63.55846030440097
-79.35599258826167
-90.48351385561313
-83.34624108928216
-77.39886791449545
-105.01808949315441
-121.41603476304471
-130.16572264810989
-118.67416513445593
-132.05562697457381
-168.62554613487532
-151.20872808492086
-173.43249816741951
-164.71423299609540
-151.01942800191551
-165.14214553049797
-145.87982909312126
-119.52805728204012
-163.41236159886034
-172.17382521485573
-181.61202158385018
-148.14125918003339
-130.56071445504409
-116.52208787441349
-153.33832944806684
-122.95595053659372
-107.98218300492800
-96.44634496653248
-117.06140805916213
-105.86827753803540
-77.18814054187889
-69.68765287487643
-69.28144163783399
-96.32492572193576
-87.36600369433233
-101.80605236090990
-73.67755112603304
-62.13596812420631
-48.69055280692439
-20.23461568770818
-18.49612279005285
-35.99360987210476
-33.58885303558774
-28.57629973210253
-24.60704206064048
-42.72386657291806
-12.72123886737954
16.38715529171967
15.27538139443678
16.40653296290593
39.12938296046695
34.75983859449510
30.63931204819263
51.53309072653990
48.04658190546968
36.03930689406232
35.38735461477056
54.36639478637372
45.37215802483188
32.53748495683143
-1.68835627399891
-16.92824124519814
-10.65027720951533
15.80214165190281
41.30318773489387
62.27168697237833
83.22291182504662
106.82328144829637
66.59480183458373
60.96982804533211
71.38970682424591
75.27184899914116
92.13813264034901
106.77381923773444
109.14930062281451
89.05285476132880
57.80807056250457
48.50089298603152
16.90138215504474
-8.69560655932943
-7.27329103707164
21.28809679193369
17.79330979839152
14.87474819829870
27.19359368291153
27.31206904088825
2.19695018569487
17.23228542651896
-16.57312469062699
14.21501651676710
3.71914912943757
26.60238131751533
16.67844349284554
-21.10151799158449
-41.98314133795475
-37.68301182184407
-58.96756926917784
-77.74281446925959
-88.43506262526539
-95.09055113800576
-92.13555551957434
-57.77610455133399
-71.28511922472232
-102.98166787990206
-114.87429811381162
-122.32317918261668
-142.95631279111160
-104.31870600446061
-112.49996108270619
-82.34417292700120
-97.09551190645095
-130.22782965751452
-144.30617599008650
-150.87835133200429
-155.97775613211476
-165.74983786635556
-125.82047707041460
-134.05076826707989
-140.77058211626465
-166.12469894864270
-178.95395355772848
-178.18650410085735
-189.89920004393227
-182.81253669554587
-198.95469718310619
-196.48975610158084
-186.14763499181817
-150.99822689762371
-138.49887572990599
-165.64957568573726
-166.12452404827826
-130.22951710141004
-123.30234532097199
-166.88929827669693
-154.02902163193022
-163.40967649987778
-127.19878403919571
-98.38026195210104
-74.22564901327418
-42.18900524838585
-62.63481724568732
-38.48648763621108
-57.39493745145195
-70.13235888109423
-39.36173703923215
-10.05429110948314
-74.56612911223908
-44.34117727285802
-42.35545644119318
-61.84028142522229
-59.45598707843822
-60.44452605520596
-49.86697226574946
-26.32301459666828
3.70987187772452
4.50090014883015
3.56500716051868
-1.92003251309903
23.46286547417829
1.31450936973433
0.31370661235628
-20.17292277847942
8.11229894992062
6.68820078823088
-16.68537107278579
9.46295306996460
37.85168886043204
36.26178260160960
31.66891331900741
32.70791806406333
30.68014596484844
27.35501565989044
52.27640346481965
49.35826036434941
68.64377695662343
88.98482978018711
83.94535195961700
80.09954228871361
75.19795252297421
94.77040720044836
116.15435249207128
103.24193489050876
98.43515691941460
86.52900981917958
95.57191339535302
84.72088788733090
74.73921319207635
96.50263513782465
87.41208336952282
102.88949795309553
117.10193944578502
102.63014294429490
84.06608962930262
59.15287359684019
34.72046802564276
32.31420133627022
54.03225271809349
22.63527240172246
39.49702550933053
23.80017697293138
20.09801226944498
42.32527484875204
63.40344985949009
83.98529875841794
50.77504453927568
41.94044900173615
22.72843776513025
45.79341221421755
67.60652269397895
65.79221206364257
86.29041967813306
62.42843560261255
58.34731072565454
79.06113125948978
95.71596335480064
112.53895110588682
128.11276707643771
118.05361647094472
134.67878182321806
120.21527910037209
136.68199100477560
128.67950767399759
121.24260249079320
137.71148457418792
124.17564682795403
139.01985533426279
154.50807892084629
141.42278153937943
109.82669379445562
125.34645601058295
138.12743512084202
151.58418491844103
165.00329076952187
176.44846821637404
162.09197193104148
167.82071719930656
173.69710562768259
180.97371366210621
168.61114206777083
150.16541706244791
137.00120315272656
149.47034617130632
136.09770032919874
127.00133497222285
143.42911747851323
133.70691105985074
150.06985904748316
162.83071520984649
151.73770425417356
127.42892437440509
117.22899693583697
130.45745012473702
144.68978302466724
151.72151864622870
162.15735453888942
171.29668813321837
177.22190556729697
183.27523249683193
189.29404174376035
173.30870696085523
157.05473671026283
165.88675642500357
173.33384452951850
178.39398878543318
187.23932934942044
167.76967304193562
175.14841390193860
160.05352306527533
146.30823401044717
159.30728688927445
169.90942449236087
177.20048923913566
189.50742912298173
172.88444339776612
182.86103717175706
193.53723928186554
177.62298943106543
187.08324485587860
192.82653565969255
196.92745105838833
205.30158604185442
213.40034589967550
215.82922773585182
194.24457181146965
200.43513470081788
174.88486278522001
182.76009393589891
168.22134823225065
171.81905171106274
155.80154480755212
163.30779781141794
171.20907052578553
182.09325173354677
166.60900861557130
170.61942750825961
158.49765962143519
139.15378987820935
148.89143799488576
156.07068931964932
142.29039978040419
154.13471470359832
163.48478257985570
152.61904181389576
166.09453557637275
149.44956571804948
159.06058592721612
125.45087171508845
140.02596529536737
157.49351053509386
143.89991117484286
137.93898964576834
150.15798773210508
159.72927432449541
145.81720476996273
156.27362725061357
166.81594855919707
149.67701857818466
139.44096481165494
145.49210305864926
152.89900331129647
164.51842899552275
173.17499874632176
178.89576838297546
163.12004764866177
175.37667800998653
181.62292564562358
168.23675607193186
179.01608563086285
189.25420230648305
195.62231971610223
198.03137637688008
206.47157493233533
184.02392142744668
195.29358854891370
147.91333591799685
134.51431648921735
143.28356241468066
128.27236475492404
121.53919205832022
113.02625885329266
131.53290764438503
123.80731886730835
113.77278061478097
107.52303581263486
94.71889046150783
93.50395673615648
106.96286044269610
102.15316758332528
81.46098072550575
99.00113697354163
118.80985851062833
135.89445848687365
122.09558202742241
137.00503543323327
145.42784235576499
157.58051980838917
166.29518419628738
179.18731097110839
168.02120438279121
155.35985507347124
144.01506542402234
109.37792789142996
125.55112758609172
117.43451057943489
131.88787988469375
115.99236463866491
130.44912835367580
145.78551845307740
155.63946253739178
165.27796289701945
177.22876060672792
161.09159436153371
150.36167527784716
130.36540222216675
121.25696988466406
134.11131660115942
119.87214143049994
109.54525663446036
80.86822352108803
67.93549955097558
63.50095493852719
60.82891560430659
78.92426389973156
64.49799621904668
79.05643857293416
99.91755254715095
92.33919450516191
109.56337202123274
126.30207137436076
139.16716346283383
120.64917576936099
112.00973779283224
128.99795879761578
119.03434222102413
111.70266843362987
130.03684463055910
115.19080562527338
127.69309706313595
115.97531121960790
132.49571127177288
145.85038976552963
127.83715391445394
144.16001355209937
132.52695623664738
117.44233324080861
108.44933184645406
123.96600538621963
136.49236348406481
149.32832883571984
137.94779995146834
126.50205657065115
144.29455933234357
133.08154858347646
123.40716958097350
131.77201883272164
144.00825617986817
155.62523118000428
144.40336163913864
158.06360666855264
167.12673513135275
155.82376236427538
144.40486149028411
156.31085014204547
169.31174823847766
179.72756654660861
165.35287494591137
172.28881217399154
178.30168794048458
187.55074630865684
167.16732769162169
154.93297128443677
142.71265386998195
157.24904536220771
140.34855585851423
154.10725567772911
164.68373080026026
173.01301135329228
156.15659753341924
169.92700588983823
176.50268049481369
184.21312857346720
168.20259897509590
179.82371154181567
191.49261599327744
199.79638841215595
185.30324350807484
191.06481541572401
198.66269126181157
180.50447479084715
190.29634807745575
178.23372636533961
188.56273396826921
195.99209017926981
181.17835536521702
165.95449541954892
149.18931170962938
158.57068985433793
167.45437360957777
176.36141587470428
188.69185229992610
196.08108734436706
204.87580539702316
210.99009556065926
219.60728924463280
224.47992852872855
205.33162799394330
188.03642781604336
185.19811764559319
167.71648914750264
155.65715259002241
144.24738514543733
96.56280017461432
114.20122651464831
129.76131499948076
142.95309993667041
155.02447966322040
167.42127497349765
155.79486200528584
164.55231041746424
173.77043840210916
180.30609517323308
190.97100758434999
200.64038632023161
204.54819543376772
185.07609286725045
103.81969453335290
97.22167058901921
114.29224732206890
104.22364383082059
98.70280291851779
92.26931890455757
109.56467006350667
129.11004861292818
143.14050712981020
130.42726667986494
142.02537846671100
155.74945414943252
164.58263952361719
152.35744774022027
137.85078319914447
152.50632878867847
142.70586466069153
154.98244451615295
144.70703877549661
133.55677786489196
121.15581031302466
112.76966429167751
127.65760383843724
142.04614657834145
131.08623502724399
120.02638728676521
75.16374989411918
68.39052342102448
63.43142943274685
83.87669980779430
77.09517807347450
96.08169394679945
114.34787497074170
130.81042653281537
141.83461381894736
154.81571676307775
166.04765364598381
176.28358253311981
163.39933846050457
151.78995185648188
137.67024832727219
126.59897503367151
139.46016693197674
155.37496605609689
142.61544580626821
83.84548091337376
76.97888975776573
93.82925874517329
110.96126327771951
97.79137466885302
92.73110114301925
89.70625539038636
86.04767450406861
84.82006405628742
104.03879910098999
119.39916036850211
135.88211494192709
152.53758817007775
163.68874871958042
174.04141909406351
161.38982312819590
146.59691340450473
161.12705209977707
171.60847242173992
182.30903122944216
114.27561523533487
106.02558668389469
117.55135029911285
132.17947913237964
144.76873452732039
130.32192672360364
145.20893106940812
159.19502683801903
147.75762168950104
159.94666276868099
149.98427219811816
160.14491997029330
170.88365554464343
182.96107191431884
163.46479253446753
175.09666294062072
187.22561732600869
166.59095221148894
178.61461204408025
164.33088008684319
174.87328346494488
182.72950234580134
192.81496654624991
175.33520511790897
160.66431957594602
173.54050254637704
181.82580120444635
188.87311559379256
197.30650615664621
207.15547394709196
213.27618244901126
217.49191698107467
191.98963202842228
111.80467848503613
127.04539328384770
139.93926032539494
150.76387809089471
76.96506102578682
88.55943497045655
106.69220900250963
121.76198745569235
134.11918326298820
148.50290534690944
132.02523826790397
146.28031047092412
157.21000994009989
166.14164860814867
155.05453318195805
157.56031694707787
96.91683221095816
108.64055048846097
121.84565210797327
79.87403669995331
61.81366269160361
82.73723463238768
103.01020198243391
115.31221329061165
102.89541130754162
116.18090602126406
101.35701185243308
87.63728508745112
99.74456779361267
80.69437425467257
31.72320577787065
49.08852590341583
-9.55784757786873
13.89356615119749
8.71224943666492
4.90551934677218
4.17142871120904
-39.44842062280195
-11.48465100723243
-37.33054622681190
-10.68227018966364
-45.88756233816735
-64.96863489588560
-91.39664945531857
-95.61247617850208
-97.85714969564393
-64.65566563090883
-56.83870040035949
-62.04386634245501
-33.01926582459002
-30.73618467789742
-32.33034354751162
-37.20309113071779
-39.09346986476842
-39.88909037823262
-18.35678813602075
-16.09789625028041
-16.04659594161155
8.39694161687325
2.94638953614461
-10.37582036023196
-43.66814725448852
-43.33785381737269
-21.91517947578474
2.70799217749637
22.62771316218618
12.67923563857875
31.80891076988528
25.69729543933373
-17.78830567382116
-30.71630032710961
-81.47013212552856
-80.69664460444538
-49.63995197205254
-44.27309957436225
-43.78630485021443
-10.57649914804005
12.21563920944564
3.81113239818396
-0.34285902865009
23.56920596212297
45.52363413087469
36.50237403185708
34.88454662392106
53.92160079063000
38.02026786400467
59.67709452960938
77.43954484245165
66.84677638042976
85.42687474056819
75.07176529495104
38.12731548633877
52.94037998426224
24.58337753416257
7.34765410861626
29.63453314425766
51.97906496777662
43.95556387139904
61.76732676783747
82.91876911494559
100.20544409123133
114.59893286599376
100.52274390306806
115.40162650092201
126.64033878580067
111.60976897586519
74.16980780059090
93.79885956048372
85.41298524501423
82.99171407755792
99.02950502073223
115.30565861553012
133.45896649404696
141.37531374678235
123.73614712077608
112.73356906872831
129.21155937157999
137.56687970009426
139.25081597162344
97.43497509469955
85.31844309334956
52.81061225763116
41.80208605676518
59.21268553476177
75.24922313162433
91.66445243327412
77.26105253812753
83.47118508019273
71.87721188615429
77.73788713529045
67.87264682186266
55.37439149472854
76.94164542754460
64.84392545491261
53.70131526688840
45.09428696392979
40.17060315823403
31.64881609056585
19.99517968919215
16.70320921041504
7.07118727065453
5.09567475570920
-0.66659830588025
-1.11641302241259
-5.80641226498122
-9.87345568824746
-14.06804223460989
-14.26815892691133
-16.80510147522379
-18.80429344978954
-21.04227063309489
-25.09922286462619
-27.97964605338452
-30.20586237620570
-29.68411920627576
-29.51471734846454
-34.18061299472457
-34.22946522944203
-34.41289973042131
-32.07305995542166
-27.55667686580013
-23.71584071190747
-22.38820671434891
-24.25904656034341
-24.44035232685293
-21.80001360706510
-1.07382168295352
21.45964533568479
40.01777821688717
61.22024776082830
82.21058121642346
98.73791719367176
92.81432684957559
109.80843354591650
113.45346135654449
116.56746309607482
107.48778166991140
101.56880179808188
120.37156730474041
111.19212571916121
101.21302180521332
90.64571212713709
83.62392858610865
71.42836416627550
68.45119959465684
65.43338088340073
61.20658447295319
51.14312712746946
44.15181174398207
42.22062375728619
36.24330436376073
35.23679196021388
26.26881642766689
23.06206050944336
24.03493899409917
23.95010000183768
15.00023300224452
10.31867619515060
6.16873748037574
7.37056937642288
2.99125248731854
1.56225740671137
-2.84978082658393
-5.23572299251040
-6.13434670004491
-6.84768697809983
-8.66677833102585
-2.10554309247938
-2.92416679193691
-5.79733200750038
-6.34061400140711
-4.12331106210055
0.62403325293160
3.94191612254093
4.24284121801867
9.17669707698849
10.69454671959868
10.98400138450059
8.55513234740975
9.35754775676268
10.76518526043384
14.11334517743325
9.33120782220355
9.73311088939729
10.75683628277874
-3.38095486599467
-0.79239397821266
1.65717741069734
0.11103564258888
24.97686814850434
22.37012925650675
22.80322226126838
19.50496579100438
14.31200750116444
2.11180702158207
1.75254528082138
4.14980366664261
7.46682778876088
1.58157303130287
12.58040496533175
23.87098503579292
30.85525960788370
30.99115243074231
29.24534247967591
34.39037398350737
26.53674762932602
35.98897009126740
35.61488536090319
44.76897668615393
20.40078656007397
-15.26110673398806
1.72131819919091
-1.74272783070024
-10.93973619890514
-8.30577732165352
-5.58328745162262
-15.04468253036720
-38.87207195118823
-32.53800293450996
-52.11343387526657
-67.46579991997993
-63.12352531622767
-77.38424352032219
-87.38434014416814
-82.21953486697160
-104.54405637744969
-82.65830853944206
-92.43007441928188
-88.97778803694190
-86.28189839942624
-101.63844672046446
-92.58512884952793
-119.60839790798656
-95.38194565191192
-98.67301641920031
-106.21688054579411
-81.49156336051463
-80.46131932587002
-70.98600989334415
-68.90495379901995
-69.25372522300347
-59.79565131029595
-51.46352449586870
-48.29246767863270
-56.27371934160989
-34.96557961093941
-42.25826035593704
-20.82126233413880
-5.58481623444627
-4.96901001540237
-7.77857733057186
5.80423500015663
18.25186094669940
21.79456159351831
18.02037203913000
29.11984338382513
41.75085660366854
53.12084999776524
45.33848049422252
56.63796948364120
62.84667349032499
62.88369483174557
56.51522402394566
61.19309150854203
67.75420517616115
71.67540437950076
65.74646171251685
58.76619013557650
40.52410741826171
50.19549129629279
47.63867643784532
43.46314212609745
51.39607945294641
55.05524495529738
46.10571522374640
57.81142167272675
61.65661670944387
68.54778755780806
71.69393966764619
66.47717512337491
72.46282121805557
85.54548183330147
92.29509392083735
84.46080944458637
87.13165136093026
90.99395187683147
93.53210586757166
94.09189778117312
89.83249285671532
95.06059939928457
108.08887869914956
111.37486528756267
116.42716345642484
124.04475135431858
126.86161715446211
109.56171040566016
98.67937738297341
89.80452303818053
100.01949938641596
104.41198139178357
96.61349070436601
99.92564793843947
88.94293077451468
77.10464547892788
88.16544655696151
78.47825261381466
85.23548927155014
96.45947004067308
101.05060446493184
96.23740740111842
105.64528122803365
115.64638237652595
103.42003543902999
91.89145410827632
85.90163199000031
84.00738333871597
73.60285773605698
65.05404742725131
71.51884544385955
83.87083444210863
92.33428795688624
89.31356192219557
81.01323512328491
71.78712728361418
68.68862222708714
66.95585819226888
60.23016123619563
55.98276645529250
52.08098855456410
51.97015583520357
64.33467893039794
62.75168911784394
62.42739909872608
59.10068835580775
56.42096383075047
53.79161655758811
55.61239379649045
55.16070293399582
53.79828907290427
76.25014243003862
68.64495856525222
64.78680454635878
62.95382696204847
59.18600479826051
55.85607086937070
64.76632231147171
59.99562861374189
53.75478142573455
49.13148400327716
46.61486838098024
42.67280706711441
43.53032787696320
40.45617548638226
39.57670543597321
39.22133363418198
38.73648720476420
34.04036157013444
31.19158435413842
45.95673212539329
60.99224033457157
74.00580697202597
67.48259599146350
62.54526229247710
58.48086237111612
53.27541921957788
53.67391890102447
51.10089796983582
42.54020154838688
41.06073155020226
36.19123906008659
30.58546451050259
29.62840477157410
28.96193302508414
32.46607117291578
54.89748415377895
50.73726129652990
49.02136699967441
48.83583420228021
44.95062207380943
41.13753192607755
39.59544921630628
36.47256281906706
37.41069997072071
38.10722939945725
38.52802021659658
38.78710450813995
39.17218856828203
33.68216087480540
35.36518549460050
36.70159116945747
35.23508129760270
33.13096649980863
33.62797285364027
37.04357774181329
41.33314242115459
39.23727649972892
34.61481504403132
35.65462042001101
36.73218768645808
30.13600484850594
30.29779750055989
25.53563191590250
24.16370797581323
35.60960156748748
36.43195862155505
54.50876747260595
53.75134011444101
43.07000153192613
42.68111213339531
41.26011290348573
39.56255797725462
30.81553435359986
29.98982118367522
27.05703513073092
27.75248189560385
26.89262915926206
25.63760906416780
27.53541554590108
27.03413746908765
20.86297667001098
18.41226171483101
17.00792042653596
40.34641710507105
37.43658214443368
37.05299344570506
29.51365425446301
29.82821783422999
32.15782953060982
31.43377728162676
26.40739029357959
21.47660718225033
19.35130069416348
19.76409919267969
24.06427887344576
26.42163030311655
29.93435655003609
28.93543370727678
25.83428768972359
24.30122741588698
25.86662395902509
25.40399501887382
26.62655851192029
27.11896482773028
24.47442546979358
20.82654097980959
16.26099778543368
18.46428154080176
21.47848769409915
20.46957708707713
16.22973995165251
19.30355737221353
19.99507897830399
17.81387974806066
12.54046864466284
7.34724485241989
8.92585357072833
6.97867917860227
4.82373505069764
8.56838189655825
10.26499028176567
13.22744022554205
7.54838162114995
7.50211981209181
8.40044375957388
6.11300691673500
8.36071328835130
11.69535351569333
8.33047449134693
2.17411834849905
0.76226516576303
-1.85387897166775
-0.55688912146402
3.01251232183665
2.15621075513316
0.81051844323772
-6.98132526670840
-3.90871053236762
-2.94791464145798
-3.90613067249548
-1.39894715417450
-3.67263448648226
-5.89403827969954
-7.34096404201720
-13.03122239237047
-8.38051934471923
-14.57648073165259
-13.93517119419936
-15.55283281012614
-13.70956137059403
-8.91623573974672
-13.74646837216870
-7.17484550798731
-9.66697705196114
16.92401799526836
8.03374271191060
6.38744764918353
5.01256701777063
-0.40739870320084
-6.01595515756730
-4.13874482844575
-3.74956563201391
-5.34240310061755
-15.21400410418997
-11.73762214509488
-5.29856773868502
-0.77311471836991
1.47603036937670
0.67098495360382
6.19905277469314
8.49764019379907
8.08110705971599
11.56131351738224
14.10366613093055
17.95844589932971
18.23833597777985
16.35906039640047
13.04352626160849
14.97341422728978
18.60649749724755
13.80092750749025
12.87615147020798
14.89416750608999
17.97549858492278
17.74987841107538
15.77801448035633
14.43057570348984
14.98292158053625
30.71252434960367
29.87195571283544
29.13565623805746
29.21662232374844
28.75150146245229
28.32251931244883
25.76010355681526
36.76050651519138
35.91691382332310
48.95727134870825
58.49385039158245
57.80223192761267
57.23189386711992
51.17834983438064
49.46418774869701
64.08421432199273
59.93575010722946
56.57522051058667
49.55326617935885
48.17606319842569
47.79718323964623
42.31642759639894
41.72363918406403
43.34022039425366
40.28970730021737
31.70222999151029
28.62320972416991
28.64221274968293
30.34032827052365
32.75143478755654
32.18274935825544
33.42914057267085
35.58463714366026
30.30795058285001
24.60624833616721
27.64766921859438
46.22718663680478
46.30342270135396
44.77789401507090
46.98315418328549
47.66482641989477
37.93808519120429
35.12402214985035
35.75090937953656
33.39731899850224
32.19877093987002
31.04793610546513
32.16135186301249
31.22288207078731
46.03397928644587
39.88655311584440
49.94379710380855
42.01137695162559
52.65119611471583
72.68345391263489
69.21563859191590
61.12158602553448
70.27422595351520
61.02070903068799
77.21389381252793
71.61724542105149
85.18307935791756
77.09393596838474
69.66193316286687
75.48970717120940
68.10829955069340
76.86730694088592
82.68861929146688
96.25197269328446
99.50259429031711
103.05538328708967
114.41678121901411
118.05416793782406
129.80129614386510
129.63376973432227
116.36373962211621
121.91522128967540
122.52587640926895
103.68943015106079
93.65893597161836
96.48762303380433
86.62172911644709
81.90222468224137
97.22429837999340
107.49130679358115
99.75328618337493
88.71496567349507
104.64719819979241
115.14045527170259
116.49735850288971
104.03460576538403
94.98083778690135
88.10283075983111
70.61663236043063
77.57344683422828
84.79022756586113
93.42173712665877
94.01322616267569
96.87723909501744
103.10596002916046
109.84784702441794
98.95215410292128
94.36857525264918
101.07753575157786
92.75032499401031
98.75839057692302
107.48290594032711
111.85745520832833
121.02968193361379
122.68563359918231
123.60219328711750
130.40011198381367
140.65508139963887
140.11214895072783
153.20782393937051
164.01967048347905
159.58774932490948
154.47580529537780
139.08792273525668
123.06139683426551
133.89206045264373
139.14677551558029
140.90334954212511
150.46255915999492
137.40593491648215
138.85050108156466
145.79038518613223
146.09690659077236
154.91644772833098
156.23626742537988
154.65507557734375
140.28084129903684
148.14807557030997
143.54573412868953
153.81377587428466
133.36803259767512
139.65845254748615
140.45118009149965
154.57247749211149
154.71046423504291
151.21695153706241
135.45163109903513
146.76009364171821
150.96005615675560
136.90916329856566
139.38093866593064
141.26797628870736
139.10482893125695
126.98513451153421
140.39413043863550
141.27267902014896
138.65556563804037
147.27811841068311
157.21085203356367
144.61134993193065
125.77844074504026
123.71906969958491
125.76164923003226
126.67724180167708
128.48837473745471
127.26807342075081
139.68835647670770
121.16666704212827
132.45213111920231
131.27779008404656
128.85464095948240
124.54437326072004
128.20688256937186
111.18922834643978
100.14726182301294
109.70087536094361
115.79834879801047
99.45841147712945
103.67212072812163
117.99444491721894
126.24376202634804
113.68685138258537
132.93329266813851
125.50102693079354
128.93835557540541
142.08506709629287
153.24257385676719
132.99217876769592
125.58251701102195
113.05666242138609
102.14903638046796
92.58231637742522
107.08665359634158
98.06739305915072
105.46490821870627
95.56180723527240
107.40989615676202
100.35159393368932
109.83705282430175
100.78855688631010
96.20770373088173
91.69921669029138
99.18426826491054
91.55053508002209
84.84415126514001
77.96326958397763
95.02964674350027
89.49402788988391
95.68073141613509
105.54858051862847
119.76692132421378
135.95232847729750
149.65508726441877
149.74500842726005
138.48357456973292
153.27099454143487
154.34689915239761
156.86308366587329
155.89181961713453
168.04683091112662
159.73914088913526
142.24436643998555
155.67663415893460
153.52942509539380
166.68489321943215
146.61698841751053
145.29756793685772
157.83411103761642
166.01390551041280
178.51921734599208
176.78497857159564
173.73334151560525
182.12425093403101
176.90963944453631
187.39037881164933
183.16238916560926
184.95004723097449
193.31582191240420
197.47101248991490
197.93952819497139
201.12034348906221
206.53165344676847
207.55451532774617
214.75695348310700
216.98988984514921
219.97192856419315
222.85175508400792
224.88395118362001
226.22993630816359
231.09824456046357
233.40535019485731
237.13603719882974
