-10.00000000000000
-8.90000000000000
-7.71000000000000
-5.43900000000000
-5.29510000000000
-2.76559000000000
-3.38903100000000
-3.75012790000000
-2.47511511000000
-3.02760359900000
-2.12484323910000
-2.31235891519000
-2.08112302367100
-1.77301072130390
-1.19570964917351
-2.17613868425616
-1.55852481583054
0.29732766575251
0.56759489917726
-0.48916459074047
-0.44024813166642
-0.99622331849978
-1.69660098664980
1.07305911201518
-0.03424679918634
-1.23082211926770
-1.70773990734093
-0.83696591660684
-1.65326932494616
1.71205760754846
1.84085184679361
1.55676666211425
0.90108999590283
0.01098099631254
-0.99011710331871
-0.69110539298684
-1.42199485368816
-2.27979536831934
-1.65181583148741
-1.28663424833867
-1.45797082350480
-1.71217374115432
-1.44095636703889
-1.59686073033500
-1.33717465730150
-1.20345719157135
3.01688852758579
2.21519967482721
4.19367970734449
3.37431173661004
2.23688056294904
4.11319250665413
3.00187325598872
3.40168593038985
2.86151733735086
2.27536560361578
1.04782904325420
0.14304613892878
1.42874152503590
2.18586737253231
3.36728063527908
1.93055257175117
2.43749731457606
2.19374758311845
2.57437282480660
1.81693554232594
3.23524198809335
2.51171778928402
5.06054601035561
4.55449140932005
2.89904226838805
3.60913804154924
2.64822423739432
2.28340181365489
6.25506163228940
11.22955546906046
10.40659992215441
10.36593992993897
9.22934593694508
9.50641134325057
8.95577020892551
9.66019318803296
9.19417386922967
7.47475648230670
7.82728083407603
7.44455275066843
9.30009747560158
9.27008772804143
9.24307895523728
11.71877105971356
14.04689395374220
21.64220455836798
23.27798410253118
22.75018569227807
20.27516712305026
27.24765041074523
26.12288536967071
25.21059683270364
22.38953714943328
20.85058343448995
18.56552509104095
16.50897258193686
17.05807532374318
17.05226779136886
18.34704101223197
21.41233691100878
22.07110321990790
21.96399289791712
25.56759360812541
27.41083424731287
27.86975082258158
29.38277574032342
43.44449816629108
40.40004834966197
38.26004351469577
40.33403916322619
45.90063524690358
49.01057172221322
49.70951454999190
48.53856309499271
47.88470678549344
45.49623610694410
42.54661249624969
41.29195124662472
37.66275612196225
37.89648050976602
38.20683245878942
36.38614921291048
35.94753429161944
35.25278086245750
33.42750277621175
33.08475249859057
34.97627724873152
33.47864952385837
41.33078457147253
38.99770611432528
36.39793550289274
34.95814195260347
38.96232775734312
41.66609498160881
41.49948548344793
38.54953693510314
38.39458324159283
35.25512491743356
33.32961242569020
29.99665118312118
28.09698606480907
29.08728745832816
27.37855871249534
32.24070284124581
36.31663255712124
36.68496930140912
47.21647237126821
53.89482513414139
53.80534262072726
51.42480835865454
55.98232752278908
55.68409477051017
56.01568529345916
51.81411676411324
54.23270508770192
52.60943457893173
49.34849112103856
45.11364200893470
42.50227780804124
38.95205002723711
36.75684502451340
37.78116052206207
38.20304446985586
36.58274002287028
34.92446602058325
42.33201941852492
39.29881747667243
35.86893572900519
36.38204215610467
32.74383794049421
32.16945414644479
33.55250873180032
31.59725785862029
38.23753207275826
35.51377886548244
32.96240097893420
30.66616088104078
28.69954479293670
31.12959031364303
43.91663128227873
51.92496815405086
54.23247133864577
52.90922420478120
59.81830178430308
61.23647160587277
58.51282444528550
57.56154200075694
57.10538780068126
54.99484902061313
53.79536411855182
56.31582770669664
54.38424493602698
49.54582044242429
51.49123839818186
64.94211455836367
65.74790310252730
64.87311279227457
58.98580151304711
64.18722136174240
57.66849922556816
55.20164930301134
66.58148437271021
71.82333593543919
69.14100234189527
83.32690210770575
81.29421189693517
78.06479070724166
81.55831163651749
80.80248047286575
84.12223242557918
82.41000918302127
79.86900826471916
78.18210743824724
72.46389669442252
69.01750702498026
67.61575632248224
68.35418069023402
70.31876262121062
84.08688635908956
90.67819772318060
99.51037795086255
93.75934015577630
92.08340614019868
87.87506552617882
89.08755897356093
95.87880307620485
95.59092276858436
114.43183049172593
114.48864744255334
109.93978269829802
110.74580442846822
125.97122398562139
129.27410158705925
133.94669142835332
132.25202228551800
128.82682005696620
127.14413805126958
129.92972424614263
127.63675182152836
124.77307663937553
123.29576897543798
122.76619207789417
127.18957287010477
129.87061558309429
166.88355402478487
