-8.00000000000000
-6.60000000000000
-5.74000000000000
-6.06600000000000
-5.45940000000000
-5.91346000000000
-5.92211400000000
-6.42990260000000
-5.68691234000000
-6.11822110600000
-6.40639899540000
-3.26575909586000
-0.93918318627400
-1.34526486764660
-2.41073838088194
-2.46966454279375
-1.52269808851437
-2.37042827966294
-1.53338545169664
-1.88004690652698
-1.19204221587428
-1.47283799428685
-2.12555419485817
-2.41299877537235
-2.67169889783512
-2.80452900805160
-1.52407610724644
-2.17166849652180
-2.25450164686962
-2.52905148218266
0.42385366603561
0.48146829943205
1.03332146948884
2.42998932253996
2.78699039028596
3.10829135125737
3.69746221613163
3.02771599451847
2.22494439506662
1.70244995555996
0.73220496000396
0.15898446400357
-0.95691398239679
-1.56122258415711
-0.40510032574140
-0.16459029316726
-0.94813126385053
0.84668186253452
-0.23798632371893
-0.81418769134704
-0.23276892221234
-1.10949202999110
-0.59854282699199
1.16131145570721
0.64518031013649
1.18066227912284
0.86259605121055
0.47633644608950
-0.17129719851945
-0.85416747866751
-1.46875073080076
-1.22187565772068
0.60031190805139
1.44028071724625
0.39625264552162
0.15662738096946
-0.45903535712748
1.08686817858526
1.07818136072674
0.27036322465406
2.34332690218866
0.90899421196979
0.71809479077281
2.04628531169553
1.34165678052598
1.20749110247338
0.08674199222604
-0.92193220699656
-1.02973898629691
-1.52676508766721
-0.57408857890049
-0.41667972101044
3.02498825109060
2.02248942598154
2.82024048338339
1.93821643504505
3.04439479154054
2.03995531238649
3.53595978114784
3.38236380303306
4.04412742272975
2.43971468045678
3.59574321241110
4.23616889116999
5.51255200205299
3.86129680184769
5.17516712166292
7.05765040949663
7.85188536854697
10.76669683169227
8.89002714852304
7.60102443367074
7.24092199030367
5.81682979127330
6.63514681214597
7.07163213093137
11.36446891783824
14.02802202605441
12.82521982344897
11.44269784110408
10.99842805699367
11.89858525129430
12.80872672616487
15.02785405354838
15.62506864819354
15.96256178337419
16.26630560503677
16.33967504453310
16.30570754007979
19.97513678607181
21.17762310746463
21.05986079671817
19.15387471704635
18.63848724534171
17.27463852080754
18.84717466872679
19.26245720185411
18.83621148166870
19.55259033350183
18.09733130015165
16.98759817013648
22.68883835312283
20.61995451781055
23.45795906602950
21.51216315942655
18.96094684348389
19.46485215913550
21.61836694322195
21.65653024889976
22.89087722400978
22.30178950160881
21.77161055144792
21.09444949630313
19.28500454667282
19.35650409200554
28.32085368280499
26.08876831452449
23.47989148307204
25.73190233476484
22.45871210128836
21.91284089115952
20.72155680204357
25.94940112183921
26.75446100965529
24.07901490868976
22.37111341782079
19.83400207603871
18.85060186843484
17.76554168159135
16.48898751343222
18.44008876208900
17.19607988588010
16.97647189729209
18.97882470756289
18.78094223680660
24.30284801312594
25.57256321181335
26.91530689063201
26.62377620156881
26.96139858141193
23.46525872327074
22.31873285094366
20.68685956584930
20.31817360926437
23.28635624833793
23.95772062350414
25.16194856115373
23.74575370503835
22.47117833453452
21.72406050108107
20.75165445097296
26.57648900587567
27.01884010528811
26.91695609475930
26.22526048528337
34.40273443675503
34.16246099307953
34.24621489377158
33.72159340439443
33.74943406395499
30.57449065755949
29.71704159180354
27.44533743262318
27.70080368936087
28.23072332042478
34.60765098838230
32.64688588954407
33.28219730058967
29.65397757053070
29.38857981347763
29.14972183212987
32.13474964891688
30.72127468402519
46.44914721562267
60.10423249406041
56.69380924465437
52.92442832018894
54.43198548817004
54.98878693935304
53.58990824541774
51.13091742087597
54.01782567878837
53.61604311090954
51.45443879981859
54.40899491983674
54.16809542785307
52.45128588506776
49.50615729656099
53.35554156690489
57.31998741021441
59.18798866919297
56.16918980227367
58.05227082204630
61.44704373984167
63.70233936585750
58.73210542927175
56.55889488634458
57.10300539771013
54.89270485793912
56.50343437214521
54.55309093493069
55.49778184143762
56.24800365729386
53.42320329156448
56.78088296240804
56.30279466616724
56.07251519955052
63.36526367959546
66.92873731163593
71.33586358047233
72.20227722242511
85.78204950018259
89.90384455016434
96.61346009514791
108.25211408563312
115.82690267706982
128.74421240936283
139.46979116842655
143.92281205158389
168.23053084642549
151.90747776178296
147.41672998560466
135.47505698704421
124.62755128833980
113.16479615950583
104.84831654355524
99.06348488919973
97.05713640027976
92.35142276025178
94.51628048422661
99.66465243580396
103.49818719222357
105.44836847300121
111.20353162570109
118.28317846313098
120.85486061681789
121.36937455513609
113.13243709962249
111.01919338966024
109.21727405069421
117.99554664562480
156.19599198106232
