-10.00000000000000
-8.90000000000000
-7.71000000000000
-5.43900000000000
-5.29510000000000
-2.76559000000000
-3.38903100000000
-3.75012790000000
-2.47511511000000
-3.02760359900000
-2.12484323910000
-2.31235891519000
-2.08112302367100
-1.77301072130390
-1.49570964917351
-2.54613868425616
-3.39152481583054
-2.15237233424749
-2.03713510082274
-2.53342159074047
-2.28007943166642
-3.15207148849978
-2.23686433964980
-2.81317790568482
-3.33186011511634
-2.89867410360470
-3.20880669324423
-3.98792602391981
-2.88913342152783
-2.10022007937505
-2.59019807143754
-0.43117826429379
-0.68806043786441
-1.01925439407797
-1.41732895467017
-1.87559605920315
-2.08803645328284
-2.87923280795456
-2.69130952715910
-1.82217857444319
-2.33996071699887
-2.30596464529898
-2.67536818076909
-3.30783136269218
-3.27704822642296
-4.14934340378066
-4.13440906340260
-1.32096815706234
-0.48887134135610
1.56001579277951
1.70401421350156
1.33361279215140
0.60025151293626
2.14022636164263
0.92620372547837
0.03358335293053
-0.46977498236252
0.57720251587373
-0.08051773571364
0.92753403785772
0.83478063407195
-0.24869742933524
-0.42382768640172
-0.88144491776155
-1.59330042598539
-1.33397038338685
-2.00057334504817
-2.60051601054335
-3.44046440948902
-2.19641796854012
0.42322382831390
0.68090144548251
0.51281130093426
1.46153017084083
1.21537715375675
1.39383943838107
0.95445549454297
1.75900994508867
0.78310895057980
0.00479805552182
0.80431824996964
1.12388642497268
1.11149778247541
1.10034800422787
1.39031320380508
1.15128188342457
3.43615369508212
2.59253832557390
3.83328449301651
3.04995604371486
4.14496043934338
2.83046439540904
2.14741795586814
2.53267616028132
1.77940854425319
0.70146768982787
1.83132092084508
1.34818882876058
0.91336994588452
0.22203295129607
-0.10017034383354
-0.89015330945019
-1.60113797850517
-0.14102418065465
2.67307823741081
4.10577041366973
4.39519337230276
3.55567403507248
4.80010663156524
5.22009596840871
5.89808637156784
5.50827773441106
4.65744996096995
3.69170496487296
2.42253446838566
1.48028102154710
0.83225291939239
0.54902762745315
1.09412486470783
0.08471237823705
1.07624114041334
2.56861702637201
8.51175532373481
9.66057979136133
8.89452181222519
7.80506963100267
6.92456266790241
6.83210640111217
7.14889576100095
12.23400618490086
15.11060556641077
17.09954500976970
15.98959050879273
15.49063145791345
18.54156831212211
22.08741148090989
19.57867033281890
18.22080329953701
18.99872296958332
17.49885067262498
21.64896560536248
22.58406904482624
26.72566214034362
25.85309592630925
23.86778633367833
23.28100770031050
26.75290693027945
27.87761623725151
30.08985461352636
31.98086915217372
31.68278223695636
31.31450401326072
33.98305361193465
30.78474825074118
30.50627342566707
31.45564608310036
40.01008147479033
40.40907332731129
41.86816599458016
39.98134939512214
39.08321445560993
41.47489301004894
39.12740370904405
38.61466333813964
37.05319700432567
35.24787730389311
36.72308957350380
42.15078061615342
40.73570255453807
38.86213229908427
39.27591906917583
39.64832716225825
42.08349444603243
42.67514500142919
40.60763050128627
42.34686745115765
42.91218070604188
46.42096263543769
45.97886637189392
46.68097973470454
43.21288176123409
42.39159358511068
44.45243422659961
46.00719080393965
43.60647172354569
40.84582455119112
45.36124209607201
41.62511788646481
38.36260609781833
39.52634548803650
37.57371093923285
40.01633984530957
46.61470586077861
42.25323527470075
38.82791174723067
37.84512057250760
34.46060851525684
39.21454766373116
43.39309289735804
47.05378360762224
43.14840524686002
39.23356472217402
41.31020824995662
48.47918742496095
67.53126868246487
71.47814181421839
107.13032763279656
101.71729486951691
102.54556538256521
102.79100884430869
103.21190795987783
102.19071716389006
97.67164544750105
93.40448090275095
97.36403281247586
115.12762953122827
121.51486657810544
121.66337992029490
118.79704192826541
130.31733773543888
147.58560396189500
146.12704356570552
174.91433920913497
187.02290528822147
202.42061475939931
196.27855328345939
176.25069795511345
166.42562815960213
155.18306534364191
139.46475880927773
154.01828292834995
164.01645463551498
164.41480917196350
163.57332825476715
148.71599542929044
148.14439588636142
165.72995629772529
168.45696066795279
164.71126460115750
157.24013814104174
155.71612432693755
142.14451189424381
153.43006070481943
172.48705463433748
175.83834917090374
176.75451425381337
177.57906282843203
184.12115654558883
186.20904089102996
186.08813680192696
168.17932312173426
172.66139080956086
171.19525172860477
166.77572655574428
163.39815390016986
160.15833851015287
155.44250465913760
150.89825419322383
146.60842877390147
142.54758589651132
138.39282730686020
135.45354457617418
153.40819011855677
163.76737110670109
175.69063399603101
173.12157059642792
173.80941353678512
170.42847218310661
164.58562496479593
160.02706246831633
152.62435622148470
148.16192059933624
142.54572853940260
136.89115568546234
131.10204011691610
130.29183610522449
125.76265249470204
123.18638724523184
120.56774852070866
118.21097366863781
117.58987630177403
115.53088867159663
113.87779980443698
110.39001982399328
101.05101784159396
100.34591605743458
98.91132445169112
98.42019200652202
99.07817280586981
98.87035552528283
101.58331997275457
103.02498797547912
104.72248917793121
105.05024026013808
108.14521623412429
117.13069461071186
123.21762514964067
142.39586263467660
157.85627637120893
163.07064873408805
159.86358386067926
154.47722547461132
154.02950292715019
150.42655263443518
150.68389737099167
144.91550763389253
142.82395687050328
141.74156118345294
138.56740506510766
140.41066455859689
139.26959810273721
136.24263829246348
133.21837446321715
133.29653701689543
130.26688331520589
136.34019498368531
142.90617548531679
172.61555793678511
191.45400214310661
195.10860192879596
194.79774173591636
187.31796756232472
179.98617080609228
171.98755372548305
166.08879835293476
164.97991851764129
170.08192666587718
171.07373399928946
164.96636059936051
162.86972453942448
165.38275208548205
173.64447687693385
175.98002918924050
175.78202627031646
177.40382364328485
177.16344127895638
181.54709715106074
203.89238743595467
199.70314869235921
218.23283382312329
221.00955044081095
232.70859539672986
226.03773585705687
226.13396227135121
224.22056604421607
221.39850943979445
211.25865849581501
200.13279264623353
190.81951338161016
181.63756204344915
174.07380583910424
167.96642525519383
164.06978272967444
160.16280445670699
158.24652401103629
154.02187160993265
149.91968444893939
150.72771600404548
155.25494440364093
173.52944996327685
173.37650496694914
168.53885447025422
163.18496902322880
158.16647212090595
153.14982490881536
147.03484241793382
144.43135817614044
139.18822235852639
134.76940012267374
130.89246011040638
127.70321409936575
125.33289268942919
122.79960342048626
122.91964307843764
121.22767877059388
119.50491089353450
118.55441980418105
116.19897782376295
113.07908004138665
114.27117203724798
113.14405483352319
112.82964935017087
113.24668441515378
113.62201597363841
119.25981437627458
129.03383293864712
143.63044964478240
153.36740468030416
149.63066421227376
144.96759779104639
139.17083801194175
134.85375421074758
130.46837878967284
118.12154091070556
107.60938681963501
97.24844813767152
87.02360332390437
79.12124299151392
71.10911869236254
72.19820682312628
65.87838614081366
60.09054752673229
55.98149277405906
51.98334349665316
47.58500914698784
43.02650823228906
41.02385740906016
37.32147166815414
33.88932450133872
30.70039205120485
29.53035284608436
27.97731756147592
25.57958580532833
22.62162722479550
20.45946450231595
18.31351805208436
16.08216624687592
14.67394962218833
13.50655465996950
11.85589919397255
10.87030927457529
9.28327834711776
7.85495051240599
7.06945546116539
6.56250991504885
6.10625892354397
5.39563303118957
4.55606972807061
3.70046275526355
3.03041647973720
2.52737483176348
3.87463734858713
3.28717361372842
3.15845625235557
3.04261062712002
2.33834956440802
2.60451460796721
2.44406314717049
1.79965683245344
3.81969114920810
4.83772203428729
5.65394983085856
6.18855484777271
7.66969936299543
7.10272942669589
7.49245648402630
7.14321083562367
13.62888975206130
20.46600077685518
26.51940069916966
32.86746062925269
38.08071456632742
36.37264310969469
43.03537879872522
49.53184091885269
55.07865682696742
60.37079114427068
64.13371202984362
69.22034082685926
75.49830674417333
79.84847606975600
82.36362846278041
83.92726561650237
85.13453905485213
86.22108514936693
86.89897663443024
86.10907897098723
85.69817107388850
86.12835396649966
89.81551856984969
91.33396671286472
94.00057004157824
96.10051303742043
95.69046173367839
97.62141556031055
98.45927400427951
99.01334660385156
101.61201194346640
100.35081074911977
102.81572967420780
102.83415670678703
102.35074103610832
105.71566693249750
117.84410023924775
126.45969021532298
150.11372119379070
153.60234907441162
177.14211416697046
172.62790275027339
164.56511247524605
156.10860122772146
148.89774110494932
139.50796699445439
133.55717029500897
123.10145326550808
119.69130793895728
123.32217714506154
132.68995943055540
140.52096348749987
145.76886713874990
157.29198042487491
167.26278238238740
169.63650414414866
172.67285372973379
168.80556835676043
179.32501152108441
178.09251036897595
178.88325933207835
180.29493339887054
181.06544005898351
177.25889605308518
176.33300644777668
191.99970580299902
205.89973522269912
218.30976170042922
210.17878553038628
198.36090697734764
189.02481627961288
180.42233465165160
174.28010118648643
165.95209106783778
158.85688196105400
152.67119376494858
147.30407438845373
142.77366694960836
140.49630025464754
135.84667022918279
130.26200320626452
122.23580288563808
114.71222259707427
104.04100033736684
102.83690030363016
104.65321027326715
110.78788924594045
116.60910032134642
125.04819028921179
162.54337126029060
