-10.00000000000000
-8.70000000000000
-6.83000000000000
-7.14700000000000
-6.83230000000000
-6.44907000000000
-5.20416300000000
-4.68374670000000
-2.81537203000000
-2.13383482700000
-1.92045134430000
-1.92840620987000
-1.93556558888300
-2.94200902999470
-3.14780812699523
-1.23302731429571
1.39027541713386
0.85124787542048
0.56612308787843
-0.09048922090941
-0.08144029881847
-0.37329626893662
-0.93596664204296
-0.14236997783867
-0.62813298005480
-0.76531968204932
-1.18878771384439
-0.16990894245995
-0.25291804821395
-0.82762624339256
-0.84486361905330
-1.86037725714797
3.12566046856683
2.01309442171014
2.01178497953913
1.01060648158522
0.20954583342669
0.88859125008403
0.39973212507562
-0.24024108743194
-0.21621697868875
-0.49459528081987
-0.24513575273788
2.77937782253590
3.10144004028231
1.79129603625408
0.81216643262867
-0.16905021063419
-0.85214518957077
-1.16693067061370
-0.05023760355233
-0.44521384319709
-0.40069245887738
-0.66062321298965
-1.39456089169068
-1.95510480252161
-1.25959432226945
-1.83363489004251
-2.35027140103826
-3.01524426093443
-3.61371983484099
-2.05234785135689
-2.34711306622120
-3.01240175959908
-2.91116158363917
-3.32004542527526
-2.78804088274773
1.39076320552704
2.45168688497434
2.90651819647691
4.11586637682922
4.00427973914629
5.10385176523166
6.39346658870850
5.65411992983765
5.88870793685388
7.49983714316850
8.04985342885165
6.24486808596648
5.12038127736983
9.20834314963285
8.88750883466957
9.59875795120261
8.33888215608235
9.50499394047411
8.05449454642670
7.94904509178403
8.85414058260563
11.16872652434507
10.65185387191056
12.18666848471950
13.86800163624755
13.08120147262280
18.87308132536052
18.28577319282447
17.55719587354202
21.50147628618782
19.95132865756904
19.65619579181214
20.59057621263093
21.53151859136783
21.77836673223105
21.70053005900795
23.33047705310715
28.19742934779644
30.17768641301679
31.35991777171511
35.42392599454360
33.38153339508924
31.94338005558032
29.64904205002228
31.38413784502006
28.14572406051805
26.33115165446624
26.39803648901962
29.65823284011766
32.59240955610589
32.83316860049530
31.74985174044577
31.27486656640119
34.04737990976108
31.74264191878497
32.96837772690647
34.57153995421583
33.41438595879425
35.07294736291482
34.36565262662334
33.92908736396101
31.83617862756491
32.25256076480841
34.12730468832758
36.81457421949482
46.33311679754534
45.09980511779081
54.68982460601173
54.32084214541056
59.48875793086950
94.93988213778256
93.14589392400431
89.03130453160388
90.02817407844350
89.42535667059916
93.28282100353924
96.25453890318532
97.52908501286680
91.47617651158012
91.22855886042211
93.30570297437991
97.87513267694193
106.68761940924773
108.11885746832297
133.30697172149070
147.37627454934162
182.63864709440745
