-10.00000000000000
-8.90000000000000
-7.71000000000000
-5.43900000000000
-5.29510000000000
-2.76559000000000
-3.38903100000000
-3.75012790000000
-2.47511511000000
-3.02760359900000
-2.12484323910000
-2.31235891519000
-2.08112302367100
-1.77301072130390
-1.49570964917351
-2.54613868425616
-3.39152481583054
-2.15237233424749
-2.03713510082274
-2.43342159074047
-1.79007943166642
-1.21107148849978
-0.98996433964980
-1.89096790568482
-1.60187111511634
-2.04168400360470
-2.93751560324423
-2.14376404291981
-1.42938763862783
0.21355112523495
-0.40780398728854
-0.46702358855969
0.07967877029628
-0.72828910673335
-0.15546019606001
-0.23991417645401
-0.91592275880861
1.77566951707225
3.29810256536503
3.86829230882852
2.98146307794567
4.08331677015110
3.67498509313599
3.30748658382239
2.77673792544015
2.19906413289614
1.57915771960653
1.22124194764587
2.39911775288129
2.95920597759316
2.66328537983384
1.29695684185046
1.66726115766541
1.10053504189887
0.19048153770898
-0.22856661606191
1.19429004554428
0.37486104098985
0.83737493689086
-0.04636255679822
-0.44172630111840
0.10244632899344
-0.10779830390590
0.10298152648469
1.49268337383622
2.24341503645260
3.21907353280734
4.19716617952660
2.97744956157394
3.97970460541655
5.28173414487489
7.35356073038741
5.81820465734866
4.53638419161380
6.58274577245242
5.32447119520718
4.29202407568646
3.56282166811781
2.20653950130603
1.48588555117543
3.73729699605789
2.46356729645210
5.81721056680689
5.53548951012620
6.48194055911358
5.03374650320222
4.53037185288200
7.47733466759380
9.72960120083442
8.25664108075098
8.83097697267588
7.44787927540829
6.00309134786746
4.80278221308072
5.42250399177265
4.28025359259538
4.25222823333584
2.92700541000226
2.73430486900203
2.46087438210183
5.11478694389165
5.20330824950248
3.58297742455223
6.12467968209701
4.81221171388731
3.73099054249858
7.05789148824872
6.55210233942385
7.09689210548146
6.18720289493332
5.26848260543999
4.24163434489599
3.21747091040639
3.69572381936575
8.52615143742918
7.37353629368626
5.93618266431763
6.44256439788587
9.09830795809728
8.38847716228755
11.04962944605880
9.84466650145292
11.46019985130763
13.91417986617686
12.92276187955918
13.43048569160326
15.98743712244294
13.98869341019864
15.18982406917878
13.57084166226090
17.41375749603481
19.67238174643133
19.30514357178820
17.27462921460938
17.14716629314844
17.03244966383360
18.62920469745024
25.06628422770522
24.65965580493470
26.39369022444123
27.75432120199710
34.97888908179739
36.68100017361765
34.11290015625589
33.80161014063030
32.62144912656727
31.65930421391054
29.69337379251949
28.92403641326754
28.83163277194079
27.44846949474671
33.10362254527204
31.59326029074484
33.73393426167036
36.26054083550332
39.73448675195299
35.96103807675770
36.76493426908193
44.08844084217373
44.67959675795636
44.51163708216072
44.26047337394466
60.33442603655019
71.20098343289517
64.48088508960566
58.33279658064509
53.89951692258059
56.40956523032253
59.56860870729028
69.61174783656125
76.65057305290512
74.08551574761461
71.87696417285315
73.18926775556784
70.07034098001107
64.36330688200997
71.02697619380896
79.62427857442806
81.86185071698526
83.57566564528675
91.71809908075808
89.74628917268228
92.27166025541406
84.24449422987266
97.12004480688539
123.50804032619686
124.25723629357719
122.93151266421947
122.93836139779752
122.14452525801777
120.13007273221599
110.21706545899438
107.79535891309494
107.01582302178545
106.71424071960692
107.84281664764623
109.65853498288160
109.89268148459345
112.80341333613411
128.42307200252071
128.18076480226864
126.86268832204178
127.47641948983760
127.22877754085384
125.40589978676846
125.36530980809161
121.12877882728245
123.31590094455420
124.48431085009878
127.13587976508890
131.82229178858000
144.64006260972201
147.87605634874981
171.08845071387483
203.97960564248734
