-94.86266453682221
-106.99015903020070
-116.23987423200167
-128.12108890533591
-128.02333427775019
-125.32050916367538
-120.56797408710609
-117.89250808028727
-161.13795292547832
-169.75357023352399
-160.08458265278381
-186.00225354764044
-212.29378858079721
-248.20235015664167
-260.07282787088008
-271.62302406604829
-292.21557501378294
-297.70712656894869
-277.73104774755552
-285.13627112416668
-272.93620200296016
-299.28531249055061
-276.46646622271840
-254.71655237369890
-245.25553760284632
-226.11817870247711
-232.19557659249475
-216.59011646442696
-207.38394290523334
-188.61013791988347
-177.24583716106096
-185.07222472402447
-205.83563286617675
-219.52929794587465
-198.63545497394560
-198.89655308471936
-216.68286121215547
-246.96216812830571
-231.64217867854904
-254.71767214408325
-278.21807029164404
-263.98739802888718
-289.04813513253362
-286.11706179019751
-289.47424804488014
-315.48547222131810
-333.18838732899508
-338.75266970215046
-376.41029897308317
-405.02653179960117
-389.25217846969662
-371.30739458680335
-349.01339623999149
-336.79583983795669
-326.79080156659302
-328.77164576085943
-353.18262634708532
-343.32544950909653
-365.07559317861194
-350.42608974552252
-319.87397891444175
-325.67979058535360
-332.51780885851161
-309.73554184550227
-285.97683789168480
-290.58604069826060
-307.76074820071921
-288.80131160366238
-300.24720424447787
-275.40802246659496
-271.95919933010032
-253.99786680158994
-234.38609178192880
-258.64547623595104
-305.09707054729006
-329.51388787862186
-314.21803599186222
-316.86099310038657
-327.94804901243378
-300.30645459050754
-279.99440845612605
-261.31904410074230
-243.13510044547746
-235.37196470219155
-238.33628349626395
-246.22533980744032
-231.46618236010426
-215.40088518760189
-199.28073095108471
-188.30967205090931
-177.24464844118032
-165.31338066446716
-151.74651752583006
-142.45597847929801
-143.11596513551149
-136.55277947547830
-128.20202090073775
-120.82257822617250
-131.19399741768842
-137.35147217049970
-129.93332786960914
-124.16723508017185
-115.56014622739211
-102.65893467881887
-117.12352073301673
-122.76023710572288
-119.41983474252785
-115.17247224723671
-114.67907644473078
-118.81694590189370
-109.80607472349256
-104.77121630927678
-129.10465361203813
-133.96823755920272
-123.95809732746302
-115.04942329422464
-114.93671860035045
-102.20249611967009
-119.19635938373293
-140.81878622978365
-131.64644826743208
-125.34296348528967
-119.25935982975973
-115.17044525933602
-130.90576718963700
-115.45217383567791
-122.21435980572301
-121.26097937795213
-109.93011427009607
-117.44297105260284
-116.79713307297385
-113.43806265751778
-103.17737453213550
-127.78975886080022
-146.79615624614041
-130.67896224263842
-118.12726152364250
-109.05712277104620
-101.91498021613296
-98.08404390385888
-91.68093605138273
-121.40049067695385
-110.27025821902502
-98.42194912120033
-133.03727329685532
-132.65874284697702
-115.06142771774886
-109.95382920608583
-123.98840700959499
-120.84283867601796
-124.61524172292684
-143.98703146471979
-135.43946549939963
-147.70450412450526
-182.99941032434066
-163.25261076910056
-198.80793716792596
-204.36644638497384
-209.28247213398035
-215.51109915618494
-191.78586170416591
-205.40877546534023
-195.21860880054533
-202.48520670561865
-200.45171704210574
-199.66180018009553
-216.47633264919540
-212.29119165655982
-199.40971142801465
-215.33182193084488
-222.83036960187709
-229.42302340745206
-207.71183059475675
-209.86137305465161
-183.35398412468749
-166.13086341069680
-170.89430521273169
-168.38717091308172
-176.20828684248931
-168.82289226377497
-160.26852431447631
-152.21806743652027
-175.02722848807065
-169.43836879813566
-172.15904776914482
-167.01374204255353
-149.08434281159884
-134.46805418136125
-117.28878535602227
-108.29241752487420
-97.24293152677683
-89.34181642381337
-86.30282024837229
-81.33706348411378
-71.53273739038463
-67.43212122184715
-64.75716832210938
-72.13850066731618
-70.59155202383320
-62.21542623584384
-58.11891195326168
-57.22717774722157
-66.91159767222825
-67.89469333719580
-67.85241837234322
-103.43279437577040
-102.71163340595858
-98.09076995134298
-97.95156947932129
-112.49606620195132
-115.29788714673677
-131.14226797441717
-151.44758767714325
-159.62511102869414
-164.10539383952400
-161.40474113704349
-154.06031970677836
-149.22320824058204
-150.67133191735371
-144.17462973993366
-140.28040486246712
-134.47903717314674
-128.57112661823467
-121.01971781796449
-109.95964285964340
-102.06288218741689
-92.94488233354150
-90.32422082932813
-84.71884909470255
-73.96197269483280
-70.88055484546534
-69.94821528596063
-64.73613185664146
-61.64505732824139
-52.04925831142680
-45.28713848173332
-40.27386811416887
-36.03180857009846
-32.76092655612912
-26.45153037275777
-44.01287376196188
-36.02401291331326
-35.31977784688063
-28.89273870622349
-24.06279893133702
-20.81762775956484
-38.84727645421354
-34.09653207172984
-29.98258001133843
-26.93375859027177
-30.14571771665852
-35.47203070917202
-48.22003856699549
-43.36074458622897
-46.29571413758617
-45.00392549869397
-40.91410672661628
-34.85177806277628
-26.89423579754511
-16.52750607698159
-12.12454435535856
-7.38873969128291
-5.84139906070182
-5.94778618397525
-8.20493712391260
2.93300376331740
4.24889702136190
2.63260307106675
6.79659460183489
22.52756779938505
23.69457076701680
28.44776711684981
26.55806127998414
28.54497685278712
27.54762404421938
25.12002304963778
15.42183106099812
9.28379895508447
4.22400851299796
-0.17971967924182
-4.14283161588860
-5.92372463938043
-8.84463258641472
-13.59073369515669
-15.81850383615329
-18.47533876506846
-23.60510667711397
-26.11065943863970
-31.94930537045516
-32.23842369004088
-38.25760613471247
-34.66577655872410
-30.18619947854529
-30.80636095627207
-40.10880799423018
-40.13371901008252
-44.75716342446788
-45.71153761827633
-48.62499686507195
-45.34392824249277
-42.65000651537264
-43.86719834010557
-46.57036777888720
-45.86023743602787
-46.97863506543605
-42.80287973719589
-41.78350567438901
-43.26208140719955
-44.55040944019071
-39.26992738424316
-35.29953283628215
-37.00888340661103
-42.55783723840501
-38.91071881765453
-40.45221902453545
-40.91062486767705
-37.86208296980045
-37.98468530228875
-38.17326677815426
-41.81852637587636
-44.10332747035499
-41.37147178317002
-37.75655274028416
-38.23832778495088
-40.77169006981677
-41.63745963641770
-36.57920278642857
-30.95019234597780
-34.72668581164420
-28.87647101042231
-24.16379997907004
-29.97013569878888
-29.86528551502914
-33.34804064529808
-34.25262610708290
-33.79440265082309
-26.54210108546632
-29.56061724722730
-27.03810761830031
-25.02966268546712
-19.97374512819682
-13.44532664100115
-9.99081710924370
-14.73190982198769
-17.07679028115148
-13.86787524849249
-12.38499256484836
-14.86935408146805
-12.13353296591287
-7.98013305700066
-10.73112265604091
-8.56685285777096
-8.81558597516467
-11.24571704977100
-10.98137430756663
-9.46439070789300
-11.77077170084322
-10.81400129959388
-7.90092293782868
-9.34197979100633
-12.70967800249268
-11.24285142157382
-10.00572291434409
-9.42168678955145
-7.89774226807248
-9.72385863905212
-6.21056563888521
-4.12474585847338
-5.96360059858851
-4.04968321831994
-6.99265775249763
-4.38738389982229
-1.48809971133784
-1.07765169303527
-1.24920040176748
2.57529599844637
1.04203769473549
5.11477918730127
3.69622257084305
5.00502275457485
5.05652675496721
3.98262617174265
1.65169081546282
4.82841605411930
3.18356497854395
2.24023073439782
3.22987104936957
4.17938474713693
2.37270999534180
-2.91392837534795
-2.16182858085906
-5.57137607229156
-0.95848809005525
2.26089445726052
-12.60007200457690
-12.84498932387080
-12.59377333737045
-10.12051366056904
-6.23426947445322
-3.59953171589045
-2.25219879293271
-6.27827366511557
-6.10849830489772
-9.02225056621089
1.76333214695767
9.85653963818733
21.24777300979521
25.87365075735414
19.55614644096618
24.86871697770007
23.73701328347360
22.79024505638522
23.07543833857222
20.78613723559159
5.58388847095425
0.08396718916116
-30.78753552908501
-118.51515783803445
-157.73669443888113
-183.60259040270748
-198.41851790615459
-211.75949685198128
-218.45942415371260
-233.69051896623066
-245.42244171703425
-246.68820140796032
-244.04367746319858
-237.02515484108301
-230.09212583633138
-225.51130024447519
-212.12612516026027
-189.08437355566105
-171.98045918675029
-165.63729762766943
-146.44353453138464
-130.49899015962356
-115.48023299172138
-101.53128984949953
-87.78918405544768
-74.36890975985857
-63.11028565409813
-53.79705057378319
-48.62197189515072
-41.79117675019098
-38.40427091631570
-29.37398913331636
-24.34487224826701
-18.90360451046349
-13.22713174813690
-11.68329933865025
-10.05997116639539
0.28418718246500
1.95404448588345
2.22231550686796
0.76684460901829
1.41916590159650
0.42396030039698
2.06484644583846
4.13536047701194
6.05896031246043
6.14266426991068
5.83073396470893
6.00699093272760
4.39069041628296
-19.41490177807041
-13.39165551877015
-6.13954331205873
-5.11160743110960
3.25654454763830
6.38010289008888
-15.08844687782312
11.44261011381639
11.79830746057016
31.29620441494461
28.30236806205670
23.04202900406082
22.71798540914209
25.98251979677110
15.42308590495389
10.42381538372469
11.85856744779310
16.75707026078059
17.99133682289062
19.18331066629067
20.28866275219455
20.49382647656212
20.72367283489609
21.19910919471586
1.82853552560982
4.86616453425905
8.23611601815143
7.70267285463402
29.71329958661612
23.97074718259397
18.42297344685345
23.85298152005073
21.88160893073682
18.01061276129863
40.61577947828177
31.98216915336926
22.68268953941575
17.55724228495485
11.01851218110391
11.69878924089650
6.38131191396774
2.47600806127233
1.90916662450732
-3.02945639251180
-9.91021344302264
-3.93331011740026
-10.83380841818292
-12.03774935723572
-12.60628525321946
-14.09984158582325
-16.22819500500434
-18.08548783259369
-20.47340007800183
-26.72848692856589
-22.32696297838521
0.67758090078167
-0.96038341464735
-5.02097566123840
-14.04593397129307
-23.93799743973684
-15.00654177752521
-18.09465966895700
-24.04858546041248
1.00348967208037
-5.21990469311566
-6.73567772188207
-5.72603424753682
-7.71162489473238
-2.56228453571142
-6.03049129971174
-4.23282801515863
-5.58545565504916
-7.02262324015475
-7.71287878204594
-11.73795833756140
-8.53207939706830
-3.05759460057294
-2.33212929674428
-2.01217102406720
-4.85135589630849
-0.68585331193055
-0.92710588187806
1.34714371906339
5.79849387660305
10.47237857347999
11.44197106223246
13.28262459357605
14.70733907750393
7.98124559049458
8.29501235632476
7.71047623653117
7.31853351881698
5.70252707917644
4.20211306805128
3.96021503526603
4.75054261385856
0.37709829129622
3.65677764393260
4.46462095277298
8.56365702808413
13.79380867849002
14.55551579909435
22.44395920833177
25.29730031053085
22.01739330761583
23.35795176233654
25.71683409604061
30.05891598036508
27.33396020230046
33.32486846409515
26.72388654386890
26.38675931831975
24.27703856544387
24.56782930683290
29.37215515553595
29.21371236569317
27.01389916859999
29.88100502976759
27.51854988763999
31.37565303329237
31.43417604943732
30.84574556793226
38.67576340709329
43.63462398163114
40.85606408631440
44.81968130700247
47.88808643146338
46.89856808183389
47.48890597178995
48.00160490670282
46.88834678617574
47.13373760700257
46.40442145360360
48.04576195036250
43.29475620396769
40.69204142469092
38.63881097791398
37.90666117412864
38.51999315522784
38.78465261806313
35.48389534355060
31.04928133363657
34.90848555044502
35.17117125719915
36.32258477035054
35.60102930590089
32.48316021992959
32.53260854924081
32.53587282012845
32.10085003071359
31.06392553989971
31.64370022245799
31.14372520519696
34.06758891534090
30.85893914343159
26.24861013333099
23.46102091544245
28.47925995541112
28.52346101787333
33.23023796429118
35.17338389531747
36.93409614092445
40.59987125284782
33.70313266479049
45.58065909736766
46.91710300525946
50.27893562594701
48.67187592705162
50.86197596386891
54.92660008456255
56.80431194264182
62.32052825549265
69.66130817854271
71.00735748010254
68.92854521861116
75.29984419339577
80.12234482034322
76.55433579133745
77.70123885725170
80.59438108262729
85.29122798929021
91.67945676419353
86.95933376251081
89.74144100050601
83.55260649915891
87.38458436409883
83.65002857619712
80.70593553654184
85.34439063836341
75.25909230575878
77.78787471946177
81.09956696905414
89.00022684005845
87.21714887312083
81.58780630333140
78.34346548786380
74.23689377897551
79.75809365968561
77.18184175114632
80.63154100099702
85.43693553249072
86.92134655779907
82.52872329175230
89.30755176986153
91.62519566149088
93.37278838203677
97.68549691249324
97.94744086350806
100.81631338182018
106.68608761177606
107.69865806973142
110.06393812230365
114.36387385549970
115.90894424966135
118.99646716152176
122.05929474768644
123.24582068648888
126.75585407951897
117.85841759134979
116.51615321932880
115.97056476163391
122.44217318898890
124.78597532467018
107.85641935725323
112.52838399489586
114.85914622309183
118.58601860861476
118.01563946375849
122.82834848118105
125.07113971961699
130.50245648150818
127.33342477605366
127.05659591281670
120.89151245018917
119.19621697602739
117.38154361630744
121.59207859061561
126.99733602566066
129.32857391773067
131.10671840611980
137.47877273948347
139.63967577807284
139.26992595879832
140.85098473793809
131.54823715377356
132.17321794087653
114.07207444878985
113.72462817530898
113.11192155433021
114.52742725707185
101.06058074383628
89.27289196068271
98.87264990163908
113.28695314198308
128.32522347063224
141.86843544528421
153.08492291361381
167.14002867086057
154.05836454820539
146.45592167937738
136.85443077287914
155.47628877157115
168.48709825083390
156.45737013257624
143.46461425414549
130.77285751112538
122.11890817573887
113.21079124498317
104.61656414888168
98.84324312514217
92.79325875583186
86.59764474587878
75.19078015816702
71.72158206542326
66.71865961854755
64.69943518380346
60.10015645735091
53.70104826158716
76.35513833175865
74.69934886281719
71.35645819753550
66.21799312355168
82.52774996779502
80.86727854157226
75.45771400031566
71.79515330788222
66.65812667436717
64.65753553622989
61.00941073239048
54.02417998404294
54.32721796876585
53.48129275213083
53.78463804717191
50.94248417807376
49.37647761122211
73.21006805329577
65.35994698471698
63.95139917470578
60.29973481711207
50.25445281711179
73.67099857405472
71.83521263002027
89.89238092458697
86.41267229984487
81.35002859851139
72.08819553244247
69.32937466821569
82.99623196384289
80.94105692306078
79.22286661907685
72.75527777684971
68.86965924451864
68.28859076403202
64.11673467189800
81.66407225295781
74.87618292058434
98.85196856300234
115.62763116167400
128.81361814105310
86.42657250519895
96.65345937411067
101.58782799982298
112.82182197293143
131.38124167697725
112.28649678991925
100.13055202448002
112.43460410801309
126.60983946365482
139.26380840145177
121.43321250695860
134.42946396093055
123.73543583072758
110.02834227512504
120.79782221609129
112.18580567087197
129.48587742533573
115.36660751724425
125.47242411556564
126.22363383928722
116.75807763991126
133.79313079841626
124.12566770486048
97.70922965790685
91.88073005694741
53.43651516337445
45.35426254434786
42.07969393130227
62.64450446303188
36.66988038949683
59.72855197776355
79.28680066646046
103.01489591845578
121.89644391602005
107.36238644060477
99.48556711013431
98.15037943171140
93.50057753992647
115.03065633264355
107.27435663962670
103.01680350703684
97.74598864310060
108.55056457171150
103.04774261030725
97.55868920459334
91.11981334670897
87.24594144004217
83.16268275120869
79.26851277660521
97.03963731842796
95.06732649637296
88.22863194252471
83.83787386772863
79.56299347219957
96.06524641726122
89.51868145074864
108.01745624204602
100.28378432714939
119.43261939276317
112.89439409156350
107.16532007571470
125.78523520644796
140.86039828306414
130.64074966062003
144.21583934393888
154.82548975257689
165.35517597841442
177.07735143798718
163.66373447277402
148.82571094894965
137.64766124684087
126.08837718858695
115.09668211632687
103.57212473649143
97.35326141925952
115.96045325127520
131.42507200974703
123.83518660698688
114.16816232767405
130.38913452886354
144.54948600382502
135.98564855343523
151.73058386064397
160.59030345784004
147.45112448876711
138.58637688769954
149.80877330546767
164.67361217943599
175.67599554358094
161.66320134341072
175.18316091283017
185.72313247105330
196.07511318777051
178.52026695328087
185.98600998029229
193.93221941056026
203.18558773316622
182.90096829415378
165.58236685042246
154.88292355426151
141.91868656065603
154.70846671645859
144.52434764276907
155.73377930357907
168.48289385022630
157.48578822766271
168.22815979696804
154.89778697309549
165.15528691179702
153.25051510497647
164.87851868346812
151.26659643689553
140.72743581257095
128.21056329621217
115.70557409935728
109.85002985681795
130.03590465465089
141.28288541762024
156.54638225354950
142.57701375808708
125.07487138387361
140.59588096013889
152.68905191142397
140.78663224241092
150.96850529150140
164.44347989501404
176.52133273955201
161.91709682471500
170.72027489519999
156.59138485086800
165.36405347717107
174.89614977587414
185.77125047094410
171.54901278309973
159.05601452444273
147.01450848911847
136.45140248680678
147.84503315837594
162.31796860324289
176.94294172098722
180.76057709342987
191.21399584099117
176.20202023313769
162.15013281979017
171.43816291005504
158.63971484529975
149.61798478717677
160.75524063561397
148.23797831909295
134.58366644530710
146.68833666665310
159.67807315598372
168.80937363705817
155.53096740264084
165.15921447648256
150.21432955232370
164.47412643145162
175.49562324302610
162.05474592650563
145.25929518528790
157.43845162649075
164.34561302290101
152.54369265234433
163.82967031898471
149.78812699332187
160.62727551567937
148.91131719033913
164.44981185245618
148.91452257498099
137.03530507265143
126.20255353349086
116.92975697855701
132.41171380947767
146.64134491704198
137.92438554408037
151.13850557806688
166.52956516627995
152.19907429329044
143.99036532390858
132.12197100040066
121.40779844045873
112.30805968826017
105.45317978509135
115.55067107863086
132.53232017762281
146.57492132857627
134.83369075247541
146.05310118833478
132.72704353616223
124.03325918790911
138.99448360169976
150.73953424227147
163.38534352278614
173.64884403893871
182.07775371301415
188.26338440969911
195.65423785331464
202.24184918880411
210.17055328305776
213.57107868968762
219.42616077830505
220.67650133294180
225.49369503029456
230.06911990355570
230.79525386072308
231.40551180370426
233.99649462143111
237.42690124795959
217.44377242540781
219.79095606808897
226.19087416505235
210.91498170495191
214.35765056691986
219.08324250110024
228.17545834579113
