-106.08522699776964
-107.23158314615050
-108.78931395290086
-148.25695806185030
-169.41666131062502
-204.11747292590030
-201.04024513817802
-240.63492779429811
-263.69393351404358
-247.79149548481556
-262.89013098649889
-243.29525679454611
-238.28041990158155
-215.77185898292547
-195.87647696096428
-190.70991884585729
-197.04893510417489
-198.31483794340917
-193.63606562065996
-191.08788365585684
-180.82625688391946
-182.02585309342675
-180.59894095510813
-174.84518806600147
-166.45605470223535
-160.11039958045387
-155.69938281331000
-153.28509526447914
-173.67632149449642
-168.55526956587721
-165.80374387014220
-159.81988118572895
-160.00412261162774
-165.83870223848527
-164.44663694975199
-159.80052936247040
-172.96511288388027
-167.16891665075340
-153.27459436202369
-153.43972550794459
-150.68651998570729
-148.88407214397100
-146.91632479657062
-148.89868229692340
-148.41321102046894
-146.38399882984456
-141.63927140148664
-139.66250615007490
-143.94650455407719
-146.83646983938110
-143.22490593741549
-139.08726894183656
-138.39386680161024
-139.40973901661877
-136.79560505759076
-136.28774375983994
-142.81060939841277
-138.40826187782059
-151.40334324952741
-135.06192274186429
-123.45702076922663
-139.32361855309779
-138.72206982588779
-154.81802610179327
-159.26978703892320
-157.11120717472153
-171.58164304746373
-174.82332407573165
-165.21600518566993
-160.42421538245711
-157.20946053520120
-153.76138714124104
-150.05390319744606
-165.21739690913341
-150.44913812761769
-147.51931961471010
-159.80471251795848
-155.17510819268210
-149.92948757949051
-153.01519976585024
-151.88323471604929
-155.02874781327924
-150.52074043222339
-146.72457422252756
-142.82904594378695
-140.30875866704693
-150.75731040760812
-149.84721961308912
-147.05233784299591
-141.13763431571093
-142.82751409381038
-145.76316418138924
-143.09696853656880
-147.11741966018923
-146.36374795344983
-137.80935253281598
-133.86769366044459
-127.85550381632690
-127.97201048361677
-170.56590021155492
-177.08849261462822
-178.75631767742235
-176.04504431108859
-169.80995877236631
-165.01645497471452
-161.81537151228383
-157.62456153320858
-154.43342222499007
-154.60343609423470
-152.35485929419534
-153.58664333070283
-149.70421358240492
-146.14690052648584
-138.48129400978428
-133.02360456467576
-141.77316604969039
-147.39394489698512
-147.79910616386982
-146.94979130773186
-144.22231471199478
-140.81427694778444
-130.93638661741485
-136.23338843307178
-141.27239641447534
-146.41183442188895
-149.25318496140073
-142.87388948018858
-140.80388500399889
-139.02612169175512
-154.76913815507950
-163.78079250766916
-174.78253029964563
-203.19555359978563
-215.74498094430515
-219.49176876942792
-229.07295095543765
-225.94593734734684
-215.71527782512621
-221.53618374973718
-208.86980410682781
-209.30609079682597
-195.59340058322772
-186.19881754135815
-194.72969824766986
-190.38080613140727
-187.12602255599469
-183.12673970297624
-185.64360996963433
-178.90707343707646
-166.86607930463390
-154.71285573918249
-151.37641504771162
-154.43704631075465
-163.43050381961706
-173.04096041911984
-165.35599823447660
-160.75943892875677
-152.55759204573781
-150.36547699288639
-146.66455823323321
-144.62278349613408
-139.80219726777727
-141.37449884795626
-130.50902501489148
-123.75804561611005
-121.89064370362382
-118.74295557416374
-114.08801481793888
-111.23569436115740
-114.77948256015000
-114.01879071642236
-110.25749868048270
-111.04263515119406
-104.25107081170151
-99.03771661440305
-95.62948666288219
-94.35234907283672
-109.46047667992097
-107.44981109151797
-101.54633986848177
-97.57094281035955
-93.55387538714739
-90.96298257985694
-81.37460604993140
-76.20657834252550
-67.61522408617404
-69.69243280980754
-77.21688428314890
-92.00415780050881
-99.01883923204038
-95.19983187167649
-108.33134615678621
-110.82200146401242
-108.78993671748117
-120.99354626587470
-125.55360013503523
-137.79615961691024
-144.59507324785386
-144.01863792854468
-132.42293939410527
-136.31500270613262
-143.61090539807634
-133.29626253865376
-131.05593472822420
-120.41707412180304
-130.90793168625058
-141.17528553565745
-159.67216020635516
-168.93028903415188
-154.46975044317517
-142.71831443824797
-139.95534515729338
-165.06641635541004
-163.87159609799644
-187.90133659381240
-193.73039015365006
-193.25702687526382
-188.26213167178733
-177.13199535264337
-172.48851321054210
-176.03002794034538
-169.71686065402341
-164.30111266080678
-173.74574185852424
-172.32762256812541
-195.02548801061641
-177.51130652748586
-192.17468716863584
-156.07277721488066
-185.10198052198993
-167.75863594293571
-175.65990309508283
-181.89941604445244
-174.92336140570785
-174.12804776514403
-170.42088617540196
-179.53441869780016
-158.80071335428806
-146.23107334579748
-146.30180095818983
-130.91446583074242
-140.53000532647403
-129.78781154763118
-156.94501622109107
-161.07048013078941
-142.82231497062631
-143.12011522533405
-130.90594379398090
-95.94287762490484
-86.93577461446412
-99.62620662888845
-119.21638841526389
-134.20072878580658
-129.93613954911652
-146.07718698985067
-129.09751469876002
-136.95755692363042
-129.90899486166217
-129.83961204590446
-114.88942589763170
-105.39296965087800
-101.17458411866924
-113.82811587714758
-115.73295572940599
-111.88118186394223
-82.54081862298607
-71.16348841029763
-91.86841454754662
-97.25484907961790
-109.75890508710998
-109.55229469346804
-112.89808803838305
-141.85248754019966
-143.68521651963184
-156.64690806921601
-148.50323479965610
-149.33412199289344
-150.30217105768367
-134.73963423154621
-137.76948536721085
-144.18661172677108
-143.07673439413358
-143.29642175038217
-145.98679429368781
-134.73379937718414
-105.17105742887478
-111.83060815608877
-127.77768982566579
-129.47624629847780
-125.74412632667402
-133.83665557161373
-96.06931830070928
-88.42692169238475
-78.53591079622691
-72.71282703269465
-69.66994550612363
-35.31890629683085
-8.15909641935446
-2.39770408055398
-3.36799593328875
-21.26875587943332
-16.63261744470127
-22.40286157448283
-23.36865568509969
-22.15835531332541
-22.16274726536705
-20.96616178410905
-31.65214109585705
-33.03142320873970
-38.23985997997396
-36.87079862515899
-30.10708094197431
-30.25055158988696
-28.49918852876334
-28.71257056715378
-35.09593609597277
-29.84421954763684
-30.34028411079321
-27.23481436735763
2.97545904203385
1.55469953572361
3.13803391421478
5.48418516049085
7.73736984920812
2.98695851673437
3.93772568887608
5.02584356915449
6.15360245024799
7.08629047907239
3.67087137299684
-0.51136151740541
-16.91635415296209
-14.88804231535426
-7.57224837245131
18.40728193791210
21.47739770731744
22.30968101645980
45.43544660355303
44.04890356182742
41.63643445674459
33.45747283098653
29.96765308603127
20.09686972679831
19.39157253131212
20.49011002861216
17.69440166733912
36.28753278867529
35.91898948095587
27.48225718362812
24.23087146365353
18.93711717948603
14.61860390693180
-10.00591610963020
-9.90910582268290
-13.20710197334245
-14.39144863262561
-13.13425475705221
-14.95129184822015
-15.76184219547465
-20.19988002640473
-24.62057810791882
-28.74274546088794
-55.23944989260078
-59.59027316471834
-56.15137159459024
-52.57068238279273
-47.02350732335315
-44.74566971298505
-42.70793214823322
-39.32314609418322
-38.13909802771479
-37.76497538185013
-33.51979541743297
-35.62318795695707
-39.00555506716720
-39.08929149432520
-37.66644168492427
-39.42526349009820
-35.73483277831043
-36.44441558326726
-34.01931897157694
-31.80497303694806
-36.73888045123234
-35.51194886096541
-32.98736335264590
-29.45870504173492
-6.45009170314595
-8.62737685141021
-7.80825510960373
-9.49553603302123
-4.69493111451696
-7.25948258033834
-9.80390085542362
-9.50323339329253
-9.92382573596096
-8.43584579976969
-8.69696195269223
-6.68110712481100
-5.70015409161119
-7.57570716081416
-20.69592439139427
-21.26484881874783
-20.63609022143160
-15.98416857968673
-17.02491491857596
10.96615262291849
35.43198244669632
59.00313101115695
56.30148919926542
73.18577588746146
88.51106125322993
110.39576497221925
97.44691841309354
83.61472299853280
98.30005037564278
114.24539412485807
100.69060102720537
94.75073407939976
109.61847597003451
100.98583131185754
90.66654580034941
109.75698941828065
100.02086285589557
81.05714465879058
99.58573614236171
89.83703856760854
85.17801350753938
102.96722320629337
81.52167557613058
96.95687335806366
84.68625787241623
104.07346191760649
83.70221491336372
95.08248570778112
81.11557479443151
95.97551028439008
103.83498694268745
114.18861640523978
127.21151097799176
117.19671368503931
128.68862156373785
112.75874139495585
90.53038412442362
104.07266971899931
93.78902543673578
65.87751631982897
84.98445929865599
67.18760161534718
49.49662286707505
37.91132018024098
57.89193601122633
46.25396085824820
63.79043231231975
60.67501967626198
73.45599293274137
59.65323410122264
82.37527331263919
92.59125882286502
76.24818534797852
61.02365644171770
48.42175218261189
46.69793552679504
39.63800364266889
30.86357596073378
23.79607992051817
22.18644139956423
19.97727600052794
18.93614963018818
19.45587366708967
19.67082711674812
18.79269411530335
38.97809672696916
33.91761435218508
28.77504040597146
22.43474039437984
19.42611090083126
19.69100025473631
18.01202974961497
13.36870165640164
9.33370212303025
10.51902110639174
10.11114576711094
-6.35555538824888
-17.20936266912447
-16.67223415938664
-17.33441953646069
-18.66063220392792
7.22576271337029
7.00358142049660
8.15890281125206
9.86471877485784
0.76096373306776
1.50712253326382
3.66654896952316
27.40162004297833
47.98609116591726
38.48581052321384
35.21106019735229
28.44803032335542
24.44587494603308
43.27799057952605
39.83980027180738
63.54378989047433
58.72787943378167
41.13645343389138
21.17672326651581
-9.08082717022608
-17.87773585169885
-51.80578015267149
-68.46470584318145
-67.83229250529989
-74.98741253039877
-76.26666950687262
-80.54524263829715
-88.48629077914534
-88.00357904997391
-105.03812414980655
-78.37672752111251
-88.72353148584179
-99.07556665511679
-103.84880030945965
-101.21644180874188
-95.74849914418196
-98.23837042613414
-106.01873476541834
-116.67847451432168
-77.93297593355193
-100.74147102516892
-92.25299592304602
-104.34058030136364
-68.25950456678002
-39.16596231487438
-13.08573954579513
-13.31244261508134
4.75107184189554
-25.74094046131990
-5.89544039627464
-5.20820281799428
-38.66965576691233
-55.55986417865405
-88.10803378800661
-58.35549756019343
-92.60140328052540
-131.02206075144861
-145.15957073950813
-135.07088503221996
-135.61720011208809
-134.22042000136560
-122.53022561088127
-89.48782655568944
-128.65387366990572
-150.75607599464212
-140.56576796570636
-178.65302804262552
-161.75701805437527
-154.92703115536597
-166.32673680645411
-182.40962833043923
-158.51874645184827
-146.81971398095158
-141.39798124458179
-164.04217782363881
-128.33585297715084
-149.73471237620487
-154.14459747709446
-114.94303380851571
-154.18254422034104
-114.88715646104592
-102.26877016625642
-68.67507028132256
-75.96358962410312
-63.59123753326696
-62.36540749130421
-52.34077723916408
-48.43097161311690
-66.49075358775686
-44.13899390735401
-43.37600418973871
-12.22741610627509
-13.95484652061544
-12.94988596974519
-9.74210092906343
-15.63112217126260
-21.98023868089671
-32.59798477969363
-46.71613355268384
-54.11173413497045
-80.09270717396802
-73.21935372538208
-87.07429125500612
-90.16486496447155
-106.00031582873697
-131.23901236673353
-139.67624693673076
-130.26320189457857
-168.62816861640229
-200.95740683328296
-208.08225832254652
-216.12579421197609
-229.70710516635569
-252.93866544920738
-251.06835738928120
-245.80384198766592
-271.04128050887590
-266.43862400346700
-244.69248296319398
-260.64959394451682
-250.99605586025589
-258.65535408144780
-243.47791470615550
-228.82431692406942
-213.93813741752467
-201.88562587857186
-186.21055538933297
-167.54579868551414
-167.87122698163719
-158.98788857983274
-119.31004299812957
-84.21952744324919
-52.54227309938360
-21.53170990392781
-22.31941592771229
3.64594912619842
28.84729837549473
55.75409100837544
70.55026557046131
86.87732749178625
81.08603760084168
96.19091913454315
117.25669283008834
129.03004011448658
111.95343001931678
94.79829410471278
103.99814140248617
90.87733003132261
106.42944527625897
89.90770227218349
76.73272881279013
49.79290028554674
42.76521381516822
39.42096328053145
34.73887235634609
31.55203982056466
28.30645108887943
23.48070415250424
24.33397417861316
24.98290908487308
23.03472197440629
17.14691641127857
16.70085421182816
18.97595384025936
0.56531105203332
26.77941418877323
24.02099025115723
17.24076796266611
15.18256812540666
9.77625451867781
5.54133387080915
27.89912966210876
51.71831242764503
65.67583212814986
84.78775908920485
96.94320742136455
112.52080273442516
92.74827886065613
79.06030701745426
73.61138545433805
91.95175326204111
84.13978212203902
76.13795977278528
74.66504646327056
63.79202316754290
81.80523682083782
70.60733521438613
45.70760242309451
36.52376894863644
26.00499809708344
38.25794574619700
21.37750986162215
39.46662400846276
19.83787563546062
11.08184997291098
33.01137097901024
13.83805106206805
4.96603215415193
28.10929567793295
52.39867155736812
71.12088356968135
69.84275457748086
60.10777694884148
37.82205640657909
27.70018306455927
13.04800140694204
9.09327148254791
25.21370757557391
48.26059714499522
67.53671408536235
80.14982668532267
90.89549054500840
107.38276847797039
95.71019340631267
84.72011244897071
100.01877269807608
116.07513158265546
126.86848403726981
137.70382360389806
144.64604233550273
132.07852406674414
145.52496112134671
157.78397215776977
159.55521689762540
147.36731676504479
138.01197792362606
149.88851635730566
163.05865030788533
171.85847032895930
184.10559524856359
196.00206087863737
203.91657575908840
184.59318930953975
164.26826640045118
174.37936481836203
162.99084580228759
175.83006527955473
187.64868299023760
197.48994977966936
206.65532533941774
213.70425303591099
222.18357500176307
196.30068441694729
199.43068939266814
192.66756826096321
169.25453319426117
151.09221099277318
131.97027960804169
112.66363843460059
98.59787397029505
85.10886466520252
100.67852387000492
112.01106098475208
120.39585329465892
91.14855565617913
77.54776774555474
88.06380664445336
66.98048284526186
72.80548974137841
56.77917932333428
43.27633147603886
28.64992962318499
41.02149811713727
27.92322609480831
16.67469446534939
4.83879719842425
16.33124878779071
3.71906409257555
-4.85150026911649
-11.91996436130455
-9.49462980391498
9.29844790754249
19.40203400844396
13.70872987987995
10.06793320721189
5.06605313742136
1.23918888875840
22.14827540284077
24.55717237029329
49.75076656774936
45.04610241056751
41.29000716626072
58.08939669947456
76.58621917391083
69.58787313927270
63.50652766199460
52.29018429373777
41.24789313676552
58.04848753445198
53.79903713994376
72.84843909414857
88.52627936321576
100.94396620686358
84.07515991280830
75.60821298712591
88.77346038968081
100.08444106079530
96.34610687538594
87.32630558185907
94.30532647858053
91.26946130757671
93.38921049788765
78.46857244804642
94.15529042479996
84.26291306603017
99.18022583863734
84.90778290564968
78.50003305008741
95.94997017291993
110.21853770530501
123.74712223140072
138.06572382740410
127.32996787057897
139.52270997705642
154.39247672805195
142.39141178104961
151.35256724138901
161.94447639986595
170.16416560269465
179.92792361136895
186.23071089531092
164.70901469363997
150.83205969982359
161.14457783808103
146.04188881307712
135.26894396700322
152.62177642556381
161.80772558408168
169.31525668022482
173.64448852836890
183.95029356379436
192.18426926147856
189.76127255647614
192.88846175853573
167.82113827334501
149.67452125858810
152.75443363855231
164.08478931048950
172.19495338494389
182.24704286802546
165.37128828987017
174.44674578334588
177.28083128831750
182.42907785253141
192.98102024977356
173.34751232818030
179.50094546200464
178.45257946463872
163.15844385463771
172.28619638380366
159.77713770839284
146.72037203915471
133.14757717979194
122.92901408840223
109.42170675643564
126.32212472802250
135.83449008822723
124.69308526663767
105.59285053702082
94.91261104493657
110.89502681961616
97.88426690773922
87.66156496794142
78.47301559978074
68.90162843310944
62.88497795523961
60.13400329207558
75.04866383514531
98.19112711732363
110.08848917109503
124.88838879962947
132.91725046794625
121.56046837295476
111.16441461859748
104.26676243989813
124.40720290406944
115.02405270311363
90.18072331109785
104.52688967293814
101.39715533166499
114.34759701245419
124.63247789263133
135.89067645841490
151.91590154768821
163.30510635734731
176.73716734910352
189.82088084019705
191.98451779472455
171.66036787832570
160.42037210277476
147.97298943848094
160.96930333445312
169.62290760983078
180.60294833076142
162.80142650830192
163.69624495193662
174.25923552930610
185.66027658824714
171.03586708665316
172.06640810665837
174.23349125406395
178.22182742172447
177.16818143248554
161.44738937869514
167.45193023572230
174.39895652018609
182.97513258162004
190.73544239267090
170.95525957247628
151.40178314054467
135.51198856009236
148.87564371722809
158.98534165930519
169.87049896861157
176.40793649493276
182.60376002118241
186.95163295345500
166.67135335513834
149.85030562609643
158.69905970043726
168.97416245977257
154.03999876068556
136.60133965694277
145.10819268863233
130.88335465549386
140.62080659849639
128.61919025680206
141.03738623287231
131.01123560529408
143.98607525900053
131.17552365620014
144.14482932126430
127.85446766539214
118.07013472374095
109.55805351125971
123.01373724280565
109.39429539521288
97.14042971541505
112.62393022014935
120.22485430093820
111.89451561885792
122.23729375418148
114.56468906070754
106.22526592096031
97.81452643012553
90.55671559436138
84.32413882584412
79.90089867424177
72.52814500861822
91.84385007246824
108.93966236448682
125.76472267432598
116.40971635267488
105.10540184482490
98.47413120425999
114.50434535084156
127.15198458838033
118.12338135456967
102.30038290434962
95.77250241340271
112.15798511745945
100.59806222159330
89.33793772698870
107.41897888016013
91.79623281178145
110.12670152501494
103.62361454582962
111.35697396739526
100.40653000248282
91.20092151525546
79.28233435392228
74.57729177563512
92.60025250235287
101.50695791669253
82.77906540409950
100.78888556571346
113.24669829309542
120.83396712308725
129.42423875204406
109.82643128368240
103.28192432669917
89.20237402656988
100.81187960126353
95.11918204079116
106.82668083409057
120.52505526673013
100.97800014397649
120.07267650773304
128.04468751279433
120.18096994723153
115.10606090985227
104.04291264336636
94.53625980052297
88.45995466249512
76.14928929404432
95.21589453063677
86.96823828286601
106.37222465769723
97.15005169687817
114.57839158439155
109.34520549116509
120.27462235938073
134.43703438723037
147.84249513027225
157.47569027262625
165.95138637366517
173.63078816766625
185.28057293722858
167.96733965937335
152.70596013346787
159.90309829710850
170.96758270451005
184.42817770520136
190.65722902886736
196.36079974122680
178.20781910411938
162.31542859149704
172.02034393824380
154.03523818787093
165.08982310809887
152.67021620813361
160.32220577196671
147.00317963522019
157.34563598213148
140.40936671532143
152.71763825142062
138.25434221916404
150.77803276841357
163.10434084082024
172.30481971044750
178.92170178391609
189.42556779734468
193.44850505718077
175.14038569823296
182.29582372079176
191.38198622339394
195.59063814155806
199.77503706048799
206.36843125897795
209.74440501036008
216.49379708876049
224.58096435973161
225.82065020854955
227.35075505253400
232.22813688397028
235.10929610190701
209.94467088467098
191.70723409105841
195.82510939339056
199.74847671530085
174.66751769022915
184.05372889655160
192.02581075045111
