-10.00000000000000
-8.90000000000000
-7.71000000000000
-5.43900000000000
-5.29510000000000
-2.76559000000000
-3.38903100000000
-3.75012790000000
-2.47511511000000
-3.02760359900000
-2.12484323910000
-2.31235891519000
-2.08112302367100
-1.77301072130390
-1.49570964917351
-2.54613868425616
-3.39152481583054
-2.15237233424749
-2.03713510082274
-2.53342159074047
-2.28007943166642
-3.15207148849978
-2.23686433964980
-2.81317790568482
-3.33186011511634
-2.89867410360470
-3.20880669324423
-3.98792602391981
-2.88913342152783
-2.10022007937505
-2.59019807143754
-0.43117826429379
-0.68806043786441
1.18074560592203
0.66267104532983
1.19640394079685
0.57676354671716
0.31908719204545
-0.71282152715910
0.25846062555681
1.03261456300113
0.32935310670102
-0.80358220396909
-1.62322398357218
0.33909841478504
-0.69481142669346
1.77466971597588
1.39720274437830
0.35748246994047
-0.27826577705358
-0.15043919934822
0.56460472058660
1.30814424852794
0.67732982367515
-0.49040315869237
-0.14136284282313
-0.32722655854082
-0.99450390268674
0.20494648758194
-0.01554816117626
-0.81399334505863
0.86740598944723
1.18066539050251
-0.03740114854774
-0.23366103369297
-0.31029493032367
-1.27926543729130
-0.35133889356217
0.78379499579404
-0.09458450378536
0.41487394659318
1.27338655193386
1.54604789674047
1.09144310706643
3.38229879635978
2.04406891672380
0.93966202505142
0.44569582254628
-0.69887375970835
-1.62898638373751
-2.76608774536376
-1.88947897082738
1.69946892625535
0.92952203362982
0.43656983026684
0.59291284724015
1.83362156251614
3.05025940626452
2.64523346563807
2.88071011907426
1.69263910716684
2.42337519645015
2.78103767680514
3.20293390912463
2.08264051821216
1.67437646639095
0.90693881975185
1.71624493777667
0.84462044399900
0.36015839959910
0.12414255963919
1.51172830367527
0.76055547330774
0.18449992597697
5.86604993337927
5.27944494004135
6.75150044603721
6.47635040143349
6.02871536129014
5.22584382516113
6.50325944264501
4.55293349838051
3.69764014854246
4.22787613368822
4.90508852031939
3.51457966828746
2.26312170145871
1.63680953131284
1.37312857818156
1.83581572036340
2.65223414832706
1.78701073349435
1.40830966014492
2.26747869413043
1.34073082471738
2.80665774224565
3.02599196802108
6.12339277121897
10.21105349409708
9.08994814468737
9.48095333021863
7.73285799719677
10.85957219747710
11.17361497772939
9.45625347995645
10.91062813196081
11.01956531876473
10.01760878688825
11.21584790819943
8.99426311737949
7.69483680564154
6.92535312507738
11.53281781256965
9.77953603131268
10.10158242818141
8.19142418536327
9.67228176682695
9.20505359014425
7.38454823112983
6.74609340801684
5.37148406721516
5.83433566049364
4.55090209444428
4.59581188499985
5.63623069649987
6.37260762684988
7.23534686416489
11.01181217774840
12.01063095997356
10.90956786397621
10.91861107757859
12.32674996982073
9.99407497283866
11.79466747555479
9.81520072799931
8.43368065519938
6.79031258967944
6.11128133071150
7.20015319764035
7.28013787787631
6.55212409008868
8.49691168107981
8.74722051297183
7.17249846167465
6.25524861550718
5.72972375395647
5.25675137856082
4.43107624070474
3.68796861663426
3.01917175497084
3.51725457947375
4.96552912152638
7.16897620937374
6.35207858843637
11.81687072959273
10.33518365663346
12.50166529097011
11.65149876187310
10.58634888568579
12.22771399711721
12.90494259740549
11.41444833766494
11.67300350389845
13.20570315350860
19.28513283815774
16.95661955434197
15.46095759890777
13.81486183901700
15.13337565511529
18.12003808960377
15.80803428064339
14.12723085257905
12.51450776732115
22.46305699058903
22.51675129153013
21.56507616237712
19.40856854613941
23.76771169152547
24.29094052237292
26.96184647013563
25.66566182312206
22.99909564080986
21.39918607672887
19.05926746905599
18.65334072215039
17.78800664993535
16.70920598494181
14.83828538644763
14.55445684780287
17.39901116302259
17.35911004672033
21.22319904204830
19.00087913784347
23.90079122405912
27.51071210165321
25.65964089148789
27.39367680233910
24.95430912210519
34.65887820989467
36.59299038890521
38.23369135001469
34.41032221501322
30.16928999351190
30.45236099416071
31.70712489474464
32.23641240527018
29.61277116474317
29.45149404826885
33.90634464344196
32.51571017909777
33.16413916118799
29.74772524506919
27.47295272056227
35.12565744850605
37.81309170365545
35.13178253328990
33.21860427996091
28.99674385196483
25.89706946676834
23.70736252009151
21.73662626808236
22.66296364127412
22.19666727714671
31.17700054943204
29.45930049448884
31.41337044503996
30.47203340053596
28.82483006048237
25.44234705443413
30.89811234899072
41.60830111409165
42.24747100268249
44.12272390241424
46.41045151217282
51.36940636095554
47.83246572485999
44.44921915237398
45.30429723713659
50.47386751342294
60.82648076208064
76.04383268587257
68.53944941728531
75.78550447555679
81.70695402800112
92.33625862520101
98.70263276268091
94.63236948641281
92.86913253777153
99.68221928399439
100.41399735559496
95.97259762003546
98.67533785803191
100.20780407222873
97.28702366500585
100.25832129850527
102.53248916865473
93.57924025178926
96.42131622661034
88.27918460394932
82.95126614355439
102.05613952919896
98.55052557627907
105.59547301865118
94.93592571678607
99.84233314510747
94.95809983059672
103.36228984753706
109.02606086278335
117.72345477650501
138.25110929885452
143.82599836896907
151.54339853207216
176.18905867886497
177.67015281097846
191.00313752988060
195.40282377689255
197.56254139920333
205.40628725928300
209.66565853335473
197.99909268001926
180.89918341201732
169.00926507081559
161.70833856373403
162.93750470736063
159.44375423662459
151.89937881296214
141.80944093166593
135.92849683849934
133.63564715464940
127.47208243918448
123.72487419526603
114.05238677573942
108.24714809816548
100.32243328834895
92.19018995951406
88.77117096356265
90.99405386720639
93.29464848048576
88.56518363243718
91.30866526919345
106.97779874227410
121.08001886804669
146.97201698124201
149.57481528311783
152.61733375480605
149.75560037932547
162.78004034139292
163.60203630725363
157.74183267652828
151.86764940887545
147.58088446798791
158.72279602118914
165.15051641907024
169.83546477716322
172.45191829944690
163.00672646950224
153.20605382255201
147.68544844029682
144.21690359626714
140.59521323664043
147.53569191297640
154.68212272167878
181.01391044951092
186.11251940455981
188.40126746410382
178.16114071769343
173.74502664592410
181.87052398133170
207.58347158319853
206.32512442487868
189.09261198239082
170.38335078415173
156.74501570573656
149.67051413516290
134.20346272164662
120.28311644948195
109.45480480453377
107.40932432408040
97.36839189167236
96.83155270250514
95.54839743225463
86.59355768902917
80.83420192012626
76.05078172811363
69.44570355530227
64.40113319977205
58.76101987979484
59.58491789181537
53.22642610263383
56.10378349237045
65.09340514313341
81.38406462882007
81.04565816593806
94.74109234934426
96.26698311440984
96.94028480296886
95.84625632267198
88.76163069040479
83.68546762136431
86.71692085922788
90.24522877330510
94.92070589597459
99.42863530637713
114.08577177573943
115.47719459816548
116.62947513834894
121.36652762451405
135.52987486206266
144.37688737585640
179.93919863827077
