-8.00000000000000
-6.70000000000000
-6.63000000000000
-6.16700000000000
-5.35030000000000
-5.81527000000000
-5.83374300000000
-6.35036870000000
-5.61533183000000
-6.05379864700000
-5.74841878230000
-3.67357690407000
-3.70621921366300
-1.13559729229670
-2.22203756306703
-2.49983380676033
-2.04985042608430
-3.04486538347587
-3.84037884512828
-3.35634096061545
-2.52070686455391
-3.26863617809852
-3.74177256028866
-3.96759530425980
-4.67083577383382
-1.30375219645044
-1.07337697680539
-1.46603927912485
-1.71943535121237
-2.64749181609113
-2.98274263448202
-2.28446837103382
-2.55602153393044
-2.10041938053739
-2.49037744248365
-2.64133969823529
-2.77720572841176
-2.79948515557058
-2.61953664001352
-2.95758297601217
-3.36182467841096
-3.52564221056986
-3.87307798951287
-3.98577019056159
-3.38719317150543
-1.54847385435489
-1.69362646891940
-1.92426382202746
-1.83183743982471
-1.74865369584224
0.52621167374198
-0.02640949363221
-0.42376854426899
-1.18139168984209
-1.26325252085788
0.26307273122790
-0.46323454189489
-0.21691108770540
3.50478002106514
2.85430201895863
6.46887181706277
5.02198463535649
5.71978617182084
4.74780755463876
3.77302679917488
2.89572411925739
2.40615170733165
1.26553653659849
0.63898288293864
3.77508459464478
2.39757613518030
2.45781852166227
1.71203666949604
0.84083300254644
0.15674970229179
-0.85892526793739
-0.97303274114365
-1.77572946702928
1.00184347967365
0.00165913170628
-0.69850678146435
-1.52865610331791
-1.97579049298612
-1.67821144368751
-2.11039029931876
1.30064873061312
0.37058385755181
-0.46647452820337
0.78017292461696
0.90215563215527
1.61194006893974
0.75074606204577
1.17567145584119
3.25810431025707
4.73229387923136
6.05906449130823
6.05315804217741
9.84784223795967
7.96305801416370
7.46675221274733
6.32007699147260
5.68806929232534
4.61926236309280
2.95733612678352
3.36160251410517
4.82544226269465
3.94289803642519
2.64860823278267
2.38374740950440
3.84537266855396
3.66083540169857
4.39475186152871
3.05527667537584
2.14974900783826
1.03477410705443
0.33129669634899
0.89816702671409
1.80835032404268
0.52751529163841
-0.42523623752543
-1.38271261377289
-2.04444135239560
-1.83999721715604
-0.85599749544043
-1.57039774589639
-2.41335797130675
-2.87202217417608
-3.78481995675847
-3.90633796108262
-2.41570416497436
-2.77413374847692
-0.79672037362923
-0.91704833626631
-1.92534350263968
-2.53280915237571
-0.87952823713814
-0.39157541342432
-0.15241787208189
-0.03717608487370
-0.43345847638633
-0.39011262874770
1.04889863412707
0.64400877071436
-0.52039210635707
0.03164710427863
2.32848239385077
1.89563415446569
1.10607073901912
0.39546366511721
1.25591729860549
4.83032556874494
3.44729301187045
2.10256371068340
0.79230733961506
1.01307660565356
1.71176894508820
2.44059205057938
1.69653284552144
1.02687956096930
2.82419160487237
3.94177244438513
3.44759519994662
2.70283567995196
1.63255211195676
1.46929690076109
1.02236721068498
0.02013048961648
2.01811744065483
5.91630569658935
4.82467512693041
4.64220761423737
8.57798685281364
8.02018816753227
6.81816935077905
6.93635241570114
5.54271717413103
4.28844545671793
3.75960091104613
2.48364081994152
3.83527673794737
2.85174906415263
2.06657415773737
2.25991674196363
1.33392506776727
0.90053256099054
-0.18952069510851
0.62943137440234
0.36648823696210
2.52983941326589
2.27685547193930
1.74916992474537
1.27425293227084
5.64682763904375
5.38214487513938
4.54393038762544
5.98953734886290
4.69058361397661
3.22152525257895
5.09937272732105
3.98943545458895
2.79049190913005
2.11144271821705
2.60029844639534
2.64026860175581
2.07624174158023
3.06861756742221
2.56175581067998
5.20558022961199
9.88502220665079
10.39651998598571
9.05686798738714
9.05118118864843
9.04606306978358
8.74145676280522
7.86731108652470
11.28057997787223
9.65252198008501
8.28726978207651
6.95854280386886
5.66268852348197
4.09641967113377
4.88677770402040
4.99809993361836
5.69828994025652
4.62846094623087
3.16561485160778
6.34905336644700
5.01414802980230
5.01273322682207
6.21145990413987
5.19031391372588
9.67128252235329
13.30415427011796
12.17373884310617
10.25636495879555
11.23072846291600
10.00765561662440
9.00689005496196
7.40620104946576
7.36558094451919
10.32902285006727
8.39612056506054
7.15650850855449
7.24085765769904
5.51677189192914
4.56509470273622
4.90858523246260
10.81772670921634
9.13595403829471
8.72235863446524
6.65012277101871
6.28511049391684
6.85659944452516
5.77093950007264
7.99384555006538
6.79446099505884
6.11501489555296
4.50351340599766
5.05316206539790
4.64784585885811
3.98306127297229
3.48475514567507
2.43627963110756
2.79265166799680
1.51338650119712
1.76204785107741
4.18584306596967
3.46725875937270
2.82053288343543
5.73847959509189
5.16463163558270
4.84816847202443
6.26335162482199
5.43701646233979
5.49331481610581
7.04398333449523
6.13958500104571
4.52562650094114
8.17306385084702
8.45575746576232
8.21018171918609
6.98916354726748
5.99024719254073
7.09122247328666
6.68210022595799
10.01389020336219
11.41250118302597
11.97125106472338
10.37412595825104
13.43671336242594
12.89304202618334
13.20373782356501
19.08336404120851
18.57502763708766
16.51752487337889
15.66577238604100
14.19919514743690
12.27927563269321
10.95134806942389
9.55621326248150
7.60059193623335
7.24053274261002
8.51647946834902
9.16483152151411
8.24834836936270
7.92351353242643
10.93116217918379
12.83804596126541
12.25424136513887
10.62881722862498
10.76593550576249
11.18934195518624
10.07040775966761
8.86336698370085
12.87703028533077
13.08932725679769
16.18039453111792
20.76235507800613
17.98611957020552
15.58750761318497
14.22875685186647
17.00588116667983
17.70529305001185
16.73476374501066
17.76128737050960
15.98515863345864
14.68664277011277
13.01797849310150
13.11618064379135
13.60456257941222
13.04410632147099
12.23969568932390
10.41572612039151
10.07415350835235
11.76673815751712
17.49006434176541
17.34105790758887
18.20695211682998
19.98625690514698
23.18763121463229
21.46886809316906
19.52198128385215
17.96978315546693
19.67280483992024
17.60552435592822
18.14497192033540
15.53047472830186
13.67742725547167
13.20968452992451
11.48871607693206
10.53984446923885
9.88586002231497
10.29727402008347
10.06754661807512
9.26079195626761
9.63471276064085
11.37124148457676
14.93411733611909
13.84070560250718
12.05663504225646
12.95097153803081
11.35587438422773
10.02028694580496
9.11825825122446
10.20643242610202
9.18578918349182
8.36721026514263
8.53048923862837
7.37744031476553
6.03969628328898
7.53572665496008
8.38215398946408
12.74393859051767
14.86954473146590
12.88259025831931
16.49433123248738
14.74489810923865
13.47040829831478
12.92336746848330
13.93103072163497
16.13792764947148
14.32413488452433
13.09172139607190
13.38254925646471
11.64429433081824
12.17986489773642
10.36187840796277
11.62569056716650
11.76312151044985
12.78680935940487
13.30812842346438
15.17731558111794
15.75958402300615
14.68362562070554
18.71526305863498
19.04373675277148
17.73936307749434
21.46542676974490
19.21888409277041
16.59699568349337
15.53729611514403
16.08356650362963
14.67520985326667
16.10768886794000
17.29691998114600
20.96722798303140
23.87050518472826
21.38345466625543
19.44510919962989
20.00059827966690
17.50053845170021
19.35048460653019
19.01543614587717
22.01389253128946
21.81250327816051
21.43125295034446
18.88812765531002
19.19931488977902
19.47938340080112
18.03144506072100
19.82830055464891
21.04547049918401
22.84092344926561
21.05683110433905
26.05114799390515
27.74603319451463
26.27142987506317
28.54428688755686
31.68985819880117
30.62087237892106
32.55878514102895
32.10290662692606
29.39261596423345
31.85335436781011
29.16801893102910
29.35121703792619
27.21609533413357
26.59448580072021
24.43503722064819
22.89153349858337
20.20238014872504
24.88214213385253
22.19392792046728
23.07453512842056
23.56708161557850
20.51037345402065
25.05933610861859
23.35340249775673
26.01806224798106
30.31625602318295
28.88463042086466
34.89616737877819
31.60655064090038
32.04589557681034
30.74130601912930
37.36717541721637
34.43045787549473
39.18741208794526
41.16867087915074
37.35180379123566
40.91662341211210
42.12496107090089
38.51246496381081
33.76121846742973
34.88509662068675
35.59658695861808
41.03692826275627
45.53323543648064
44.17991189283259
50.66192070354933
51.69572863319440
48.52615576987496
47.47354019288746
48.42618617359872
45.38356755623885
44.04521080061497
44.74068972055348
40.36662074849813
46.02995867364832
41.12696280628349
39.41426652565514
41.17283987308963
43.35555588578067
41.82000029720260
49.43800026748235
48.49420024073412
44.04478021666070
41.44030219499463
36.99627197549517
36.29664477794565
37.56698030015109
46.31028227013598
43.07925404312238
38.77132863881015
40.59419577492913
38.93477619743622
49.64129857769260
46.37716871992335
45.23945184793102
47.71550666313792
42.74395599682412
43.86956039714170
42.88260435742753
44.39434392168478
39.85490952951630
39.36941857656467
37.03247671890821
35.52922904701739
38.77630614231565
36.89867552808408
41.10880797527567
37.19792717774811
34.27813445997330
32.05032101397597
30.54528891257838
44.99076002132054
39.49168401918849
37.54251561726964
32.78826405554268
28.80943764998842
29.02849388498958
25.12564449649062
30.81308004684156
35.73177204215740
32.85859483794167
29.37273535414750
34.63546181873275
37.17191563685948
33.75472407317353
30.27925166585618
27.55132649927056
30.29619384934351
26.76657446440916
23.58991701796824
25.43092531617141
30.98783278455427
28.48904950609885
25.34014455548896
29.50613009994007
27.55551708994606
28.19996538095145
34.47996884285631
32.83197195857068
42.14877476271361
46.63389728644226
53.47050755779803
59.02345680201822
53.42111112181640
54.27900000963476
56.85110000867129
64.56599000780416
68.60939100702375
66.84845190632137
60.36360671568924
61.92724604412032
70.93452143970829
75.64106929573747
77.07696236616373
72.96926612954735
74.47233951659261
73.52510556493336
66.57259500844003
62.01533550759603
71.61380195683644
79.35242176115280
99.91717958503752
91.02546162653375
87.82291546388039
89.34062391749235
88.20656152574311
80.58590537316880
74.62731483585192
66.26458335226673
59.63812501704005
70.17431251533606
77.25688126380246
69.13119313742220
61.81807382367998
55.33626644131198
73.50263979718079
85.15237581746271
85.23713823571644
101.81342441214480
93.13208197093032
100.71887377383729
98.54698639645356
112.29228775680821
125.86305898112738
136.47675308301464
142.72907777471318
142.65616999724185
134.89055299751766
157.00149769776590
168.20134792798933
163.08121313519038
150.57309182167137
152.61578263950423
164.55420437555381
177.09878393799843
176.58890554419858
173.33001498977873
166.49701349080087
174.34731214172078
167.91258092754870
184.02132283479384
194.41919055131447
187.57727149618302
193.91954434656472
192.72758991190824
180.75483092071744
175.47934782864570
167.63141304578113
162.26827174120302
160.94144456708273
155.64730011037446
167.08257009933700
200.37431308940330
