-106.08522699776964
-107.23158314615050
-108.78931395290086
-148.51161073487339
-195.97650043365519
-230.69335694169445
-263.21647598979359
-301.36819326888434
-340.94015740416171
-365.96948433255977
-433.65396816708267
-400.77816301713580
-390.45887942554054
-406.35671404500761
-427.40811837295132
-452.97632389780733
-444.07518802319419
-523.40717484598304
-576.72839447223691
-580.33083840232723
-608.55251701397606
-565.58283626902403
-555.62189040666112
-613.09736654138180
-624.42731348668781
-624.76089815148930
-629.04497388090613
-630.37884490177544
-662.71273243028077
-657.56018015007021
-662.49580020823248
-654.06718442819533
-615.29502924317137
-645.49489017918563
-640.60511300503038
-641.49302803183377
-670.25321089948807
-673.53833320571857
-700.79699198675132
-664.38498260406698
-802.44699107513270
-783.93487037469811
-776.52781806038695
-791.49726101457270
-766.23886287827872
-750.95344246680384
-718.80768703503588
-648.72712358266836
-636.80600052042269
-627.12788756793384
-575.97919433261632
-535.78133870822580
-501.83274158946369
-496.57392379733136
-483.54045915920773
-458.91498506417958
-420.87922269464002
-415.58054926768546
-400.84829642978951
-414.44813637239525
-416.37112338947031
-388.74023667815061
-360.85906383952039
-337.17874878299119
-344.69769512464507
-329.45015798317922
-306.10143855481095
-294.26781943129799
-270.26348218505177
-252.79742499350706
-237.47373301615482
-224.84405608940304
-269.69491149641715
-296.54174364370249
-298.29005400527012
-285.74236411032422
-265.81424905450569
-251.22204628443956
-255.98589115761678
-252.89908717327322
-246.18062365749839
-224.46648541722396
-230.00294861424300
-210.15337393622562
-188.76645326203513
-172.57640892743183
-162.54574228590008
-178.35924356451102
-207.85146239755755
-196.97772558507990
-236.18988196620597
-266.56283492382977
-255.96624696501013
-268.37671018063651
-250.58767196574428
-239.07669897258589
-218.40266963330342
-206.33473356590247
-193.87175809127243
-171.56010883673801
-172.90239561661781
-153.77767989600110
-160.51251017999434
-154.34988363397406
-156.03949844349691
-152.63995492360104
-147.74711949521816
-146.29545782313903
-140.54409129032126
-139.47505392757100
-138.72254034049737
-135.44246210138999
-121.90803179042014
-108.98049834267096
-117.74079211396523
-118.36062027690619
-123.48695313741371
-122.92070506166026
-120.23402788219268
-122.11903686765027
-131.11993347887554
-116.48738030710578
-112.59108930775514
-119.91749203014555
-124.31106250492265
-125.16446019260076
-135.48500284985482
-143.15772409791299
-139.47891851567940
-136.67478815263465
-140.25540860888162
-134.97805139364527
-132.52253272843288
-129.75952872194591
-129.05508541100042
-130.78017654373920
-129.57713788347746
-136.34121719943386
-141.61706013755818
-134.63951109148991
-134.12865729266514
-134.07110693776926
-134.98090204656833
-141.62375077682577
-138.27712998538516
-134.73807565025419
-130.39786748422250
-130.54545804206577
-129.23113496049248
-136.28738952950488
-134.49439162412594
-133.23545039414813
-146.04425724706059
-147.84708158637352
-146.06859738880112
-144.00256163751354
-144.70847271494353
-143.27429570008215
-151.70814825964726
-156.32540217133558
-150.46598300995603
-144.55319935697537
-153.10527927442996
-149.32429571535505
-142.17532198394375
-134.95034405321553
-128.90343499580874
-129.88337627674687
-119.97733173606855
-112.77369490794830
-106.44378351003532
-113.87812339933575
-117.38308549394995
-111.63615608193669
-109.38762485586409
-112.74359705592559
-111.17575670814874
-114.30043916216721
-112.31122623018706
-128.27477754940645
-139.71016715568786
-137.49808800293070
-138.40653050725643
-140.13823827645402
-151.48845443088754
-154.07120392068103
-160.91634997051648
-182.20357698411129
-176.84513294818532
-171.43464823548265
-201.31911561177151
-197.79969471506669
-189.50843426452815
-188.69010957041530
-195.73467482715685
-220.21935471674908
-206.77764870810964
-200.51621934896141
-187.64435340207422
-194.74912827196951
-192.28855828149432
-190.42830623129996
-181.54056492925054
-174.15601824040345
-181.29377701657867
-172.91424209827596
-171.78128562352921
-168.55050424271744
-162.48817007405984
-156.32048400644152
-156.17266791330115
-154.51218575168659
-153.45954764418158
-149.57063964260638
-146.06270183702009
-141.24771992905676
-140.98478312615319
-140.14555368409785
-138.00362078811995
-152.08556588948812
-152.75834418102500
-136.88017370644579
-134.80677453398513
-129.92043827052132
-128.19350729056484
-123.54155216918166
-118.14417267399310
-114.30343420923371
-111.43334298769055
-108.88400325484669
-114.95152368498363
-118.48858251955001
-125.26601208586737
-125.23240875498890
-120.61227536219249
-116.86876087724548
-113.21992369056720
-111.06422025006262
-106.19142780729437
-103.25111965291924
-102.21104684871523
-103.46941770616088
-102.55046255860860
-105.61613915818879
-108.58476119543951
-108.62098257996271
-102.36044281661924
-100.03977935009382
-99.85814316719126
-87.20287896770830
-113.40575529871880
-111.94807504822491
-112.12489685646588
-119.18572542347923
-109.31036175623409
-110.86422211024939
-101.55282985025498
-75.22863990036242
-79.62244260384520
-69.96620476328620
-77.92276869395845
-84.85026319387498
-104.09835848285641
-112.40447265762381
-105.34577494430444
-116.82081371634629
-107.07722644620490
-113.23951261902047
-105.84320173159730
-99.34584205932347
-86.86436597912891
-78.42102440059968
-98.47778267166754
-89.86235822243911
-82.60188047372442
-77.60369226108804
-76.73992974116452
-68.33262880635546
-70.67176763066921
-67.44840114012347
-62.85698988665904
-61.13035048407995
-55.03915021702975
-46.13169589064572
-48.34329659365386
-34.14569814013304
-32.29114523761987
-32.29025911330573
-44.34660200809611
-58.48611589351140
-73.81320110172356
-80.42263278390342
-76.70332558256611
-71.16970171508514
-66.36915966215376
-76.61975906306625
-68.96260349442211
-67.97957126147907
-65.62197972804219
-76.56470317644165
-68.24859178848087
-71.51780576571677
-69.00335719912447
-77.41293535469131
-84.73550617525981
-87.35346014391213
-101.94402767769162
-100.19974696807522
-120.43760224684151
-123.71281865014866
-137.31707439679082
-139.79963713802627
-130.52052444056287
-133.91438540114410
-145.67813601068491
-129.44200008401708
-140.12702191269079
-145.76745132223104
-151.84335603203473
-163.39496233280767
-161.17217313232470
-158.46276865605495
-150.79090830606282
-150.76928042395758
-143.47747479760656
-147.82198946120502
-149.38478557084761
-160.52288665889577
-163.23418708261931
-166.69230812332145
-178.16111711952971
-174.60336363727430
-167.66278258088272
-162.22236346046782
-165.87159194646784
-153.36372070427586
-145.58015149063274
-141.91454993446644
-130.46122073739394
-128.37058811460983
-127.16612522584066
-121.29004653896672
-124.17634842946239
-114.80995841151807
-104.71811754407857
-93.79475559789336
-90.32612912250775
-83.17219667174216
-78.93781556864413
-68.85207233682326
-73.22054661655574
-68.45850667583458
-60.82864607046611
-55.04945547497878
-56.82203399656834
-63.20797385343835
-61.16116037381619
-60.89576898924253
-58.35856705742688
-53.33139950646818
-52.28321444928166
-45.92429495609647
-59.95799027906771
-51.27035598961580
-43.31011086636647
-37.99701468539234
-40.99555343763039
-35.87221270543625
-30.34210912173343
-28.60216728376965
-26.21363168702920
-15.79955479005306
-25.27508311583077
-24.91134699182959
-24.67362076132019
-30.60115887667456
-35.28537916522025
-28.78705236628001
-24.53089350500554
-28.98725964762148
-25.57752701036500
-26.12547170885901
-27.48105263900392
-27.71469217778593
-32.70426145921742
-30.96404510630879
-33.28405834674672
-35.43695615274309
-40.66742411049436
-37.29213539073224
-41.48220731663817
-41.80165961376846
-40.89497282732833
-44.71660455219718
-44.69283701175019
-46.89436667872444
-46.37192977573213
-44.71442313162195
-51.76636405085633
-51.55992376766375
-45.87276300655020
-43.77730507856857
-44.01734316780949
-41.20882854294592
-44.19464084907588
-42.80928049639912
-44.23800632410085
-45.77459409377394
-42.25112136224869
-46.80781770015444
-42.54234605861949
-42.84093587637722
-38.56501866908400
-40.39445835092566
-40.49615338881777
-41.36996825756507
-44.04658663539495
-45.83965227078293
-40.18829613966583
-47.35145728241662
-48.11564817526956
-47.18389133010079
-47.09839581524358
-40.86622874964477
-42.07376406349383
-40.53491380981798
-37.20635383968997
-34.98839713089372
-35.63186421923393
-29.69034580468832
-28.49235051508330
-34.78910710463298
-31.66175518336854
-29.52982509629252
-30.91681630874274
-29.38505987931940
-26.23924886674659
-27.60395116396096
-26.32617710701593
-23.10485547214041
-21.67446627270163
-21.97817400923429
-24.11393565838787
-28.34697294006295
-24.82119942017662
-25.45396073959351
-25.66150588403777
-21.77115279094590
-22.59163588885618
-19.97360345289581
-23.86708143934449
-28.63841485561890
-30.50874227658946
-30.24174288207880
-39.28389985225072
-39.05747392573786
-14.27181898775468
-21.91939814053968
-35.26055872278425
-36.57639489421197
-37.79092691479248
-38.79826225651210
-37.38844598308156
-9.56101534897300
-14.82270205798558
-20.34903244243326
-29.75606215527023
-3.76954307845222
-4.24439782015619
-19.44253785517372
-20.12576543246538
-17.04398259372832
-16.92346569606491
-19.84608325567599
3.21868437585210
2.32875419027551
0.04931880978799
-8.06928761818330
-14.94979621332847
-12.60081132808329
-15.09523988249308
-16.33017496701532
-22.87261343680820
-18.14557590702682
-21.29070110833427
-30.13981163444997
-28.04651281508303
-40.17447159014971
-32.96091897158430
-39.44374533223476
-33.15531121755077
-26.04851584586217
-29.26135505301573
-23.85538663957910
-19.08542160531571
-14.60959201413054
-22.61605340316693
-26.05094100220975
-18.29455774506337
6.44993666929800
26.47703640296735
23.96116539476716
-0.29425222426341
-9.21131540133477
-15.08063711003390
-11.38096363285642
-12.37302881269473
-13.51941451165013
-11.74221455688109
-26.39799077214613
-2.27724760968179
-15.67801803906528
-19.10716550211040
-28.29940151244505
-41.87100468421046
-11.76099066769910
15.09258365707706
7.40652129619933
-2.78576209581722
21.61874101288759
8.22465306362010
31.96797403010444
27.97953193775142
47.27424727936902
64.93765136105425
57.55470897248079
77.27652883880796
58.00389867331309
71.61093156183281
87.70435860221919
98.45817967360725
85.64021009707567
81.10646010095594
85.94989620562581
76.52792522708339
94.78019075020197
107.15257886445059
90.78113057746948
105.34796464640299
96.43754993510210
86.95426825120116
72.54174947249079
58.40943107183088
78.10611246988913
93.27636988283975
82.93774459627483
99.71685114692342
115.80984256437876
131.52958402783784
137.30292545364213
149.04833821902079
158.35130159407998
145.70898647389157
132.52820263716859
120.61504908353841
103.60997641884386
97.21547649470141
85.31079324084999
78.91716913342131
53.96150389576633
48.91417477106315
47.25105321152255
28.12311080897899
26.39084369449220
7.28282476859649
10.73121671531173
13.73570996780543
-2.96218425274006
20.55531411667475
36.19105149600635
20.43822327024743
48.52217132373121
38.78600787371099
24.20203374680199
46.77169270404281
13.73131903103346
13.84961387161712
38.36139129773580
13.74890816377550
-2.63180083181380
1.39082247934638
-8.37480147251786
22.77435625016018
40.39913795836768
54.69948692499152
52.50818351116049
73.96335137488776
54.42681916633215
15.35209317338471
1.98849439639760
-2.64849085668547
-29.65713624589764
-2.02798557305444
-16.24729547382137
-26.62636092054072
-34.95207383789678
-40.01063504256668
-41.59067271028403
-52.02548407160852
-18.91689326488880
-25.84010923612367
1.98420832754431
-16.40464057446253
-45.10953552459683
-48.23459660567559
-43.05949758652226
-10.65661626142276
15.24465129051502
-11.73477297083886
-17.04062769523909
4.25021565603184
28.76002580165432
54.71920420457077
51.27820953385427
23.56490862310890
40.48730051701122
61.42286232685905
78.25573208180030
92.52235238830508
97.31045908296072
67.11465891705430
88.72307093840230
102.02815538594753
74.09001729077771
89.18258410999640
103.39349293691244
87.37333177308909
100.14594973353445
114.05286144420512
105.41001561179918
118.08639579759148
130.21474059860105
94.45322465937384
74.23557339571286
92.75372981089859
107.91037230945821
92.30141273476571
79.44390500402608
96.53332033698641
114.79635875627901
129.71060949777583
115.18770885336420
131.60572453052131
141.44482713442892
153.10684195871085
105.88143627087038
122.03652736634004
103.88304066285637
119.69915461578572
131.21853986125552
141.78131774098790
157.19274987503559
168.16196867831616
150.58516126572039
165.15852504323126
150.05720104403517
160.69843370540607
167.33515339491655
153.06383700101674
134.58178110614401
142.18306697445689
134.69751906266603
106.60080431545215
126.58920626927335
107.52863940153087
126.49814759016232
134.49606421325433
118.85413958878163
133.84342652969696
144.17669975873801
119.33440774166537
131.98257950047011
144.18543249694031
156.24860912545296
152.18283703755174
156.66975145423584
132.85738727595856
141.47451006396673
150.32680834848480
158.82139343282824
130.44084423769729
145.40915321667040
117.25245419484477
93.67586033359643
73.32474094315573
53.03438335442517
61.65584658732252
75.41727424941789
48.31953012188663
59.75316198591565
40.27452361156814
58.66255730220804
73.09120377485162
55.16767042068300
23.98353093644710
14.18488622682292
-5.42548365829542
4.39876815078182
-2.52676289056762
-35.18420853103131
-38.69129687168987
-16.12764444429618
-36.87098983464331
-18.34284739606544
-0.95552022154390
17.16095651539188
40.09311223355347
63.47366893495217
81.62897875663924
101.68811200633033
117.52124267827733
133.43693759079105
147.15048227424228
136.21557772466966
124.94105627619044
138.56078561244729
126.78998925397957
143.34449980335791
157.67348661657559
145.19379805794688
136.60947975445779
151.40686774094357
164.94415403855592
149.72409581869579
165.04893745090928
174.37151369196599
180.68548530089117
188.33502605613464
194.27621890375539
202.98114550093402
205.17078633576511
186.40416739830391
169.30564393165042
179.22698455987546
187.04425419017937
171.89596410640127
154.86373877351238
142.86245655691036
127.58287141257901
118.79525929177593
129.27957417326607
116.86369521734960
131.78829285213720
148.45254555641745
159.83615069285605
167.98464876185284
175.65973244815493
160.43627493825147
146.77643743791978
157.76987002094219
165.80932081662371
174.71818479730692
182.89612704893517
192.32056510739122
196.90379106841482
202.01375943025457
205.04721733746928
208.38440583655756
215.23326362208334
222.92471369682431
