-108.67085793655727
-92.83885795293384
-92.82609835971928
-81.65019696919248
-56.80611345406720
-47.43150580198277
-29.84260288283038
1.10166310543190
-24.24641870226192
47.56419682707365
109.04112307488069
169.44890207597805
-11176.66701574053877
-11098.77199677848148
-11125.60228957869549
-10980.76004819380250
-1118.23336748937368
-1104.25323281859437
-1524.63542404814461
-1443.22788041432568
-1266.29716683062975
-1461.98538134113596
-1400.93053682492973
-1293.49317949566353
-968.15314263482583
-891.13767231942688
-745.66468309504603
-696.40412987281809
-774.62977162536504
-957.53865103858277
-948.81898876625962
-924.34634921584825
-981.22684300483411
-868.25755148347184
-853.84141938944470
-785.27702601602982
-601.67000968217587
-598.23088020767284
-614.64178621165797
-390.24396387889095
-381.67878133863451
-354.40284957714164
-358.29637090274423
-322.07824351543013
-327.07996707480805
-284.61388582243234
-287.91929295186316
-272.96520692922843
-231.89912654240416
-220.81768989944166
-189.32731766853627
-172.29957639880016
-155.41237895497321
-136.01414116387423
-73.58660592772030
-67.18842248044734
-63.61534422019535
-56.31414019665616
-46.66495246626429
-42.30967880472337
-37.89813327574204
-36.72555402777231
-31.71857892558882
-29.19905495971269
-21.76901767514700
-18.10129512408160
-16.31305617100279
-14.43115950174783
-12.59757479697475
-11.23594456729560
-10.06173859484805
-9.14250290380907
-8.14656579382733
-7.33660183921685
-6.66292618296760
-6.00644241847268
-5.55835914679991
-4.86559840549623
-4.39072640325608
-3.91377978737059
-3.43083378702493
-3.11559604903467
-1.67503578090468
-1.54811169675247
-1.37275410552619
-0.72424709505853
-0.72667424060650
-0.69725329957689
-0.62697117357014
-0.58612937730857
-0.53382315033190
-0.47448943578359
-0.39690215008817
-0.37965768624044
-0.33399166275409
-0.29218266414879
-0.28394235072249
-0.15229129395145
-0.13157271664620
-0.12930208092870
