-106.08522699776964
-149.09388169315949
-136.61406815112144
-125.67523636713605
-125.16218349264679
-149.32739933522282
-186.88663411124233
-185.97127425327972
-203.09793445976132
-230.40692897516826
-246.23967889827128
-290.83104767389295
-315.90418356826342
-358.75348197597134
-386.81881478197948
-406.50374518851322
-462.70037998906480
-468.21991898544212
-479.28628609610553
-612.86916547473936
-742.81865736025190
-753.18464252241995
-756.86608461105266
-761.50436644824777
-778.23957179359559
-750.11420256637803
-731.19519647504364
-714.64272442317167
-709.27903836160533
-760.06704640276746
-745.51771385821257
-723.21763593099274
-739.80174408473272
-717.25659686297843
-695.23820198811404
-680.64493771344723
-697.16023291310125
-755.67892664820613
-747.61030292345242
-769.02033100403753
-732.55428604389522
-732.70084408933394
-706.09094599007051
-703.24422390813925
-720.98701463633927
-698.05703893207919
-689.78760686302519
-721.54628872605804
-705.30007967262770
-692.39540580903235
-668.18492250123063
-661.17472427105463
-668.92429943853313
-663.20341394081504
-709.10018275573532
-690.84540766647842
-674.64336213398519
-640.30900917762256
-619.38323986852174
-646.15438701598828
-620.47522804876598
-615.47858918047905
-577.98011934795170
-563.20133887039992
-565.21577809636187
-559.67529107036637
-554.97925634555543
-529.89154954904575
-511.59543903898162
-580.52644363319655
-556.53021124560428
-534.26866322244109
-551.86123434689148
-520.01672434385921
-484.69733838353363
-497.90375901638902
-489.98882919305885
-501.94247870897544
-483.34432112196686
-470.97692002152769
-482.69892590300412
-492.91912512285046
-490.39170944360791
-476.95753133740874
-473.03611399312416
-471.57671441905194
-479.65675283087654
-498.70368675789189
-495.30428451920000
-497.70833970290448
-492.92069412909029
-506.63743685997389
-492.29702044758483
-464.71259847028381
-433.30752532973656
-446.40119510766306
-443.63610408248189
-456.77431023745424
-470.39082967442994
-467.65247422904270
-476.86090528115074
-450.53333744369263
-432.60833974852824
-439.62412609258928
-440.91142631731918
-424.74043229561704
-417.99275283538219
-407.99592046603954
-394.52364738549863
-401.49356990047329
-395.49012111758128
-417.08200543243174
-441.68250525636103
-425.64021303597247
-417.48324617743896
-442.94115635958269
-493.13981559354602
-487.57815136614789
-508.39976064460427
-500.82001462904429
-516.63407295481659
-520.72133920793090
-536.54596669568582
-511.13436677305037
-515.71296495338834
-513.81373803070483
-535.53423836695083
-528.34315651666509
-504.80674214705772
-478.64517614822711
-432.51827375810814
-401.34795040752709
-386.54960162476209
-385.68291566913791
-380.81489278340399
-343.02318377190136
-312.10759921772700
-276.71359648988340
-274.34337410112573
-251.53147775406043
-228.03042276126365
-202.73048649083907
-203.49437743671251
-189.00046162631011
-174.53023887595509
-153.71336846761790
-142.17839206922719
-132.81495505650025
-127.32200395416413
-122.38572307268691
-111.96652242123980
-107.08291964331802
-105.29865407973789
-106.55151339734741
-98.31212989760519
-86.81144156150704
-77.80841359051722
-81.04904446398221
-114.75996493648429
-117.54256602363776
-110.12500050205431
-103.09681481568759
-122.66103922692915
-120.98743699224246
-145.16257895799578
-164.32209698625627
-185.20921711615205
-210.56643920338411
-233.25581123980959
-275.42114347755557
-268.73635636472699
-266.22588403055266
-270.70593470453309
-270.47236879343745
-279.98365075620143
-279.11212776120476
-292.64746187116071
-288.77873858468610
-279.15057761227831
-310.67202359177912
-298.31139985500033
-291.69418357434290
-294.70453335185903
-284.54681815454427
-273.94883753659747
-269.39793163905904
-270.57013171024204
-278.13465937029764
-280.84240088073136
-273.83357226199189
-272.20897318231408
-245.69079521433309
-238.68588117640277
-215.27297884029011
-196.92035877490449
-179.10644429915223
-166.35467403457542
-161.33269718936367
-141.43018245302028
-128.87138001311712
-116.54536697057866
-105.48608159324307
-115.12704276401720
-107.59517973620549
-93.85284719593113
-90.82818856044409
-85.93363200370077
-94.83647090023388
-83.64419613181161
-64.30848219443945
-58.91814764325193
-50.96010982810944
-40.67261282966200
-42.72101686445911
-41.61448174987007
-38.67116844010425
-37.08632621419638
-24.54490027882740
-27.22988585595954
-33.76208563851521
-35.31457766737707
-34.01002721786332
-27.11870593666965
-33.93589700401492
-30.42594586930813
-29.55541992545953
-26.05790141725759
-24.26553073112715
-16.08369426882527
-20.27087483698955
-20.19230463840426
-28.80397961335993
-26.57038850164612
-26.79946331926258
-41.20834397084429
-47.42626784043574
-57.81354793855123
-60.35427546499081
-183.16539702898751
-161.61315078106600
-159.19925884464385
-147.60191036856307
-125.21343481530727
-124.48048241648050
-121.62466138656590
-108.59054638482262
-118.99143173324575
-109.45338130555179
-96.37206286529475
-81.20347875981635
-78.94318422998442
-72.14745838798927
-67.35277875858117
-70.26281650655139
-61.95135544281390
-53.00891616143044
-49.58747876726295
-47.76199754896961
-35.08818092874484
-23.20865070894371
-23.27180962340818
-34.48223651872426
-47.69690044555421
-43.69476426543140
-39.85579218155841
-44.75933285321936
-42.09030974625212
-50.83903512478394
-50.56991812145299
-50.63227364756846
-38.95078551365987
-35.11602972900683
-31.91953937570733
-20.90955512336751
-31.04711874696218
-29.38960916509152
-20.20241328039797
-17.55707377972658
-4.47107471888226
17.55518407908931
17.50141532110835
-2.57535518491150
-17.78217834853061
-25.34393286198139
-22.07035907577935
-25.96824833279472
-28.27143967128742
-0.45569418164339
1.78307525713557
7.00089401913321
2.73681820997495
2.84437325661544
25.79446837718865
24.46231996466454
15.51268139203816
16.49101020520806
35.31090658554932
29.01917491631425
28.38135686635719
24.08582104768227
20.18690396253698
17.06250533573516
13.28363692304877
8.77411218968684
1.92489275358259
22.84864039416962
47.30246066629377
64.71077380924265
61.72352592717920
58.03330461637266
45.89657938467201
35.38284618481522
28.79643937878951
50.24948805171510
35.55391948769442
22.38820709223282
9.51510995999182
17.84273240051186
-3.86233340289595
16.70649438463118
30.00355517744981
18.55939379507725
14.29908411796844
28.91977726384666
25.50324503414565
40.93474641244103
23.61510416470374
21.26752711204617
21.58664751871434
-7.18690609830173
-16.77170144255532
-17.50355968241153
-25.67266339535557
-2.05902241624430
0.30580718667681
4.17255177671042
-1.71660437794016
-14.58571579466252
-14.08351556557623
-15.28461567956398
9.92134545588696
7.92816485626279
26.73305155639097
23.11526226287961
44.36804971397692
38.77042596288661
32.00504923814550
26.57122039170397
24.43822589880050
21.51263916699525
17.94410587312724
16.14021130438803
16.54438037144954
18.88067010120420
13.86291398187968
13.07044926229903
12.00650369080993
12.13128367810183
-3.90674124743323
-11.41977157285012
-15.87018352721516
-11.09985110252240
-13.88257527665723
-11.79793597303387
-10.40391800624224
9.44803543729456
4.75792376770773
2.19922493616789
-13.47082612752529
-14.67394754880250
-19.22461210651823
-20.70561181943379
-15.51613688582164
-2.97695604705438
-3.32387144422769
-2.99900670695529
17.13612308981086
17.10165194635913
0.87580343266988
1.69272224090590
3.80529450411320
7.00781959917941
6.35215657207622
9.74142685254152
-9.75990537667642
-9.86486457093942
11.25825909220921
2.55248251355040
20.89277572202074
18.12463545562914
25.92967616081929
42.31796950566694
27.03657219460275
6.93383408370451
3.00859126413762
7.70631292160371
28.52783424394065
10.21401043986968
5.26225367435112
20.03777738244021
-21.71623659630911
-18.31397439698955
-1.11625226451136
5.43015138477069
2.71008847514937
20.95201498365722
21.96889737154525
-2.50839920010546
18.99746205261102
16.36125788284072
-7.10710961802179
3.28285273097611
24.65763503572362
21.81501551254355
39.07723996853977
52.62172509317129
35.48469396036332
15.86439144124106
30.39226976161578
22.43850131145499
20.46387742328159
42.34918208014766
64.15953688412395
53.63256413210808
66.18009008065114
73.40525514638477
82.85184303032365
86.82828772785849
70.83238180009698
69.76677973608730
60.84479755835120
58.17970100380880
52.14197374780868
37.08327394950549
36.55741392238252
53.33947443744660
35.21613500885648
8.75696622794711
7.06434590204127
20.85953109993538
45.09093491448188
60.93785488098113
38.04240604559845
56.15000230592459
68.34626305241405
40.05916282005423
35.40505232685085
17.62216275635603
40.06831078319858
31.78124263133714
47.65922908223794
68.54568101065637
83.36971659806078
92.57633631822529
92.00463593450627
77.76516486227399
94.20588671249490
72.98740253756935
63.61462101848225
75.64341968752009
54.58972204540606
38.45136588133392
28.32514724644999
18.13268706511579
8.07404400764592
-9.55966418740342
-24.79531365604400
-1.09602043363120
-18.34010390085616
4.51347416913263
-4.21767819498255
9.92241249715094
28.69896236259726
9.47018268064425
23.59718656265615
11.41288288034483
33.78303734580565
12.84552879314565
33.36553240074397
26.10488677477271
47.48842186432339
43.35489471277572
58.55521138474784
33.68872486564923
36.63176562080864
47.28334318815533
40.17770033117699
15.82718358781714
-3.27312341531363
18.96057914801885
15.82743434463432
37.67548001582871
53.54088870361960
72.82744435467076
53.38456737620359
69.95762528854061
58.22517643424620
42.39479806967128
59.73088415944899
68.75264780640775
80.06903057696626
56.34183662588495
68.00403206241532
80.20707826294344
74.05025993416794
67.06745146390955
40.75042685162813
25.21765848281429
46.80556874086309
39.93111425414877
56.78987844209212
51.34508823974571
44.74900580761517
37.66323966330837
44.37735517670335
59.53624643575725
75.43990131127521
93.89769899863143
84.79380163612267
95.12676877136123
77.35618617428713
97.43058896696365
110.49770574647468
92.84741310605715
106.85729115237964
114.71625105213384
123.98051688428046
90.77307094974805
67.60899627841515
60.36636689518641
79.76198071245932
74.61955080104237
87.13238019925055
80.60693390047490
72.47905378194544
75.40868814828262
66.20021070800563
83.76774353443517
76.33144157706744
68.85833038462563
84.46277169901457
81.62175294903183
74.34380330093751
66.49218831972838
71.84982194004240
87.41472164698547
90.01167446707915
84.85951988848505
75.22825147298433
66.87821040874448
58.26636861066433
72.63379898611909
60.91147735332309
53.18164696402624
55.66141295558216
60.55813608885271
60.09667510267236
60.50446881468710
50.92356153532719
38.69998566171189
38.07748054691103
52.31281115658271
39.68997132737992
50.07471328141776
63.71017919422047
66.62563189765196
52.94458628247045
45.29206609990473
36.38827377002956
15.53566147752241
8.84922746003233
4.54637736281686
-1.80645538756699
-7.78574047530138
-14.96972674563690
-19.96181050085960
-29.16845702077585
-37.58031447163783
-54.05576931675816
-84.70383568208584
-106.77610506532439
-136.80614440632837
-163.91242854112954
-191.58284760182906
-212.43803717434201
-235.41021170674546
-262.75719258255378
-284.13253293737284
-307.95854106913492
-324.24141121259515
-336.74162349684934
-346.15117678482170
-336.79761730782616
-328.69564804361289
-314.81526569731170
-305.09128735166956
-284.50997271252419
-268.73498669697818
-256.95507117571611
-269.31042544244110
-261.34662721153376
-241.08487862660658
-228.93604258029038
-216.99873439546101
-211.65121186518979
-199.16892799274461
-188.79643291129747
-178.82842045717896
-169.76101135111341
-158.78978136871063
-149.41229920999592
-137.60124817582187
-130.14065376220813
-118.44053949335340
-111.49491579330058
-109.30671113692163
-104.43206128161637
-98.25573038592394
-94.01476094502402
-87.59573161715686
-80.45471445985552
-73.98771759615485
-69.89707350301438
-61.23731636396138
-55.16453369125863
-22.97572581184941
-22.59194916255878
-18.94115278354946
-25.40966789868393
-2.75574739799310
15.68782316127606
21.28322775250875
23.03477346113468
6.67557814604478
-8.65454716451917
-4.01907974419301
5.70072241004009
10.73874228619991
23.71986736334122
25.05108188279853
37.24104471855927
45.30527016956500
51.97268826624590
62.77566636617121
69.75534787247398
64.60808211331538
73.66658923704195
79.76254539899710
81.53041894578297
85.36820556299072
80.26680042015231
77.62730348327344
80.89198090474339
75.81399034037290
80.13602943480765
87.79969979917480
92.69576715663513
87.50459138067606
87.92547805021172
83.25312843655510
83.91533071145045
79.58670449592589
81.87546460932896
86.09994774380114
91.08133521063246
95.02201387450668
97.06603286160914
90.30001284713576
92.64907222704534
97.65148564634623
86.87236624459055
102.87288972287332
99.02680365918771
116.04773945993972
132.89107369299686
145.99357030688910
152.76548845748289
144.31487887868786
133.91869530181972
127.60061531471003
116.11082088621785
106.55900318790638
123.47082754721842
113.19371793317920
102.98623736199387
97.39280876568897
90.14568365829774
84.56210152867857
79.97770652870298
73.53398566926441
67.23753652651882
63.53197447384757
57.45528996549913
54.61419314304715
52.04928789092504
50.33883306207814
44.33817942667574
42.77454474405076
37.44162283960407
35.63093641760135
41.17528927223280
37.41643935717146
31.71998273152118
27.56173362654135
29.34797044689960
37.62767852282640
37.28517547384268
34.23448176920112
25.47959207967626
22.84448153022242
19.36960353907459
17.99705002004495
8.16570263419611
5.04060285422393
1.45263662644962
-1.84996121394734
-4.36552789108580
-9.61444234915974
-8.16404431924285
-5.87461273016700
-5.69327931556705
-6.05524055401130
-5.79822400128982
-4.33998324664565
-5.73117848830594
-8.07133753501248
2.85766617249696
13.95641578266628
10.54210888396241
23.38646462618792
17.08857624240180
16.41759430654425
10.82779598734378
21.52697820377858
18.99553669593960
38.21291795703202
31.49774447469718
24.33089656225219
19.38539062539062
17.02983857565526
28.66640867733311
19.97858403007054
17.28546851769140
15.02767216016302
14.29400958295704
17.10233860115977
17.49714906252455
15.98343369812592
9.14664112287997
3.68280574291409
15.44085650980976
13.43844603370885
30.00669655381842
28.82682096081002
48.19093732683679
43.69937494751548
39.52631267197211
36.99526259516598
34.28747737274350
30.45270901986381
27.38831052973009
20.75817645942656
22.21861841588699
14.81210082032853
12.48263085178399
4.31171531324768
2.17914042146069
12.16366391895053
9.14598692870532
19.95678913762183
19.59194864309807
11.87921440174719
11.68039947799259
9.45751795714534
11.19028115884666
32.01628808659706
24.71713010683183
22.97106813536946
16.08497264912236
17.17106642303550
42.34100787327300
38.23266104171696
32.92692316240545
57.17963768337012
77.80664305981800
67.18430107030350
80.50469535171511
66.15168690270501
65.25439691803368
60.45667520296539
50.31492802538423
42.22482234016825
35.85638775659473
30.60605659069717
50.73873777218341
46.78861486503205
46.27370906900418
39.91616864345593
35.55185749531735
35.85839186663289
30.97122928480217
27.41341578296408
27.07570732532279
24.85214043479948
22.02263454813234
13.55187829322969
12.41159420016155
15.65901542358757
16.32096178569654
16.23128342131658
13.93233384450105
10.64191251854835
14.38594963175469
-1.75271083725112
2.06985049116728
25.37531500624795
24.20932766428121
18.17340688486920
9.07200729262170
32.66003008440704
35.30052664142362
32.55309456173246
37.27031932305457
58.89223603688144
74.75285832524098
70.97748621475854
87.53330781527805
76.34048846956890
92.51971092581434
87.89041799169027
82.45083482086905
97.72436942039690
107.85159753493865
99.77331548236528
88.46308625285317
107.90552897578179
97.37670247298084
111.44707416207730
118.03814070760257
112.16845342743254
126.09862359967930
139.58118769225794
154.53410714073598
166.18382292846835
152.14915409841399
158.57900719672438
144.04680756606410
130.50566973328438
140.27960085731465
127.61305795444233
142.82714267802453
152.90050060036151
164.35755895458959
171.35170287592911
156.57700577088744
142.84302573264881
149.99290011627807
160.59452211751781
146.78796578298073
155.94635406523128
146.12013906427319
138.09791574559446
148.50415058327212
135.22859312148381
146.14141830100556
136.15487319024948
145.19636830664820
130.97325821386070
124.46523885959911
118.86687959016879
135.40934155114098
145.56243680493606
141.75013838704959
153.25373577174082
158.13930828845895
165.16600064876687
159.29664565982665
147.27197319210163
131.50412268096517
118.98933932733081
107.12103160680559
98.88207695842955
94.40908073697449
87.48803144494624
86.05428240887642
100.82952727875437
102.89434279695909
104.74647681435646
88.61404289693570
104.55247664848650
108.87471977529236
97.15340177349808
99.15678368268192
103.77271643882311
92.54511087824044
93.07484961719335
86.90602736376633
76.56215202023979
80.03140068178880
74.74100243419913
71.06403547360787
69.41957121189182
83.93509841491948
84.42352701072876
92.00059349879562
99.78304736394307
89.30532178929607
90.65854954774946
98.68719716031202
86.25289593038497
86.23232942051574
97.69713865576756
88.39607472913355
75.86477027133907
64.03403656907872
48.20621109571962
66.52931526407501
59.41033888611948
69.94885946057180
64.85886075928479
58.45482940383940
75.92240571955517
92.13140937550953
104.89362827835805
114.17041084809414
123.47468938938182
112.67268859300241
100.42083725182088
88.62435696843475
109.55458311827809
96.48497541682067
109.07130657045010
100.88009373418535
94.42017523945353
86.24377133477761
76.65520628343326
68.24501577477508
62.89800125497523
61.20047264203125
63.04287559815102
67.54111642748694
84.82655594334648
79.86834847092848
77.72352578999936
80.99943306345610
76.89479355082204
95.96230154340554
89.20862042572617
82.05552012813330
94.76319653793979
86.00032949669117
101.46420886557932
115.89623156779710
106.99880480656745
121.06732929025199
128.34070841745725
126.01975789765127
139.77757451570412
128.64718246540909
142.00548211608691
127.06577616410289
120.05820406607435
109.37374207503886
125.97864196937962
116.79912503694294
121.07070508937127
109.60558610753560
125.02269296664244
139.51610306806845
146.99173409237824
154.53232154079200
160.28192348314656
142.20252643026757
156.10116483095010
159.89866491059794
168.00800064845993
176.10963279659384
180.39520301217999
181.14679067709301
185.59228793743370
168.61255961246812
153.61409558154750
164.86810510746659
172.42204999688474
175.29176847733086
157.91186056958028
148.80935016599580
144.72105540800240
136.52943517472562
131.00145051008712
140.58230957299298
151.05975732080279
138.48260164717090
150.98135251857022
149.07480358310832
156.93402888698100
148.71113089857431
145.92998819944222
154.58430769207945
150.14591125133725
143.20685120832502
137.88109935779613
143.49076012963337
151.74893363142675
135.23515320287464
121.49251148862770
125.75216308067418
132.14268123637129
140.68042082504820
150.87158487364263
153.97651098821666
139.58868128820384
140.30966233761498
142.67018091129154
152.08974804133615
158.00061087803087
139.68087296270593
123.28070579183833
106.31478775382395
115.35680763354516
129.78628266455107
138.88836927856215
126.46262884215628
124.77416623443003
108.24277723235052
99.24218345047498
97.92238346390310
94.76558740007151
96.73883819339466
88.72265165173738
87.69799392103944
79.44268436702181
72.43177297513529
60.21041953732225
64.97482883567579
58.61936288586231
63.07487795017578
53.58252303780787
77.12332733316670
87.69366114157728
97.09986570988092
98.33756576054591
94.61729558919174
102.00811061904099
95.16682088003628
85.77633505906539
103.57169826077271
111.37357452800005
110.09787542921767
104.85461471913210
110.67142151314202
120.97666367032014
114.58537985319373
105.79964287697584
104.20431665904889
96.38155936857908
112.02403205700152
104.54498369122787
99.30911460420728
113.20010074650143
117.88722419449880
133.58804209016290
126.73429333436324
108.60115229197569
124.63851980602807
138.50756855591123
148.17237080424914
138.12623802846943
129.90899682465528
141.53596390544737
133.65850833339735
122.40430832140792
133.20851694897365
140.82219360022310
150.12264660960261
143.06839413007924
125.10686271970317
131.59673880817772
139.70164478370793
144.08951683301973
155.46391840676722
153.95917078287624
142.90162968771676
144.30068745436347
151.67666767993796
155.65128084010601
151.28048436321339
161.20022217132768
150.39513109454711
160.93747507960180
164.16270362731632
143.46472990420079
119.94323009377916
116.69184329372187
107.94195151619923
120.38346396182902
131.14511093713753
104.99718159991247
105.12283293042003
105.91225519976908
91.71922806955239
90.34901491703556
92.41744441225765
93.72550977016513
97.35906443055505
114.35441258207793
96.91372092093070
109.94521066871376
109.09797333204700
118.72484224085801
127.88103230088976
134.56520210569937
113.93151648825119
112.08746376375879
124.62966543991584
128.79272633804578
141.55385195616407
148.94548107576742
136.48992189695068
145.61787021693482
134.71177779752210
132.25469895993757
130.99431570310043
116.27709838064263
104.02648275691890
119.41014043037100
108.30277457593631
97.75873897182859
103.37923243525009
92.26754381239103
83.37825970991476
96.00996344777469
87.51286544035224
79.86394860700750
93.63172821836923
84.62505745309065
75.17648773992032
68.97755501509369
64.01480183131925
55.95159783075658
72.27352104082382
71.04088512993039
68.88385206279116
62.66203897498145
59.55363034248680
54.97415615821085
72.69781085439834
65.72007301421145
60.26595700191139
75.90323019835745
66.55777828701562
62.43792420564993
79.71263322077139
73.91777324231840
66.45582991521027
61.74506355563132
56.53595690688466
48.01259241252937
42.27911341730363
42.11771634117813
39.64744624630787
37.71221380462710
49.39690183887036
43.40984830800223
44.55798802367696
44.81947561271945
53.27005996036076
71.44369895321613
89.61966661159609
83.82007124041255
73.90725954653868
69.84517687316415
92.02448965095134
88.39937911982548
74.36777040682047
92.87332373517728
90.96714922780093
103.07683025192713
105.85520369087358
108.92081237551722
95.35686316622878
99.74435419922420
94.14327905422930
109.48301822306173
102.21559221037577
111.76926455284118
100.45299110705831
93.00896392973162
85.40972039070307
99.10894064323627
88.52070979312475
93.22162951720998
87.98637300677929
93.13129803082637
97.33084219431321
98.92419982318145
88.23775945782872
84.71079076939301
89.62236037846142
93.30920430326277
84.26650093043939
87.10920734680451
96.25916878629229
90.60593182974125
94.21037922446996
83.07648764023152
76.63497841223801
70.77458767444045
79.91967579190738
77.19351385508558
93.71345841286630
95.03341471475493
101.40078443080252
89.76934139358615
107.05122339992306
120.25906404465924
107.50744743316297
124.51330917907447
108.52441762834766
96.69283013988537
88.62728410423821
82.83074897913906
86.74979217118715
86.46168741727169
97.85889000265850
100.07843924285753
115.50314385998038
113.11961957084553
111.41626861481085
111.86774720419942
101.64888265279721
93.92808189174225
95.03939510483083
108.76511649275604
95.99544822325706
91.35389177706870
82.84443803631505
76.12480333048111
71.28592224526969
61.16112715233000
52.42229625612366
47.45622009125744
67.15861977225771
60.70022516008736
68.65825454325173
74.73481747487884
63.80931519508693
60.07281299599955
53.34748690266819
53.94456908067791
63.97706495678775
59.33578004136918
50.17828603313202
59.58822057718079
53.59600610023292
54.01186454349045
62.20122964783864
76.23464741954885
67.95859181992300
56.14228342554125
54.68252916791090
43.44056807270696
40.94607087543230
35.07107620289695
43.12479309171862
39.90699113506244
30.75418919799490
22.91058407028061
16.64223606025343
12.80353866089567
12.13261749410553
28.08150881689220
44.48151253905652
38.66266298253050
33.14087497707596
24.25247857767620
40.52458412040887
23.43501162503620
36.04463222073284
25.67708385683782
51.76207951780800
41.38867413327058
31.21246121629954
31.24565751111844
20.84107140400746
18.49731814459648
10.70932535751313
27.18745820138816
38.96358062775063
11.17705078648085
-0.20924331457553
13.71888370290249
6.92021527250834
4.21227234336542
12.05920640932963
6.88257542055855
3.21312621333464
3.18945787940693
3.96276258889502
0.49876709307459
-5.22764451374462
-7.44982656908971
-9.31751231792091
-13.09617435743112
-16.48809540153081
0.61515429125961
-0.63375309586135
23.92099653458542
15.03475350921591
8.59738631306475
7.80914023767925
7.95324901435186
4.35716952745722
-3.73891752404913
-13.58594787336690
4.49418043220340
-2.92866541678261
-11.27196922924821
-17.25027446695867
-24.99905776839144
-0.58474129252684
-8.65300244513175
-16.07160033658696
-14.85794819391501
-15.27894521485215
9.69211189769348
-2.21216859778825
-5.17783469232527
19.92862925434720
22.46797189020760
38.67415729198916
21.77083332073248
14.54090105854774
5.02987054411853
-3.87563912003355
-13.21369564525402
0.63827549172416
28.43109385779087
24.98435669185108
13.77938861870967
1.38550915073314
-5.69925310091382
4.43378284434002
-3.29979031511641
-18.16859733344806
-14.10999363320387
-20.52271524695958
-10.16319840229560
-21.10248456351427
-30.92826894367346
-38.59730038865100
-48.20460401263121
-37.52664623948500
-8.52103095844121
-18.15808541129222
-27.52532945976309
-34.05102043189376
-35.95366366061845
-40.59499696007519
-37.92142601653126
-40.44142472787779
-37.18692844531477
-45.47668388370838
-50.14299827126209
-19.88888972184640
-29.54118318652884
-32.84943210757717
-4.86033508716018
-11.45836217184746
-5.62825860558109
-18.20817721145175
2.60496850161272
17.93648796166175
29.48615184862532
26.15824503860753
16.93194174086373
31.10334762133567
19.22743395900218
30.60336775299776
28.83366368298880
25.73495753542072
15.32254670547350
31.88868864941419
31.16900073325030
27.53007848147335
19.12923231885098
21.65816214703548
15.20299593656386
12.53355712908773
16.07630879446933
16.81983717520433
7.73287266309715
8.64319196004621
2.02519178872472
5.42271903553958
-1.65378940939828
-1.94581165828354
-9.24814642540912
-6.34582507676852
-12.40213246747117
-10.12529505437459
-1.81497749595025
-0.63486540359360
-4.26604376149404
12.01067777977601
28.20516351760412
25.87998286439035
36.45274105038182
48.34035694443884
59.15788101219879
58.78598240883397
54.66535984714044
45.36066962730519
55.47042907323552
63.37872276760544
54.87324937720327
50.10858744959667
48.42337736686029
44.87449181883023
41.51661744436790
40.63546630164495
49.63560827663049
45.05384813302192
38.63053501487425
42.13112902790960
40.29102323494356
39.80221118566596
40.67417365405991
44.24069790363207
59.05279199602349
71.26576081342573
66.74683309535210
63.93259355406012
85.95451996719402
90.52822028915828
85.63447638917853
99.40616011610733
87.47104670564713
80.72194462139363
92.94289601902814
105.76653384632831
90.78712366832265
86.09205047392419
79.13941168731490
67.30571247895526
81.55019661262533
69.30202921358628
82.25682152362245
78.39793646684026
70.19111618741037
64.78141309868593
82.84208804061694
76.30142826672146
68.48496396749709
61.42653174965528
69.56036504590554
85.55198034018358
77.24935867065176
82.62900586706547
75.80754955864090
89.47318013498827
84.36207072891328
81.56067270670970
71.17005204431717
79.98038024225013
70.06075213115241
77.54210250394544
69.04468118612976
66.21507149520136
84.49793493019385
96.36522227915157
88.84269768379124
103.45546121410348
104.77390972425918
108.23407847220679
110.60387695382208
97.67329713697262
101.49857703897807
94.73292988434976
108.03704321655593
98.89327089276019
87.85122945436329
95.00686422531906
89.16012463288111
81.55613131430016
88.50150982963015
94.07876257551291
104.11895732976014
92.46923281272920
82.29659829702908
75.11216456518338
78.26179241681260
84.40156375684522
72.62288772746440
85.37322214627133
74.23354548228733
79.77737333369053
70.28123573776961
75.28190021678087
77.98853279070710
84.15216484174242
88.69141006983115
77.14935922544583
82.41008704607772
68.92469815531980
60.79135839422739
53.19796024023087
45.39600094796837
55.77492664146244
50.90077863340894
46.31243257297648
39.85567370481493
60.44214560727210
68.19606869130455
72.53654341852287
68.20438514359405
73.28995379682918
67.71454948660212
85.46989850041101
79.92211531404078
68.81019593888415
88.23101719835000
78.03735720086942
69.90571116149879
85.14609294283783
101.08739429050954
93.56552738267986
76.69775369481573
92.52514677133672
88.98140593646337
79.03620044987288
73.81515687129490
70.18057701501769
61.40048157356093
57.80612710538438
49.42922422179154
41.12133883913902
32.37506976390352
29.51308767637533
32.98109972432142
30.38815467045931
24.99755763030810
24.23162140328614
23.42110526301238
25.36966572971313
25.02081911900316
25.40456050151029
25.11035484868136
24.20871105918252
43.10097459383644
48.70849766231451
42.24238287497119
33.82063949292557
33.44752646471278
36.35135166980097
36.42834477643689
31.49334842121691
27.78657962165292
29.88182829740591
19.08471515521145
30.37593860918255
24.36147927856013
16.97075081061660
26.21353177877060
37.30862891802807
58.28373205464236
49.77032877947777
45.77422354550266
59.04930421282381
46.91249651339169
67.56210229442695
73.27785867495736
83.38686863417027
97.49707543014630
79.10378852847610
66.79790266062992
87.13407995945100
76.60587006618873
63.48241765667886
69.11276292868477
81.92368450439939
74.55955055303022
85.65991573963663
103.70863486621866
112.49064944096698
118.20788763759680
103.92519270833890
92.13582409130247
93.37425568130786
109.98460578113587
97.13035425182693
108.95362641652213
107.68471553814179
126.41230647453710
106.37322564029819
93.04029750332663
94.02486313135377
96.59315489471261
77.83645106446866
81.11103276785899
87.97735749248375
77.39424135487155
72.16784439636614
65.53504370638706
52.57162459874732
64.00583061723854
53.42808672816915
67.70738549315146
69.36104666634235
69.02580052131859
60.14407388505291
40.04903500725936
46.13479177290162
36.02041463257655
52.16935080841324
60.04850762137912
65.58712628973163
53.21123283982143
44.30266324216117
31.61094629878761
49.50194781782574
35.18218087777605
28.20035000524822
18.87960811264468
9.42795220190129
24.95348697588540
44.84474549193709
57.81218858212918
70.11935067275530
69.68796786374854
60.87955520281347
52.46561907727144
40.94517040360417
30.58416017407599
20.57196416175815
14.59915764052839
1.82020951474911
0.32531710707879
18.63117072056085
31.41973005208184
25.64543438708973
49.78943845954139
45.08504705098061
40.15029925133621
46.10885288098552
24.91585857038413
16.60427412695635
33.58894338910031
45.89188997885358
60.73761372043630
50.43510356716777
37.90072628342445
30.58595156577140
20.58332449959031
38.27336260271329
60.86365251219481
51.04833438114386
45.89414612699694
31.44179942667103
21.46954191730790
15.94616028120090
31.04361614670923
27.29328991244239
12.37009735950468
8.09325137686038
-3.40523982986515
-14.41161657761291
5.09791554630840
1.13883701231272
30.36386575391858
22.90758194705894
38.75529674589819
24.22628472468746
14.99227219680380
-1.52881513638970
-5.53129904411023
-17.00897905562820
-17.86004176333692
-23.66184301010942
-32.86665183887860
-41.91600208283550
-20.43067116478037
-30.55663934338222
-42.41537025124504
-52.67889329711770
-54.73498613613224
-62.83043276300346
-68.08155285374657
-75.78579633103504
-47.99544213801384
-58.05839235745534
-32.63699028490475
-28.69200031592674
-37.41917692286283
-42.99138582430754
-52.11892518407615
-49.83145855753408
-61.44665211199336
-67.81530048754006
-70.60923046337044
-79.47714023440967
-87.38907976230033
-98.64882160200197
-103.05656320629247
-106.34560371645243
-103.86884908042532
-99.48148323467424
-101.03419247946896
-102.90478102522103
-106.02361846295184
-77.14137351342205
-80.42319496434193
-57.07375821626459
-55.54103183549798
-59.89635355538186
-62.10646697074566
-68.81316140933180
-75.58763430861640
-44.54918968245035
-54.35651569847603
-59.81962653625023
-68.72277856506189
-74.22440246766030
-75.13325534104932
-81.15937655703861
-86.42235070535952
-81.88413679701445
-88.23068151546178
-82.44231331763115
-90.76818021378952
-86.78532087323481
-87.32741584729285
-93.57458767924888
-95.16861454834525
-104.21962628873595
-94.05258492311170
-94.73350409795182
-97.23344893899630
-85.42924758728768
-91.56199687131189
-93.26896902597375
-86.57081095892130
-88.47733344949219
-60.46326619412071
-69.25258907878599
-66.06004373669938
-69.53893708311027
-34.64733915507090
-39.92901494330631
-14.54221823491390
-1.62384585615515
-10.48189573641642
-17.73365332684179
-17.57528989464474
-2.11077029240452
-10.15243067368987
-8.44759862605258
-12.13786228190295
-15.18531874988756
-17.50633906861590
-24.37512640914922
-26.75158343973703
-13.86532790870662
-14.23641732227514
-11.64044803204782
15.91524018773064
29.66482678666354
16.16208257635648
9.31353245396719
18.65069082591850
18.68840969781543
34.50302235724365
45.91347813324856
50.51622741073407
61.90435802610926
49.62003320858961
37.76727676141433
48.19917095558709
54.00391913106691
61.38722337433998
49.03156928378059
41.42326383698624
32.67945597730516
21.65358953215088
14.98643078958380
8.16819085574921
3.54075686902812
4.62460199830110
14.23943459108283
27.31903017399002
18.07356438808265
8.22409500227520
2.66325724841869
25.43486591396350
20.21772462642306
30.83366567285540
23.51483679808315
29.59556460984793
38.76456757982390
33.30772832751368
32.18553176119440
39.46075556466104
36.35939797162015
53.82131812740795
38.10772430263753
45.17600087528685
39.80278680391712
41.01292911847363
29.91558130248006
25.22492391688050
19.03467053441364
29.64161830208715
28.64754533745566
39.29198349698546
39.97233069785669
39.48985336206309
44.01730430325865
49.90517425641608
59.92470519560280
57.50453379285997
59.42240566953293
65.63952406540496
73.59116239075362
67.51278742710012
63.25515735493360
53.38872008527113
56.99677314798647
49.77039842067092
42.86022958143461
50.40795159645096
47.68111581885226
52.61081563770675
62.20179044784150
56.01615319034836
48.37400981070022
47.37986969095773
44.45269970404009
43.15532258670162
39.42780779363534
47.05607911727986
57.61738108912098
51.40111233039764
65.50735265432755
63.30886315656194
69.58081037357216
60.17664939590800
66.12736511460449
69.00117521237965
63.52645195002267
69.89122828545959
88.10074383561245
80.26451831353862
85.69398481509120
89.66157382655680
81.58422441489343
88.22512938884263
93.78756301113242
97.50706195566876
84.30482128623416
88.41366224108371
77.75680168275896
82.09779697181435
76.97994174634104
84.50039465813472
73.26443898457723
78.38092475834242
84.62178557324725
79.31150708828368
72.71427935117964
80.22702984549531
71.60234534691595
62.23255863001501
70.03779561962142
90.00607859792743
79.62205095321463
70.93158103753395
63.67814689801481
59.88305619347643
68.79456856894875
74.46175003860643
61.79608255798115
69.63317998772474
86.16857300020186
87.23036299922165
95.35941660731793
94.67901794910681
97.59413188073414
86.82589789618577
91.32169342575567
96.93636890511580
109.02575697561812
108.13024020109658
109.15616674566800
108.42336336257721
116.30275941470443
115.20078528402192
99.69264467482265
113.96064748353933
111.62619024585779
100.87710888683419
106.84998085990236
93.47680246172897
95.54078313315595
95.83818936043431
94.86697292705487
97.04128798886704
109.68756798932176
108.97898203227915
111.53816457043004
108.12340512316672
112.72129453663747
123.15319735433945
132.73710139257949
130.71717540975968
133.33254534254411
129.23551000164960
137.64037200006584
135.10958848051658
133.91833922620873
132.40098745550014
132.86254461745074
134.99368999175471
130.92309647844843
127.83273994839543
127.09496673913424
122.94603955443228
125.08388278752187
121.69178125082524
121.53512795063773
120.94202534558158
121.62925593371359
116.39016384598564
119.71155268173183
118.51572494276360
118.71766930010401
118.14762429433118
119.24302327369982
105.09150755866347
109.91416200368812
110.63591492915521
114.03959774243924
115.98351674536752
119.21853392510404
119.24958948359814
118.28106165619076
120.27891326750535
122.25069868581343
109.87176305465802
110.37031900543536
115.76180960535606
117.26889777452348
116.58879495126170
115.43934521314111
117.27600787274825
120.44381426665525
117.64126587038656
113.41464763159480
115.75097529940219
114.80133292242635
114.31342220769123
118.28869920107067
120.99723150021265
120.96730696285687
108.51762590391075
108.72617173060185
109.66566401253064
99.22589445818507
101.16296978783518
101.72529672344970
102.61489557314188
100.97134102761325
102.84963700805098
103.43460520201479
116.63475473956171
112.52109283150710
113.73069078830747
114.44585236379510
117.91918899091868
119.61335624233618
121.50380793480295
122.94957693116336
122.19396248881016
121.36521373478872
121.73729420010534
120.06937060907225
118.90327573367081
115.56499409313766
115.41483208619960
112.19515442978650
113.14735280693668
116.59143618861532
114.41777754907358
116.49688740152268
115.60110358561772
113.51076350503153
113.57089409606084
118.38596047343708
119.38422617244933
123.37354534795190
126.34045004634007
124.02082616347687
122.29573393440266
125.59893580593989
125.90984271032104
126.24531219419859
128.17618080543767
130.21189517590426
127.42881177650233
126.31534241623271
128.15092107906190
127.38554974575692
131.17498913533166
134.91174624953766
136.53417607596239
139.11374059876306
137.21884614462812
135.88153428197216
137.80770340857183
135.29110576981174
135.82441239485590
135.00407190866343
131.18522497259272
134.05276522428952
134.79206682409168
134.69884319809475
134.72605951673552
137.45794755722639
134.92856756320080
134.04504406283411
130.82502368708032
133.66862693633561
130.88436148860669
134.03204466760076
136.35558252012623
136.46936966368983
138.97318548506044
139.38312359940363
129.00137097877385
128.17363650663606
128.36248634258251
127.71382942032125
127.22391796242111
127.98887927575051
125.48276382237394
127.08034612568659
126.20323194883636
123.24236329860034
121.06071420304428
123.99155143674140
126.61759526454227
128.31634574604183
125.92876131064938
125.46455728001533
125.60172433317473
124.97949535867059
128.34270035257711
129.62098551712648
127.25441687330122
130.07447764335060
130.49420173523734
130.44533180413836
126.61519292985822
127.28100610330335
122.50203241066103
122.17742398809027
121.84960423085934
121.10131693664204
119.02772866714365
120.03134073494077
118.28741301762294
117.18423035810630
116.03971794134073
114.57937841379798
99.81280511253324
96.46335872858425
88.75468909892588
90.27619361305536
94.18119596745640
97.82864786206531
99.73238667941908
104.27029230384480
106.86509320223999
105.39189986611997
106.46961974667683
105.98906759785649
107.33531556759411
110.99186156137765
113.50472902681368
110.70882227316865
115.17093493405676
116.38136887001774
121.06571481446913
118.85028611995784
117.64637871543570
131.22066184934306
134.54961578681238
132.68487476942420
135.96551922293492
136.04401334234737
138.18807294348304
140.04612460160800
145.75248770874458
143.23670678420481
153.35972768680392
148.39145884222702
149.96051687799914
148.14610771454724
137.14987779661325
133.53529711344706
134.15876973266151
138.20195487390342
136.13218329161813
129.58145985474579
115.73660488469950
105.42380450160667
110.00462878823026
112.65500482338011
100.63748091256338
105.77703576705495
108.84861353116223
109.20268051798253
112.83184095217277
116.01148293143839
119.53057900612278
106.96968614620384
98.25636468329077
100.82139314797976
112.05083103618790
117.88649484934447
108.89486733839000
111.82367155549369
112.70823768891870
117.65626795516832
118.42276332278144
120.01120648613278
109.04188860630296
110.42151436441169
109.95991951129102
110.25277014218150
111.89090066141586
114.98809061516936
108.32169708087086
111.94488908840908
101.33904242275010
94.11440638509617
87.40964511973785
94.10990061691471
97.16244457444768
102.53462398087383
106.17526638328815
110.06994900058913
100.89314134561180
95.04221007455629
101.30824458267691
105.41768451095270
110.84137150092627
124.43767221331343
136.01303707506929
127.83199276840195
118.00113270405332
110.45389097050703
104.29112142140900
99.21635147927547
106.09351820109683
98.16797387088181
92.58497655340749
98.44720337709106
89.59143225966001
78.64653350871387
80.82139587332205
90.70210207775440
85.23854703913915
86.90723942202536
79.93842402109679
76.21583178241150
85.01755732786583
80.52414316548762
76.24268976172492
84.92453601373711
79.99868934008289
82.34647481824099
90.77442321093869
96.13752877488585
94.34020898405589
99.55976656710398
103.46233778608742
95.73790929203568
87.80768185118222
104.83032026300292
120.48745099318091
125.03471093992592
129.05579179630965
120.99589109310827
122.61149204716212
108.53680552258774
111.54026678990571
97.21999410765817
90.69739737441515
85.72839084217759
77.00323365110572
80.48970623717716
74.28010291247776
79.10693354811450
75.09593976197044
86.81419411102222
94.24584970300111
98.92304820052135
90.60751191258926
97.06136155150911
98.95765470662934
106.48232218972170
99.36921672814992
91.16390670920414
78.66958670281107
86.67417061068070
96.96176623483130
101.78570795909896
104.84998895450141
107.81975013150941
95.77224903929826
106.66002309297440
97.03833538585540
101.86596525120864
86.92911171272848
93.22342751933368
104.73074288650287
106.72557653114450
93.24276272228056
96.97012848129498
104.17471103336138
108.96025462470413
95.95653948144623
99.85448771077478
102.18866486578143
113.31394660702665
116.80958524159448
103.44286774519307
106.97714337868213
113.22968439374284
106.06611741014282
108.82366021932620
121.14704254096776
120.06828252491643
121.23421171475412
123.94631234508665
116.98678732013626
117.90044855506648
121.92719701396939
123.37292068227588
125.43587523575349
127.89112791661402
125.78180696036723
125.71648781466652
125.88371928554041
127.14860364454503
136.90073224946042
137.73976826329400
137.74781175659169
135.70316362735588
136.16046568056964
136.89924925699182
137.04748969706600
136.18548374646696
121.41912791989061
121.98634801182712
122.88815573540775
125.79291857992331
128.80306727394628
127.95345275680441
130.30391462167017
131.56591981315356
129.59169362609947
127.61468030227921
126.38586423280601
124.32191744541549
110.60477494646997
113.68172925940965
117.95176353219306
120.71003910294472
119.96974633722556
117.77288289026552
117.39371349139758
118.78189475309968
120.03212089147598
109.00840391857288
112.37249344563814
100.85013706374606
101.04249327974728
87.98866906086303
105.71754147384777
95.05443257644754
98.97158238886966
102.63821631487984
107.97630040265446
108.32072147540558
113.25053770576557
117.08661871338533
123.02468057715733
122.09358661860723
124.46321042637925
115.97498452290120
117.73483128760691
118.06652842053690
118.32173903527141
115.15794713189378
106.36083299806468
94.54448841816615
111.63146484973680
112.19951944170684
115.11094976801616
108.56855823231643
122.26471857237853
123.69878729577994
124.59893881621856
134.63404843616496
126.58280918869910
128.73972024647674
127.37245929398146
126.57247521145183
126.94245715925757
116.72598406531272
132.01672019294043
130.90792889405850
122.56181044215087
111.94482412436744
117.00585451365147
118.98677731474079
118.72931223353771
119.67098667967083
108.92403164383515
122.35954723581762
119.86638746325254
123.09124031274649
120.67062746566759
120.33029315523426
117.84293439419761
117.23195167973505
119.55222508984929
133.02208463907812
130.70907590954158
120.38189740189378
120.81398507333296
119.83460583378276
106.73273700851564
98.94398438606596
91.20683816120278
93.95588710470483
97.61185191176926
91.11138520336603
94.24222331092970
99.49642717849689
103.09150297235081
103.88272920637894
90.92041646523974
95.02077199714182
97.93129754189772
88.19007347980717
92.64719605032622
88.06799063433682
91.18306122885052
98.72229741135790
100.33852397228864
115.41416671524298
106.15601927103157
121.68252755129677
108.44685422546623
113.49561774761270
104.51689591756733
92.65358770250830
105.71741990744810
100.31185595955225
116.50869339749241
106.27796483488316
99.90224199245468
96.11732269470951
109.53418919393576
99.92101902646873
111.72094280606305
102.60432671402236
106.23537686456140
107.35267809144423
118.29105392744012
102.05508396072324
114.56424291938167
101.93423292121565
88.31400068684695
80.98006669105681
97.10619044994311
90.66443666299686
83.37510853504114
78.43344954908746
71.98373394546826
63.07645647591770
55.37546078891166
52.96452544513487
49.70345243368329
42.71057788688293
39.21170323388294
35.86590859966947
34.02405048823525
27.73213244340999
26.00949164417985
23.84656985656709
35.95070432445662
34.96258629247189
37.86891833347435
48.66183010868826
46.10913216550643
44.65990269784524
35.74315295172116
34.66565499357204
34.32364563161067
34.75957019902221
32.54809682089027
31.10297620136996
32.66234297305284
35.11743514315734
35.60832950755541
36.40033288724642
36.31958300500953
29.99350098785970
30.58219428722256
27.75956519043053
51.50164036942332
49.37579932948499
59.01112136260360
65.23032679082743
62.27773682289807
80.25051426502694
76.22138791035282
69.95916661824232
63.69994141015565
75.17487201304877
67.33325884862904
66.17682764919552
71.35349929209254
66.24792162655714
74.01644660674135
81.17322578844784
77.92576478203067
76.50860846059599
70.55726020191327
62.87755347438907
58.69412393830396
65.46666759687072
62.64924382502717
71.35827457013121
80.27077656432844
70.49785355515074
61.22811486091420
55.89007090943637
61.11115201231732
67.87212509486565
72.99149227484396
79.65783062787349
69.53347560472147
80.27272075374967
70.51945545764501
76.98621440262609
92.48672723946552
100.13953887397746
104.48927357758333
108.16856379257376
114.16563623571645
116.89248867997088
104.34465564915622
110.31133284809759
111.80676417217465
113.10755276775640
115.65889493542784
123.40407581085867
125.55101725603933
126.47983765672643
138.34638452176327
124.91766466633385
127.35492304362121
125.13698959013338
110.16106768504382
107.18214906518661
112.37682653500943
114.89531039535848
115.74384050568483
110.70228708670963
113.94580230707282
112.24765616212379
111.73185520085690
113.09797250341555
110.12563588572111
112.48756089758649
117.43539082607455
117.52958720593458
119.30410412284328
117.34781467994817
117.37097341951913
119.69819126398704
117.93798988805386
117.87218533616067
117.01772803159064
114.08642904668604
114.96139021531886
118.50771814389411
116.83453547128391
104.24296584039314
107.05584846049032
110.02605618120594
112.36027792341355
116.10996749265860
117.87369468161411
116.22607620987026
117.52393302969631
120.51389065150690
121.32443330966771
118.79839551928492
118.24952126909021
126.95403901503401
124.66908954807182
126.20920666091034
128.37500380291030
125.91721687447088
129.33559178057709
141.58277752641959
142.68616897477767
140.87540676085376
152.64702939594804
149.08562875010381
158.28976301219478
157.62032028971916
158.34259155341999
149.43002911331948
150.54264559921509
148.09561074897377
148.12208555335710
147.23655621479637
144.87178302318256
143.08591177219455
141.79488328998977
125.13686280026512
126.45254864306654
126.72656761631669
128.11935266315874
118.39859572794978
132.70182600600538
134.92379408690138
99.22786613605871
113.79186456632225
117.73214359089745
119.58558999504129
122.66699656337232
124.93290950440387
126.40454543661450
125.61639880313940
112.58721538819574
116.91422458722457
119.34189911550746
129.78261259309980
132.76601146239406
139.45987336153399
148.36560189153738
147.90658279649409
144.26918644147236
144.28655766169356
143.01280167032729
140.61312674202773
142.57822957569425
155.84785796204375
165.25377095014312
163.98007375135361
163.14508999520507
157.80484554333771
155.29681938874319
158.91481822628850
159.99263769152134
158.55714128876664
155.62926274080252
154.18462492912511
150.51433380059601
139.57885632652750
138.65275019480714
142.46883357743997
143.93863516839610
141.00519116285156
139.72579931214418
138.39499780134653
141.75083910590971
142.07269491491297
139.74878138472874
143.81219271212075
140.28578016761213
138.69778630288681
140.16531295595726
139.72431690763165
142.03055430878493
142.87849784880117
141.55394309756335
143.17991248962736
141.22238082473342
137.36269878329287
141.05733104412670
141.75721062620397
140.02890631168887
139.89238547666505
136.55192200318868
138.89628323435849
135.67242876425544
132.38584072083142
135.87524956090724
149.92034449543553
156.44506008264403
158.23225016877419
158.04804801303271
155.96763341152862
154.25591761844288
148.76693827170200
144.65557516651887
143.57787724256744
145.58875410208927
143.00875906473053
142.13721858079802
141.89652738108941
138.45436912439595
142.30413573475823
142.55653390286619
141.78508827076283
144.61968365299984
144.88171196697954
153.09882836242812
155.03855834566582
154.83318093721479
156.39833848209582
154.00172774832009
154.15728718528507
151.84005841023310
151.84239064535078
163.60856765717466
164.49476076236999
164.43791687608820
162.66949275263988
161.50762579902502
150.75283810073310
150.32101476414476
139.67925546377845
140.22923407432035
122.80945985066347
126.24808040556843
128.61723803503466
132.81972014932961
121.57144875930304
125.20581657510880
112.67839588583483
102.17567502605294
106.06785552150073
107.98954087602803
112.09550616214439
115.14820805256704
119.41296135263748
120.59298233338143
122.75421187195573
123.75804104467873
127.96330235889502
130.41188187329783
132.46230629920365
134.05211215181498
134.36813419080823
134.54218535351464
132.29358408944469
136.00029111130252
135.33922954336208
134.09531152230474
136.19237503039508
135.64277504529903
133.50987451383045
131.82990702768348
133.96027248658285
135.19964526453265
134.69428717666082
135.82904215073236
131.85752259477005
132.09258649096205
132.46278339020179
137.42808505962381
139.67361296996569
138.22956860965499
138.83973154174612
142.77391679747780
141.66408291081291
143.70151487787564
141.59877528486837
141.14389905930543
141.65301552601795
140.74062094475343
141.71864633629698
143.58486068058923
145.18927519141744
146.16166274284924
145.97904540393964
147.28290720539175
143.18570611987573
140.41962699091954
137.29083354776560
135.69670960725432
135.03686312175006
134.89689419511120
137.43002406477962
140.18692442218637
141.38277300191100
127.88054695848319
130.41898248156076
131.97673482446828
133.07464588997320
133.65295493700566
131.71383141871922
132.85687998271914
131.29120238491660
133.90077785284396
137.35826819877263
136.24384133372141
138.27133337029863
142.72663772229637
140.87377139654967
142.18188967848920
141.17169534231371
140.93278242242837
140.62013886252581
139.05496592378302
139.64279309552504
141.98222646822595
140.69530264282619
138.15896149715650
137.60217628785435
136.31161770094820
133.79920964148303
137.11311967749262
140.41018554230055
139.38874573268603
138.25789612916986
137.99868955327611
139.34718667564650
138.90142771425946
137.30882394434093
139.92252952771423
141.89823613493624
139.23759482654361
140.77128349558490
150.83258946675247
132.71734326792966
130.67882332526187
133.88724253115748
133.78728250055062
135.09980379257982
138.16180384827027
138.29811407205051
142.27044683543144
142.02039213680399
144.01084637271083
141.90351886453215
143.32935845251905
141.01004763446605
139.04250669941709
139.03278050376804
139.55940294354338
141.50521246467244
141.20947528685559
141.94257207076231
139.43806482616080
139.64960239130153
138.08517680021163
139.76770900346827
143.79303263610004
141.65504046769229
141.32955440707050
139.49292265840856
136.56074840732339
136.39044667505277
138.21746598980278
137.12017196734664
127.44272419920104
131.57931982145055
133.53978580923604
132.53739788148064
136.29980346977626
134.68204916034330
122.46625623807310
128.16855284269806
117.30562431282146
119.09609162181636
122.64318730610523
122.59316771277275
124.13526824245344
125.81211587454199
127.86852769226132
131.47407370964993
134.67193007534487
134.67719799438746
137.84023150427575
140.31137207655541
139.22448118659284
138.09404930243630
137.26560758003984
140.72978311675979
138.57425415516730
141.07617447140817
139.52976650204559
143.14657883210444
142.70933982588707
143.63657825679192
143.95802631751351
142.56859983015110
143.58298614341987
143.78713010112403
132.15396756942170
135.65310640689802
138.08368170714363
128.14647096003691
140.10673703152270
139.98001957844457
141.29165822782645
150.24777038033523
131.63438383473627
136.46267451928583
145.99888653787212
136.11337487968191
146.95294498484850
147.38444250788424
149.09058385380723
149.19293638626479
157.28486542149057
160.36542369956882
158.62827999352953
160.92396918690162
157.65467073619240
166.20259635757634
151.18638003671018
149.16688440918799
151.18690932063711
150.65655247264939
151.72903902263349
152.07587426530816
146.24884259802184
141.13203304679206
140.71608230181789
139.27998775620389
137.45507194057970
135.12362964109326
135.38021217905722
136.67188528803166
147.29630967246993
144.64456109409440
139.72636795990718
136.70466914232540
135.35079366234700
133.63315698314693
121.55775100794195
121.55059735466540
120.12819427105057
118.79748423973342
109.93702061731229
112.27866251776581
114.43469170847263
123.87123625639062
123.15730651373283
126.07565436735690
126.41020529817665
127.55810052660604
138.22083292926763
137.94623248490095
143.41816970352843
143.24041708048716
140.80172545032161
139.90792131632992
137.41133413980359
138.56902783600088
150.48037797254347
152.01942871809200
148.55597825375619
155.18630588177018
149.48633950006683
146.72269757178793
145.25868316180205
141.57280538116316
139.50605361226360
136.93132199372974
137.54543383541653
134.57037200486971
134.13413650995497
135.14918069468843
134.95670747755409
144.43237443084098
140.32988341028732
138.40202217806191
137.53490814282094
136.73212343582509
132.72224708029964
127.85293406670753
132.56705819799313
130.98967780992410
129.09167403582765
127.40880364974979
124.60418854809826
129.25126273012708
130.49958311493080
130.45409453654617
131.44863620405948
131.43169543652493
130.56261260136876
130.48219888357471
127.77039080657580
128.12782782073606
125.40627060995769
127.45371228999352
126.11421693066231
127.37196958306255
129.74326894428964
133.58685920498112
134.18978492728337
129.90394232123077
129.09602613744184
132.64268371369681
129.77870243456852
131.49952447344569
139.57894006227721
139.90149731540814
138.90746880748850
141.40994946594833
144.68871265572119
144.38036237325892
155.43244539666267
152.03467557143495
150.12360384401941
150.65643158158983
150.30197396250171
151.01427072889916
148.02829083355809
145.75736573917584
146.39211394521382
144.96278581070473
152.77531600374613
148.54213968751571
147.57114963721889
139.86317823276426
135.10069733204790
134.77176053892407
143.21028751357423
142.01308980143929
138.96707851298808
142.55457678044084
137.68314502086463
134.64867542182353
139.13079015710758
137.28877787108200
135.88819299558438
137.14472909152965
137.20866678221057
117.73651457140642
114.04681680201246
115.52812984210971
114.68226282428404
118.30183976051464
118.81539394843621
120.15321660236529
122.44585414259190
122.55987455751411
124.67391760133410
127.32108376057069
128.06853125966850
129.05783841320570
132.26092353723720
132.56668147964012
134.90494599189822
136.16186847628637
137.55923684774510
135.85787773626134
131.21851895365558
132.95604892301395
132.61195234125216
132.51478918951224
128.98392820709572
129.18789340551470
132.72558634562685
132.33822364796799
132.74564444780574
136.78206230723583
134.67214767420128
133.64555628965076
133.60419044754369
131.62554469110376
128.92503212208433
135.65536257019707
133.38282177747388
140.27639415578307
139.10248450436964
139.14199546469763
139.27841941189408
137.13226137109882
134.82713248469904
132.32299201568640
129.73114146066754
132.11098487176162
134.34866800707229
135.83399062182312
143.92099042742655
142.02819201278896
140.30708989720085
141.49734132931727
149.48988865759802
144.21182971951879
145.69483130363406
158.44582243455733
159.19652948071419
160.72189839996170
161.56509154165843
160.98083665113541
158.49401054065646
158.01422061099083
160.38772796406113
157.73303402748900
157.88604846226730
155.76423907732234
154.82613877388783
154.44160334731964
150.16980901273971
148.71350975267748
151.18601698798415
146.89368946463833
152.04417512771960
153.55361152119156
157.76001262996917
163.58747278285713
156.21364472474286
167.04649251605719
175.94491135955249
172.04848063330161
168.41879586151032
164.35310993906583
145.56935972912603
151.28104462764276
157.27667092769991
165.49732360999977
163.79014974352435
154.27569941633800
164.15799181056138
163.08683345226726
159.12402816785769
156.70700860482702
154.26095956416643
142.28754087038908
142.24247727871105
150.78344748287046
148.54081274456277
148.46469423586848
147.59950325134525
146.43360591865746
145.53072194490585
141.23058305749876
155.28338053472299
152.57533861976680
153.87213975655504
155.43092080471649
153.27380584118163
152.73830143035335
154.85435164150786
152.00378956041769
149.77017296517462
148.93201956326354
151.36022025156726
147.59833263906228
142.81471330492354
142.85296348809740
145.12964075727280
143.80809037898354
144.84066891824364
146.74461188263740
142.39644882455116
141.24983570396162
150.31649082568060
150.27733326574054
150.86501179222992
152.37988886891893
153.56810363299428
154.78589885248513
156.57452687511895
158.60657075574386
158.77627717038513
157.79234406753378
160.46829946692318
171.29202879981088
164.39805502578858
157.87260341199504
156.92647409018366
156.24051935544378
156.99490779418579
154.85550341800524
151.33541507798856
149.65125896319665
146.35855639293501
145.85602942317823
144.13283585563997
141.17053889102226
141.87498570333304
141.48358441901573
139.92568081105247
140.64613705768213
141.67702485424172
142.62192650657911
144.39857159475281
143.55968977559397
143.59381954786866
139.99668217280924
138.73482679368647
138.90235215680514
138.76655272970373
133.00911812762405
130.83709362297665
130.91946551667687
133.03620059490149
134.62001892600958
135.73690639698123
137.28709272870265
140.12972979067249
139.30414639117595
141.99505328431678
145.65837241167725
142.48960945208083
138.38801719235241
138.20508230932666
136.37971535051062
143.77056714741221
146.52350233552369
146.75513512564430
142.69007815699916
141.54341645156626
140.29044322544618
137.94605060087954
137.65367221438100
140.40349418203922
152.32099808981758
148.31859690885932
146.00334365157048
148.33404966705450
147.19605134220774
146.68059985280038
145.29699813966548
142.71643004276132
143.00013169083522
145.16405785050858
142.21074527740851
151.87696306528721
149.42460182644743
146.69937263954353
149.24137590073781
148.64066700824424
149.56464047535715
150.83521791600040
151.14817713099276
152.31412682110798
149.01014519629743
149.69579553349342
147.41755154454557
147.06954733830213
144.99721958512211
142.97211533406414
138.87749785002353
140.30139261411259
143.27305347292585
145.21280642161906
152.73959106352078
153.30096176922345
153.67497811524373
153.74766161551173
152.24017652514635
150.26242442908611
149.74678619019534
147.98298657479168
148.94079446397677
151.88759283908169
151.41463921672002
145.20321903379590
144.82986882042300
145.83023831241769
148.83065790017562
152.38194198217803
154.39019084146832
154.88935544385464
154.64836906803467
166.93099445977083
167.66973695200619
167.00014533153941
163.47312938390698
159.37077399836932
158.32252140761608
155.81405181291021
156.17256519651460
156.55165469925700
152.08196600578032
165.30644213711577
153.20425492976472
164.89995721626468
164.50934202619570
170.31077814264194
170.08473002500384
165.22943304635649
171.75352690868675
181.45534043779239
177.27913515997335
182.24813441850131
162.22923340336038
170.93509835975809
156.02919151621393
152.27585003292654
138.50882768797268
116.69226938803533
131.88740661776541
130.91516811566032
144.53393911204125
137.92714213640994
153.32333816053742
165.29044858074423
150.66237158750164
144.91082743714324
133.55923616925341
130.11699185376534
127.51501947769960
126.67380339092448
135.83640711355287
120.66619848285579
108.39412388038613
100.88211771091190
115.36110158023757
127.43153330528718
109.98808308344529
119.15101621043522
111.08577279158406
100.96109643611581
88.81217885579619
76.73947341085248
84.19544667308048
100.85131600114400
115.22232038668480
104.90258086301341
104.67814640233232
118.83826589061270
133.19711482058381
144.69457854226283
150.32290014686794
137.63373098783921
123.45677932239373
112.48568127831662
124.97172285995376
115.10946841296752
124.11497455170833
107.48886817469723
100.56035523218623
86.51622402843940
79.48043092125900
70.80780962795372
60.85442551995943
50.72780011544774
44.52340183540805
52.33339319551181
68.01198619921605
61.74364776563671
43.02868532069268
40.37375052854487
35.12703335890742
31.58679398291495
50.65425519281139
70.09793447851436
84.37153034021298
75.43692982477377
68.87762939707237
83.66932772720554
73.03711947598785
82.53516685589305
75.88625024826014
78.07779063246835
71.79736391799518
85.57153068501552
99.70014053220424
92.38710741268460
84.38534710424092
101.03645128811978
114.89925988399145
127.57591449805452
139.62324883438714
127.80116873498406
137.61152750578179
138.36732983847060
130.55710617508814
130.89561061489024
117.95861205875198
112.04763845751744
105.44763763271327
98.36273147348280
88.52440787167507
81.92864940422410
74.98168486526644
71.11929924023285
67.46684107980673
70.98832925649606
69.65054553333628
65.46235271230465
72.56461557680754
79.02111393927034
87.21677060248862
93.11795280917843
97.55275538909771
104.49424567346718
107.60537735263294
112.10713423326428
114.57204052366956
119.60051575419747
110.37766018226326
113.93031079477180
105.08311959577951
96.12588586948263
87.58366992800944
81.66760713069600
87.57502876469198
93.85871817745567
110.76111120054652
127.37647129840934
118.77441119503055
131.16139973665878
133.51870295026410
125.04743686296645
141.58490822856587
133.58213597424358
145.83642376233408
147.30199061120490
135.99390909336176
135.20864550422166
133.64460863216402
135.00133977273504
124.44249854432762
124.48878308203379
136.17601517477001
126.04244295574239
116.55725366867061
126.99565315431015
114.54088788805261
128.88350212351000
131.20048558069587
143.67510111171185
139.87042286274067
147.64183593614180
156.68341585704496
129.84532016895898
124.47397322210115
124.55553543661806
127.72814326716778
131.88263276332367
131.96932881238598
131.19108204289870
126.12299628969458
120.61250695728852
121.02913255708360
121.61330511845121
129.32050844090062
114.05007750761969
112.33693373570152
112.62749074350987
101.50293910013653
101.85311347059964
107.99805391928048
115.11657161546616
117.11494752551677
119.70871683932586
122.42588570901698
119.81600109772917
109.65727697712028
107.17086832278559
106.54469490954388
118.12087612761808
126.93908393992706
123.12241891586417
116.48582921709045
114.82651297727372
118.62143969638083
116.17302068510561
112.62603008420780
115.28641549676661
117.45298853807518
118.66760175457595
124.50782768908229
127.79801252870490
130.87224204518930
127.83148258261458
128.86009279516145
132.82973343465821
136.33901489133515
140.01759983439868
141.70535021139909
143.78430883176651
129.87538883736795
138.23007437921154
147.06686242016161
153.29325481167385
152.83373266436487
131.28304632138926
136.55862432123041
116.70404126165015
121.01415720597522
123.12368590914754
126.27010347494561
111.37863852923934
110.37818844502510
116.14451222077508
121.66850993557013
120.92323058634231
110.10072421265043
116.61386089446768
117.24313329422421
102.82972010170839
88.75330064332452
93.90744853494064
79.90278480401533
87.51838956146676
79.32431914007581
87.78066798303718
90.61568752934494
89.45036368902669
82.87171167531858
74.97141213982948
87.03289753448240
87.51672735940200
92.48485497499088
102.71579006151222
85.87395789803037
87.64933559405782
100.79680937832254
119.10832333431858
101.24505394790533
108.12378100289381
107.63514163210395
109.55560861129288
92.90964357060209
88.88625875302687
102.01218722045905
104.62854211459305
104.49931447840112
109.17043147957239
94.29572048233317
94.44826740764105
105.85699907400731
105.84400044376468
118.33481163259938
116.90419636804837
105.91039139983822
113.33304236194860
119.76066145912631
114.81001641761722
112.74622240370755
120.86677417583073
118.32989769274576
100.46007188447653
114.57034771247410
117.19822767429183
97.07110942181947
96.55706281010724
108.34020351794685
114.02322160917373
126.59786856700464
129.70756180612844
140.45776561521197
140.75739873676528
138.57525565553365
137.24973461625231
134.56694777098275
132.05389143741249
119.51887599444214
119.11646133564066
119.76180936451331
121.48856522618561
118.62982780860733
116.30017401170711
117.51952307728033
131.95628345508760
139.09224573993902
140.55587837343336
149.95912782817805
150.07924799514262
146.15037354009843
153.83852706688157
154.77117004472319
150.58848608527595
154.37815302685689
142.52133277792936
129.26391225353237
140.25591515186821
138.86004895458706
145.89059421671061
144.04297740995861
129.74831149658797
115.79803072029536
104.16717737966439
98.56514417880051
92.07227477592623
87.30596787082794
74.49515916759438
90.57704431640158
80.83567778935598
75.39898738614133
71.27118692284367
60.88008439596572
72.32034037095202
68.56501510546352
60.09487548817827
58.75045764040375
56.07682087731668
45.40794514826204
37.34827254129100
39.25908057794619
35.19365358537159
36.34164250404830
29.12402461775162
19.29380244510963
10.97740513083876
7.70201587291534
2.75081764953921
2.46941789544062
24.17446524045247
30.30073527588556
28.58944399094650
32.85360354004992
28.94757048909122
24.45594306598990
22.38983807885758
24.62732013261754
27.48633327009566
27.48786636230843
39.68961005810794
56.68390021311815
69.71361811652616
78.03072291183379
91.83763575544944
99.56882621601780
101.60896976295359
112.09667642344159
118.71106928098874
111.77112878221003
113.95494633636143
117.60964151848590
107.02559559367914
118.25238827048000
111.66820926000140
100.05774581317199
90.17432848939941
85.59118539247235
79.91978880560474
67.85759511999444
58.76125258392899
65.23591611902751
66.22833463997054
65.10084278347369
60.65504201719391
76.88464908001416
69.53102035171581
59.72452538403472
53.33829906489556
61.38332239098323
68.10300896464108
58.82228451478838
49.44754823393188
43.29816903619678
41.35810884492542
39.12625715331487
39.35186489841859
29.47825600080754
25.79063151548684
24.66189800492498
23.23523654468722
19.58273128554038
19.84011210460390
18.19638913483915
16.64118009224489
14.83455534147278
5.52756889143428
8.27202406567662
6.32903575659374
7.96724487572289
6.59191683992361
5.86695516790229
21.97084692123823
16.43781072886447
38.72335230840918
35.99469642866595
29.02639248210849
21.00574269232009
13.83585850387690
15.09840844978102
8.45668522089970
8.07981034901237
10.04080928047535
5.94866983625543
7.54631213283639
31.89095757910056
31.04044785855898
22.75256618951877
23.10958451706114
24.55160700378159
22.79414839110097
22.79048591994041
20.36054190798715
43.24257186247387
38.23034765187884
39.52157929677075
38.44215046317985
35.14673472727311
32.13579154620001
34.15774830730602
26.80428879099094
20.55883104268526
21.12004070957399
19.21806701764127
19.99869394179991
19.05867640004553
20.24967088494698
21.00178975855002
19.05812597971814
17.21239606632059
18.00056897312329
18.59039960952609
18.23675193062757
38.72705412014652
49.16297934015637
45.87463296247677
40.21839963862202
36.89527386457966
31.37691594514110
43.62016735425799
55.69536627995492
54.19358391747249
51.07522950754337
59.73690143653863
59.32348979069977
54.81389931702856
62.77372904717777
58.11857317929091
54.14495495939470
49.10681037443406
58.81241704146539
54.86951285144045
54.81719212950294
47.16751004495928
41.90336340041586
37.57937583415496
35.29080113119488
53.30979635272256
52.63806683047342
59.67099578568648
68.35855636835143
78.07750554316844
90.91041732557709
97.69243929227170
93.70501970201495
84.88665843324003
81.01017837305780
87.25138434966422
100.45648321426133
116.47638689769910
107.66546012879428
101.95127674338212
93.60499863319716
108.08871258527134
112.14863969241767
124.11716249123266
134.16427115053222
134.01575812330330
132.72417658469050
120.55540284471913
124.87772945898209
113.45036880485647
125.88909263867686
112.23605444977052
116.09570769525237
110.92456518932728
110.88753387859909
118.28672920942513
131.45400125318486
121.07534487826860
113.32242477101398
102.98908399226480
92.92744122658459
100.24097022543248
88.54772718890845
82.43095930714793
84.21189181448634
81.02164309895555
76.16673313533030
70.79598285706788
79.83217240072237
76.21993046488402
64.50138363603804
59.24556317200419
58.94666617794970
57.47377189455703
50.20704405183403
46.08865779931183
40.96780825049732
42.39266068473238
41.17615220329858
40.36137228472861
39.24271519477517
58.98901697684793
59.06552270540885
66.78600482032844
72.18356560744736
77.82313346167884
82.60509855109146
91.94450829780337
105.57730607362973
97.97963480339929
104.93023046519335
97.01424949154489
103.09161217991604
115.78201445445418
107.94481945741371
101.12345917709396
91.50417448804325
82.25626861189401
74.92129057102159
83.66168996351652
75.85190719612628
65.83747266515142
75.69279019812257
79.97505229290188
86.79094026771038
76.89425431909153
75.15731232388190
81.70443032789754
89.92322424647190
96.03256153768834
84.41984909436422
97.88968372187378
88.51170263558626
78.98140731213499
70.55856690235970
79.00872109141515
73.69400798093535
83.63853557774250
88.60278028841898
78.99458173830087
81.69104172864445
75.25526888146547
70.44453206880192
78.53892050585610
75.74951013355877
83.18093816416170
71.53668794423481
59.44430258173314
53.98752161054750
68.47665877756982
76.22520399801385
81.16312211099184
88.32195032593241
95.93085296245856
100.85995043366925
106.59315206181088
95.49891786390492
100.10641198818060
89.06156446632266
101.54481942858631
95.77593322639657
101.67978209567865
104.78275882414033
96.31122318073579
106.43498077174168
94.76192083139425
108.98166496609124
102.48879336126825
114.81850150789541
108.01609165847591
119.25565117176768
119.90221995624105
130.34203457333246
122.74579558835896
87.85198240607876
91.67197568907962
96.49295428814060
88.76046913938956
82.63276602010887
88.19307189173000
75.85468396084141
81.25705253198187
51.11816930050782
68.80764395218901
64.28446879358978
62.54577136041151
78.88589191636967
86.64251187111928
94.23818792452009
104.45765700026551
114.02102267517826
124.57579598564735
110.13169143666288
114.55880403291670
106.45123457782822
112.44697873153629
115.45617169985587
114.67562663968738
126.42061145643066
110.66209638502349
122.09530575184014
125.70330247029727
127.38700794359816
132.69548284912099
121.91354224036820
127.22236661713340
123.34639931768542
127.09754219978049
126.18803711220845
128.97818310467872
111.53987093730646
113.54210031702996
99.92046591528540
104.67407422827010
110.41390623411237
116.00751426549196
99.28627732636662
107.46245738057999
94.96893240620233
87.54927551442901
89.67334528680271
81.80726162494085
85.88159083601757
80.15046984052458
82.14935058968223
95.27058879672448
100.28308400894622
110.66966832425285
108.29464714263790
109.40260524718428
112.21052154003948
109.55210458858252
115.22143618963693
125.81103666780899
136.96159733573336
135.13941799688206
141.97940201738055
130.13291303593229
126.71958214775124
131.58810023762558
131.71143629927877
138.90233270318370
138.97336845405951
142.68856959669404
144.21765688437287
146.66340234082142
154.56698479310958
161.33268928347877
166.67614513825970
164.39921404544151
157.86963093423802
138.79927622061183
142.23629107158948
141.37297658898939
127.79131097585599
110.07950378812761
125.34850455161288
126.59654531470608
125.18944306629942
127.19330903199364
129.54684856587781
129.03763824543120
130.23611061411808
131.91271767636240
132.88216822063958
132.65570082003563
133.80900606493236
123.29311135750395
121.93621091901578
130.54060841226919
116.18483936508976
118.08348186772096
104.24792043764317
107.04872827742898
117.77174086760266
131.86319753980166
134.51834805773291
135.58446899454455
136.50703093189304
141.76274921309698
141.41951285823879
143.08512524629160
149.29730594937524
146.45945768879929
143.13112252505672
141.23551538896393
142.89848701788887
142.46497542847652
138.99474229887275
146.17508050203776
146.03087074731530
146.05733359897755
142.39771403464377
150.44890858976510
152.42591810061242
150.40085309669064
148.32746016525488
142.23418188497570
142.81762284313839
139.44394699038270
137.85411733510949
135.55725658604166
137.87224565365727
133.42441065460929
130.18689184543874
129.08371670330610
125.98836896106374
126.91410912225440
116.96065646932963
113.82393728007411
124.99478584914884
124.16439107969843
123.77662856021810
121.05866669637261
120.10584194541512
122.48473408888682
120.54221201084208
135.00551563173431
132.27670596333553
133.13901629438399
136.02268958377414
119.17982162280953
122.70051080754470
127.51134478640957
127.57082899667056
127.35169986927266
129.76598818454838
131.30434555172951
134.88890126664896
135.07852271562223
133.01255736723405
132.80874192403849
133.29204266735735
130.11170337258716
139.21176176753522
138.01437693608270
134.85982416369350
133.38491475651864
138.67548880493007
136.73293699654735
139.53808674783508
137.29207760573195
137.46600610018891
138.74373712381129
141.20609823522952
142.96836958202758
144.65263279568444
141.80616027959064
140.85923972185853
143.58907883904692
142.26356632627804
140.25154302840551
142.08697389759575
141.77635724628527
141.87915934644644
141.40264810844852
142.46588077088308
143.53145175617587
153.90263367747568
156.97320039203231
152.27747476914024
152.71285497301866
161.94163595686695
148.18817085982019
153.95725128392979
155.42984356026517
150.19222984906548
147.58145610253513
150.12836002198995
152.18622410033089
155.36457365826553
156.20356632794051
157.50679960026778
161.22213605291913
162.70088574438509
161.72291893044260
149.57487726615847
149.59903401575639
147.99999228581723
144.36046669327192
155.47184241165806
143.39000982457293
144.28834387645767
141.83203245515449
143.14474481488855
146.14691174093980
142.33846284955862
149.24168513479998
145.51473616175520
145.09782292517980
146.43508941872372
144.09890417725560
148.05579191170801
143.16360421688665
146.36857287996554
147.39745391842274
148.58826746327850
147.66845109650637
149.01116731686611
150.46788771253770
148.22690675730576
143.20550494432450
143.82229888461109
141.91661382599153
136.69475070325265
134.61391164591012
135.04077754556590
133.86549249932202
133.69434250470891
136.54074803109722
139.01563725558293
137.99297853758566
138.84124422552017
138.54569264108855
135.11933441571597
134.71361354962556
130.78067883151709
131.90347719234876
126.16905717127405
128.25193051783964
129.62940656599156
130.75682261629493
132.25356082695438
134.63755465965599
134.66674126454518
135.80437318956206
136.80268803002161
134.33292939659063
135.67276964839758
137.66320769160558
138.65183218611480
138.99814078365608
150.17920211753659
150.67699673710320
148.59206314400467
133.89253698201099
147.06012443225237
131.85197892267499
130.87306476827450
142.45559031949713
142.42206527633309
140.87057253943581
137.62574194034383
132.88881450301886
130.04538464301751
130.44174435733768
130.89566817067373
131.43467203451513
128.78499580954329
130.09272436552305
130.48977941106924
135.01708571061062
135.63695106606082
138.69901263623478
141.35315439529495
138.43140399366266
138.42790955826746
141.44787164536706
138.77517097264678
136.74551440895152
135.11036227124558
134.90865331806063
132.38265775744711
133.52275769193352
131.89128221330304
134.66904502757586
133.10291996029252
135.17569769461855
138.79242240054882
139.77674307722671
139.07175894904185
141.23327682995102
138.02911952425643
136.65926563629853
136.41709582883871
132.05756135288186
133.82891635421498
132.67542827453988
130.48354136128773
124.32801440913877
118.60792400849901
117.32463253858492
131.88902927605363
133.01072390826729
133.69634529388344
133.11451054467884
133.02295190915922
142.48284928812760
139.28178664209184
142.55965094791804
145.39032682320720
145.93970323777131
143.56372209410259
141.95053124654936
143.79872654804151
145.44578097282013
132.07243108504071
135.16210439639639
137.63976101735463
137.81220802631714
137.36277811739839
136.22574682248995
134.31924724282314
132.38894148853123
133.32199729907947
132.91491888680318
137.18084233592739
136.80807067485492
132.70354360837047
143.39566425642550
142.94937703405287
143.78446526349805
133.56025889833032
135.39295418233237
138.19398367504130
127.83814800629560
129.50794237009279
127.73058423075439
126.10220142254474
125.22348072366286
127.68774550843884
127.72953574216885
128.92958090133635
129.26415895805042
132.36804729647750
134.49485041753297
132.88368779744928
134.89406223045114
136.19000858067699
134.97587449159263
138.38949028672178
139.89530408579205
139.92225225495730
144.10910988640467
144.50223062392132
144.66493604882046
144.91979826159366
145.20990888387900
141.56294439810276
143.53713895293927
146.42535956829090
145.19300294328863
144.16660660448994
140.91425944107058
143.20666030694406
147.48994174753284
146.22120000605057
145.85657561180346
144.55342955068988
146.13947634657296
147.17519022284887
149.17039252815113
149.90969463213435
152.81757076628452
155.03070527421329
151.51107743456382
154.64133872270233
151.35209004245345
150.96290072863269
155.72673184912281
155.76363580709159
152.42296187770137
153.12221816668060
150.61832110926593
154.86835481649777
156.51519292861946
156.42439565959029
155.52066290163845
157.36272191830233
158.14245086587869
157.96789952685151
154.32270854870910
153.09996814458088
149.89041114056653
152.32599651154470
160.69062068112703
169.18922079823457
176.96886533776913
185.11592183901283
179.92637561289266
187.62881802973953
186.92083401839304
195.34743105664319
201.89253702825494
209.41279826334869
219.09364224212638
222.40009100068605
227.71976715293971
234.94888790847955
240.02717342604475
241.64342400778327
246.95463932683114
251.28123544008898
253.29606900929690
252.96857392788320
