-106.08522699776964
-141.55236898808059
-165.43172395737278
-201.91327223501000
-244.29424082776745
-294.66742525643997
-300.61010942567310
-326.44163811413910
-347.82617537224979
-434.72652572943599
-481.48644933536627
-500.20351875114301
-533.24525115195115
-526.41354805758601
-548.91648691061675
-573.00449685537455
-607.95131450555346
-630.87915609381582
-629.57624316767226
-625.92675892773730
-624.24452644532869
-647.33664008143001
-638.74552672072468
-634.17741352667656
-635.72878710294583
-642.63054476281195
-677.01025906287998
-673.00411302431974
-698.16370658973233
-695.25463641543001
-708.25685736627611
-697.19977266027752
-680.00971117831432
-674.92846860193617
-677.93908037614028
-682.00049698852695
-701.30222773623734
-706.28312703928600
-689.04338197260392
-680.13676439323194
-665.46588331670046
-651.24244363184516
-665.77981490001093
-676.29554301290580
-666.44314748491036
-646.42009197460197
-656.39270929424356
-661.45972140816593
-656.73301705915753
-655.12575607888084
-658.59898895813410
-656.50195452789592
-653.20956409935195
-636.77565142620711
-632.07687452593666
-639.81612103896737
-615.59375721118124
-602.66872970837130
-568.51479199034998
-536.98495352293867
-525.13689180316567
-509.01873734348993
-481.41628074102914
-459.20443087904459
-419.72683212809255
-387.40405882070002
-358.86847001275561
-332.38323662906049
-328.83067933256160
-296.70793291151926
-271.65789901064619
-268.02134528387705
-254.62893719601053
-244.83574114441171
-235.69787750231038
-224.79893481278896
-212.65973870979292
-202.13023019837601
-190.54794854102343
-184.56211270319002
-180.54931305648526
-180.09041493574185
-174.16110620724265
-169.58883704621138
-167.37729128440691
-160.03386002020085
-156.12787460594410
-153.07615195170050
-158.29346649846300
-159.04756635131210
-155.47417765091711
-148.45160062898771
-145.53802251695538
-159.55772696880106
-155.07181139000954
-154.21032663902264
-150.11287251888152
-147.82902261848389
-148.53475936742072
-147.42450080249921
-141.47860236408317
-150.42743042985879
-139.24501664944162
-152.94115329407629
-149.24271172891619
-145.28371162148107
-141.14507923812832
-150.07242579400406
-146.91539509426133
-145.16746127210911
-151.91638036667297
-148.84068456578964
-142.21005241167646
-142.92007890678968
-131.75473275363376
-136.62754234170779
-134.94938666877988
-131.72461788153021
-128.70333576756164
-121.80735671106376
-118.51385693511926
-114.78774296298947
-110.73112257213528
-106.05240836479510
-112.25180961596327
-110.24414725743276
-103.67563840818613
-104.88153932226987
-101.25238321007289
-99.55423771359773
-97.14740472194208
-89.38035648507145
-85.74532593545959
-86.39213501251683
-90.61218620771807
-85.69874335058933
-83.46363099752990
-78.71391185673997
-73.46767019667820
-71.85245522699682
-67.95133582076411
-65.05726134097931
-62.18154344452602
-56.16486228277941
-47.19384456972243
-40.46356448703915
-35.87653128280468
-32.00902539356525
-40.74082967610580
-41.30493835443556
-39.04812014414920
-56.26581468331125
-33.65392064262393
-40.37867260493918
-42.33280494465779
-50.92439930820335
-66.51217975173412
-72.43311917134747
-70.40426089959224
-69.09851573620948
-65.65227697693683
-73.47294158492193
-76.18785259895952
-88.22935769846502
-90.46499958108502
-92.05818442426734
-81.25422407518181
-72.98146095604757
-75.30030678562740
-77.26255508145229
-77.92638462845902
-76.64739618791175
-74.80236752838665
-72.44180960763829
-71.09559085491472
-72.18299830935885
-69.77728973298663
-70.23421934179530
-75.30860777539969
-73.84413288097349
-73.17880690343772
-70.00353634566346
-68.23578129744430
-76.30015076068995
-72.56789523005405
-73.88888485122658
-71.26889084416379
-69.00307075267290
-57.80019790048184
-58.42433857737193
-57.35826884552872
-57.76477742513924
-59.62621312818027
-56.65421755473986
-56.34852890059233
-51.86137161868153
-57.66850889878117
-59.60949098081896
-57.31148383776068
-52.51826179926190
-51.68039166822133
-46.86393089357839
-49.96887567635130
-52.08602861988746
-54.70466073862674
-56.72370659303090
-49.91800038724983
-55.74683503750583
-63.48571972502894
-53.82916698636425
-59.71361891664175
-51.59811761124888
-48.80905506019334
-43.12055941176400
-38.83024867238041
-42.62820619870633
-39.65168160360745
-15.36052618097971
-33.66273618433584
-32.51755571206512
-34.19716937853306
-30.80725138160016
-27.68780420394544
-33.77663651439264
-35.35060834078704
-34.97123348704549
-31.50719888988456
-32.94543683820734
-29.38342688271537
-32.79455510904082
-27.60722475007674
-31.66114355090336
-33.28405512455962
-36.79434360981695
-39.21929918810996
-38.83812481228059
-36.10670851639222
-34.33619239704552
-32.65889780977606
-32.34638170049509
-38.57356756593685
-35.29493735649444
-33.75471199286907
-26.47030611680360
-23.71498310242181
-29.68598290255333
-5.66873155561739
-0.49631281440360
-4.39507245491510
-11.66854026356501
-12.13038857428749
-13.32776686583557
-14.23403537100340
-14.05443673935034
-15.20180120727957
-17.85614074253231
-14.11543843278378
-12.27412331270368
-16.38973161288958
-17.20528552297461
-24.39666380500452
-25.24692138031223
-24.12649756233809
-23.72883919440773
-24.03886348186792
-24.73686086612342
-29.58692463376211
-23.70374099508461
-29.40937403004841
-34.43663044497482
-36.33583269709234
-50.60251220003317
-42.57453064522011
-40.00090635330832
-36.46970970230702
-37.71602265362753
-28.44361218462969
-11.46914912910603
-14.01081750308832
-16.94880871291453
-16.14419147235851
-18.01459913164465
-15.53001356144125
-16.48183877489741
-19.68147410962839
-35.50153567357641
-31.01468200486719
-32.37485058236022
-44.37526229226152
-49.20440441779721
-47.97170324114933
-46.40457060518589
-47.31018351695008
-61.22918493988051
-58.00854027632018
-47.05625494937519
-36.97657175004567
-65.11908265203571
-63.06716371818186
-60.59897023851013
-84.68849113706236
-76.19864238588428
-84.23682157346153
-77.26778204365517
-87.44990686819854
-74.68594936010263
-67.21570027655892
-55.95546743476910
-42.89938172719919
-39.04887816429945
-32.21870410954642
-24.44732599799052
-23.77879461577134
-28.92174999063669
-28.52033033712545
-25.01825573423596
-26.48895321301709
-23.49655993720575
-24.14668569020773
-29.13904938978590
-28.16450137494861
-25.68983311622031
-26.05607360194767
-28.78256935282008
-24.73281496091095
-20.89156736604925
-21.83821563362617
-21.97923696747854
-18.53260379790132
-29.27291817538154
-44.58522342966028
-45.67657528600485
-62.57946266355027
-52.85692716259066
-43.43466744551596
-41.80636498924677
-34.48000161788962
-33.52642503091835
-29.11548388539725
-28.95810642481986
-67.83094712987891
-62.84148834030950
-72.28011202548782
-63.17567355534496
-57.40610356131508
-47.66797476180489
-63.77922265751333
-65.42646375359773
-59.91499406783920
-54.92783815984988
-67.61383573077538
-62.59637133280842
-73.23848612756980
-71.55847024323046
-62.21047106169148
-64.32602970592148
-66.25162935464104
-68.50899967223161
-67.02887059393177
-54.80822909613644
-49.28661417763377
-60.94483367802562
-53.67529651688186
-50.80101950985633
-51.41864518140036
-51.71870287612681
-48.02930645391919
-43.36305610298335
-43.35544759136496
-40.58024570951392
-34.32214755118251
-27.93979204395156
-25.36437479505656
-24.47924287702856
-19.05314951265081
-23.90547061194287
-19.72902867579167
-17.40686443781894
-22.99991387126302
-19.81348345816660
-6.13286142709335
-6.63285890085088
-9.39863143371414
-18.35613508505075
-19.16254173195379
-20.21344491889374
-16.66386141178396
-12.25332084014190
-19.88373214226016
-22.80905481663063
-39.39160701861222
-34.39873906798323
-38.44224486463827
-35.82211276767236
-31.35122418062215
-47.03319495701400
-58.96710144122059
-46.05692441403809
-67.65237321865199
-68.76137903400191
-65.16188694130895
-52.84148721202443
-65.15028140850120
-72.07655167284601
-86.82261295260852
-92.06191394862250
-111.79163426414891
-163.41606726668772
-187.57250817001480
-224.91673742707394
-246.10056142052088
-262.99911986086374
-332.84421000608370
-497.71855373173446
-585.46731902691533
-719.03031746883948
-730.69137740288136
-887.57444097075063
-897.32697895356296
-920.69206121895354
-942.92153014352550
-1011.47601392514775
-1068.68023811318972
-1014.52803376210545
-1106.58302797056695
-1056.97485871522417
-1168.10104267556881
-1102.16393414533832
-1199.78164267204488
-1116.11472728048125
-1129.01535774350327
-1159.06263697807071
-1086.17568200263827
-1027.03932887999463
-975.69412281039899
-910.31215133715625
-1035.28296892653452
-977.87159976041562
-1081.60893540841062
-1032.38529942354035
-997.15383020463855
-958.51581580446145
-922.24129267699038
-866.30580848196462
-848.31266895810575
-881.05578843379453
-810.48232031805458
-789.20018449598012
-931.22253397428290
-883.18583334249524
-849.48376896485172
-851.67778190700415
-814.36861583604593
-783.92043371282523
-760.53346591072341
-854.51920584863512
-883.35009327615205
-977.61588884875448
-902.71421365935339
-942.71360547834797
-899.48004959929688
-1040.95011038573625
-993.31692106897503
-974.56632395868803
-904.82392223597981
-838.04917447356206
-862.73393384063218
-858.57068887574792
-820.98563895325242
-792.89562768286032
-754.95418286342897
-730.30446007687920
-688.18780853795727
-646.22091491858657
-624.67040565668719
-595.31645540712725
-549.55735748559266
-495.20738001243433
-455.38461554661319
-433.44179680130435
-432.95976602673005
-397.87504660918603
-362.88782486824061
-335.30347756269697
-321.14185942940435
-274.92482663992746
-239.61177472753732
-235.70787713875202
-224.33599834956618
-202.90182223840358
-188.67434853675181
-189.10825688474890
-172.60062944059152
-166.12326951370218
-155.73588027154295
-165.38756912791661
-154.31410328478498
-146.26243483519116
-139.92104010570984
-132.64179989945040
-131.51507681332038
-129.65488351413691
-116.99285162640916
-113.98319139936424
-107.39734535248003
-106.55422547646057
-109.40853298865250
-97.17889380906908
-92.73707712554473
-86.55889817072013
-85.20698335444267
-71.54345178364952
-53.62012941625395
-46.98512854472173
-45.43668872676338
-44.37739992919534
-42.56984345516872
-48.47241507187294
-49.27233824968938
-45.30802655773093
-41.63735055006329
-33.35597764471092
-32.38449840339991
-43.56148271150265
-39.52912725073522
-42.39473289761114
-40.19498463515269
-55.57050384785519
-61.08146608944734
-62.37888012619471
-61.96789213191578
-43.97344429563665
-47.26508591451702
-38.71393540335795
-44.44208518623936
-51.45544629729184
-35.69666114729511
-65.61921122342156
-79.17267770913733
-73.56454232422038
-76.60293347663590
-86.79658004460012
-69.58367431429522
-67.01575281118633
-70.54212414093496
-56.15844239036218
-51.18030680432735
-36.52083415343744
-39.76635480166711
-38.58867486599745
-59.26929027558862
-60.29084892999468
-89.34596205559433
-84.58395430290670
-76.06583871405080
-84.81994859540096
-85.52491704702069
-85.16523471763880
-74.03204352348742
-69.85872066408449
-67.99383358685712
-88.05799595700844
-85.12774736054189
-91.95219447328284
-89.21213677992577
-76.76204961291721
-92.95925981349555
-70.70146081986655
-66.32882715387076
-64.72030686914786
-86.47385228665647
-82.37253751447412
-65.25346431280380
-64.66865282321083
-54.65861818377626
-37.07416277850573
-59.79255888867417
-56.87450668517386
-43.33675940684891
-32.95083418789029
-47.25304385081191
-31.33924657303582
-15.64390730098217
-11.42543885817027
-11.87354650346434
-9.09055811194344
-23.23664669586771
-28.08124434316653
-20.28668699591166
-17.68811978089859
3.13988998396642
18.16082971914940
30.80643459376452
39.89828602868868
34.99484740585474
43.02129521164992
45.94592742630788
56.66119622285326
47.37710412796560
48.12598251062214
51.86535068384188
48.02478602731853
43.51062942817655
47.13472862600211
29.22418823131226
28.44672963459451
23.42827339874003
8.75056621201706
19.63455458926870
21.97774716107659
11.36392535323294
7.87261147478392
9.74925056408001
1.35949962092243
4.53065344494254
10.13799053419600
4.83483190711847
-0.40688141100669
1.22788683258788
-2.22391081183322
11.82476097103774
13.32317674978420
26.66541988308747
49.24856025974256
44.22126641244792
37.47501852102903
35.79661842280897
33.61526248051273
45.05702610105095
55.28567111144019
54.43990397933285
70.32200152242409
70.79114807124228
78.19262214520833
82.76069066333177
90.26387639078621
81.41470100463880
84.74632589461328
75.67069857466475
71.55119760380053
68.74374328316871
64.43491358018244
54.24201905167578
51.13911844744872
64.04342235865828
55.74286330758324
66.60798221401625
55.56818430310115
49.57212464056294
42.70129068429338
51.59092550620603
27.70966380892384
23.59606012315206
31.35304794223116
36.60644280222071
45.73961673837397
61.48518653275330
65.29128068745382
40.21037873754734
19.41482701960307
29.95148263506267
22.41484976474756
33.43841406687827
27.23950602216416
22.81660236453868
31.68922658758873
52.06938521413052
59.10153440831117
66.00382574445578
71.76942627921477
84.47789475368987
66.87640580667875
88.02619263400594
92.04668226870326
68.72506887435375
73.22088826047269
77.52880441960644
70.76649132586093
64.41752907871209
57.24898427269765
77.83400112501890
90.33016220074842
79.62489193995840
96.39102382392004
114.07169203334333
127.18556572499786
138.37646778070254
147.59122292669537
158.04421848100193
164.83372776331970
179.07388354205557
179.57655731451507
162.34749102975348
167.96442651361784
179.06161312661766
152.58524980075842
138.17455947369666
122.86153185193248
113.73279290645283
90.22175383099261
110.61388725509705
122.71955194870309
109.89366753710360
94.96980190354941
112.70406665902539
85.62263337153310
73.96311584754434
67.99625577431519
60.33654773802827
28.12141556837257
15.41012049876239
9.45423719151721
4.65060660563250
-14.52363450590915
-31.22743433847193
-32.50325025321086
-31.97287634694720
-42.21791079098260
-43.76503396841662
-12.88513000505082
-12.22877687020119
-15.72306162632843
-15.14631140996858
-21.01099996523083
-24.13668600763204
-20.75064094071381
-36.79592931248110
-51.69080528606149
-69.17451693158148
-73.49413692974960
-63.34908616925279
-59.01289930818078
-26.56361590180907
-58.08288115344070
-26.22654550130349
-38.13964709711514
-32.86449634232797
-31.98867424414742
-28.31977018783833
-27.93161217446560
0.79700141948492
28.89968832966443
54.34731404107907
79.09173475328591
90.45879171344870
85.70812852035074
78.00900010652418
97.56812360145867
114.62777603488232
117.83719563694784
107.54874092473761
124.76575748669883
139.62264046617622
115.98811858361806
104.69146512927685
123.52847067535113
135.55796959335183
149.69372216095104
132.11434570523298
117.57596505545885
133.29277794460558
144.86576111846176
158.18919047946724
123.26615261917449
108.24168970406933
125.01339536669521
106.02556855988155
120.16328201100060
135.52335220332782
121.98629925097498
107.85375274154957
99.57439170815977
116.34829014480171
132.07013494026620
139.54850806671621
147.35573738422823
157.78391615407290
166.39955524950150
135.46405788884897
141.86648497340491
150.12694504257848
129.06086337980219
109.71440950249372
121.06468883909265
107.72847858687344
94.79274431636112
80.96708827288700
72.47827247398813
66.17508526132120
86.80207735641859
98.19053044204901
87.63660763582926
101.69921896320128
88.30570540342013
106.45581086073260
116.45432263698473
104.14307647743061
114.94138684829718
131.28581929054266
140.21669460420111
151.99096230112599
161.90414403768770
164.09150398324482
173.42837982799176
181.27306611015885
185.15491834069826
192.73939711584896
166.65252083102180
177.73346937035268
190.29232265725386
199.36988703745158
176.37885581801055
182.21568173303325
165.27113727289534
172.00216542905164
180.97624865038301
189.64428353628472
167.49618901997755
154.47129811761366
163.70066141156235
150.51678870978225
157.73084011456052
143.97200143436595
152.92697390204006
161.75339342327018
149.88414528797978
154.95601581718620
137.27034447977823
153.48218913831357
139.04654241878808
143.45835302402415
131.15304159155431
120.88302770454116
126.57786581867518
136.91639896440392
151.50904119049207
133.14253419661350
146.00947039453965
131.73281704204632
117.06799286944378
93.65903128981901
111.00759187601780
123.00939157470218
137.00610370702685
126.36042595475662
137.95409857397618
147.99651637848700
157.89033005484112
170.05954454374208
174.81259510895660
180.95170671816007
161.33723699859345
167.01479669822140
175.59560624324851
185.30172061211164
197.90512981873974
206.12180826501663
213.21091095551100
217.83074634983655
