-10.09321361320396
-9.02255866519964
-7.79525373550161
-5.70006701866652
-5.55865944783434
-2.92320017301598
-3.66138789042260
-3.97038731360538
-2.78280035894321
-3.39216794674435
-2.36389995806959
-2.30476934098546
-2.01854822119620
-1.73469409801662
-1.05763510546273
-2.14977954297350
-1.78060340632663
0.49995553789465
0.96763207289911
-0.16468654074882
-0.10684651667108
-0.67053987588990
-1.40242535660653
1.42514389487430
0.37560031417950
-0.87851138261103
-1.51357284120918
-0.38925438949351
-1.27203599964117
2.36983627727561
1.57204522561520
0.80841936697474
-0.21517872137421
-0.57226121091650
0.62814724739753
-0.17007817201058
-0.82139181856775
-1.71513513834314
-1.16374045510057
-0.77810897943418
-1.34986661689504
-1.34039387513146
-0.97782029877117
1.27929515520544
0.81401426097926
-0.00881439729250
-0.57150998427299
-0.81224408657546
-0.91388017016111
0.25159026594160
5.72535391528167
4.43037329490499
3.57278639285282
2.96177599193581
1.76624482834414
4.05658789982358
2.70508971816642
5.36250833595104
6.81797974062129
4.95890779417560
4.57323620542893
3.87309694507235
3.35832453821349
2.35838476554025
2.24350227262277
2.85184886500851
1.96564846567373
0.71958853791451
-0.05426745454486
-0.42080347981104
-0.45171370663512
1.11289473313899
0.70145962227621
-0.37845055906757
-0.76150898017406
-1.12012434885496
-0.46244906395032
-0.13942256368429
-0.92162413029208
0.35569818263740
2.41691985663972
2.63385914299353
2.50714175054504
3.87066221317749
3.66393968496076
3.00558260600367
2.45307261117543
1.93271504919086
0.75244621633835
1.93812184689609
6.65195395797076
8.27534974243314
6.87155976947293
6.67869354279141
10.91474720742504
9.44197909962513
9.05566262779254
7.89257875924164
9.02445178894615
8.38916478978447
8.11761267980419
6.82955695257404
10.12563091687699
12.96060205545520
12.73421682336649
16.50258108820255
17.21850858849029
18.18391064453621
18.18109126532320
17.01040828372760
16.43157417133444
17.53786057640025
19.26880770214462
18.82950224399693
21.14377611706383
23.40675958801369
22.75446333028928
24.95529104774115
23.19310929657067
22.94930290942973
20.71300885361449
24.84872879144253
22.36047796855689
24.33852853432765
26.74671112897327
25.27505522234851
27.28955006219652
28.37556212381148
26.71088012268731
26.97821025769002
27.21740348253219
28.00559256563637
28.01883329366065
30.15056958952607
30.58794600505417
29.54538839408762
28.99310531257695
29.50114685942587
26.17383397281485
24.32060737375368
29.72001693855586
30.10227720057147
30.33048993250008
32.93295448565384
32.51359427653742
34.33615021187438
34.15100739218601
35.35878862513063
35.27090785504390
35.61797173499035
35.17865944823775
35.21598518611241
44.52751724943673
44.41500067960565
44.70933223803404
48.51048767656152
51.53729208531165
49.33402579152100
48.85451515467044
48.55315343207293
49.50750668951571
56.50463102144484
53.43145559315155
51.52420571489300
53.37740557842178
55.10190268607752
54.20659034340912
54.17363246733396
58.41477948821724
67.40459414653311
65.41641877009955
72.00271363244542
66.73672352137112
77.51056355853422
81.18810718234351
78.01571049608557
74.60118866812998
75.58221286742339
95.36764118087311
101.61475993046801
101.21236014028413
117.80673794864552
108.27869635085671
107.38803101635830
107.04236664564677
101.76975553577192
99.35549608966105
101.59057189472598
104.25709872698314
109.75875032387803
111.68293669700699
111.16708673278295
114.42721937200110
117.26350385555452
114.34578266345390
116.45831079033712
119.39107555559714
140.86954896022885
147.40116140917431
146.42750323657276
142.13323172282907
145.05309030416791
144.72845329704836
154.09093297238812
157.86304309885827
163.18656540828420
195.44386684615290
186.75294202978239
174.86770011932464
170.74825368648024
162.42809718991907
156.98891894852562
174.56159815276351
171.16053179637291
174.23544999507388
171.29530937884098
165.67094517296871
158.15261439360091
159.07152780137798
165.35608014704468
153.26609369234177
146.86592051977601
140.76231492166141
135.67201910712916
140.80474840654742
139.43263780898002
142.10207971374027
158.00502507220304
154.39896356780119
145.37008065455072
145.92928494372745
146.23559034040522
147.26391811745518
154.55650489158978
163.49619156311584
161.99061472937254
155.75614726282544
150.79420433303721
146.15743224230866
140.68243956417643
138.82182784280866
136.78256593540436
131.53346665312148
126.02406017889470
128.83148658967556
125.42715335646275
127.08531457649970
132.28347407195039
131.00084878035727
135.21280006039350
131.24082278614463
125.77947012275162
122.80596224851385
116.38348575108773
108.90593979569569
100.79663337912244
93.37921558320608
86.55892688820369
80.82929583054552
75.87231977570177
73.47612922891071
75.54215790001571
78.67681096222363
83.27848632714931
100.24863568907563
101.61409463629958
102.50634959585884
105.13683250398122
104.38781543933905
105.48017446946359
98.56454739591484
99.66263765980780
101.73372989957230
110.58072053925507
123.31304562140173
