-10.00000000000000
-8.90000000000000
-7.71000000000000
-5.73900000000000
-5.56510000000000
-5.50859000000000
-6.05773100000000
-3.35195790000000
-3.91676211000000
-1.12508589900000
-0.51257730910000
1.13868042181000
-0.17518762037100
-0.25766885833390
-1.23190197250051
-2.10871177525046
-1.19784059772541
-1.97805653795287
-2.08025088415758
-2.07222579574183
-2.46500321616764
-1.81850289455088
-1.93665260509579
-2.34298734458621
-1.90868861012759
-1.81781974911483
-1.73603777420335
-2.56243399678301
0.99380940289529
0.69442846260576
0.62498561634518
4.66248705471066
4.99623834923960
5.79661451431564
4.51695306288407
5.66525775659567
4.29873198093610
3.56885878284249
2.41197290455824
1.47077561410242
1.92369805269218
2.63132824742296
2.16819542268066
8.15137588041260
7.53623829237134
7.18261446313420
5.96435301682078
4.86791771513871
3.88112594362484
3.89301334926235
3.20371201433612
2.68334081290250
1.71500673161225
1.44350605845103
1.19915545260593
0.87923990734533
-0.00868408338920
-0.60781567505028
0.35296589245475
0.21766930320927
0.69590237288835
0.32631213559951
1.09368092203956
1.08431282983560
1.77588154685204
0.59829339216684
1.13846405295016
2.32461764765514
2.59215588288963
3.23294029460066
2.10964626514060
1.99868163862654
0.79881347476388
1.51893212728750
2.26703891455875
1.44033502310287
0.69630152079258
0.42667136871333
-0.61599576815801
-1.05439619134221
-0.04895657220799
1.85593908501281
3.57034517651153
6.91331065886038
9.02197959297434
8.11978163367691
7.80780347030922
9.92702312327830
8.23432081095047
7.71088872985542
11.23979985686988
10.41581987118289
10.97423788406460
11.87681409565814
10.28913268609233
11.26021941748310
11.63419747573479
9.47077772816131
12.22369995534518
13.50132995981066
12.55119696382960
10.99607726744664
11.79646954070197
13.31682258663178
13.48514032796860
12.03662629517174
14.83296366565457
14.14966729908911
18.33470056918020
20.00123051226218
19.40110746103596
16.46099671493236
15.41489704343913
16.27340733909521
22.14606660518569
23.33145994466712
25.29831395020041
26.76848255518037
25.49163429966233
22.74247086969610
23.86822378272650
25.68140140445385
25.21326126400847
23.99193513760762
25.99274162384686
26.79346746146218
28.31412071531596
35.08270864378437
52.97443777940594
51.97699400146534
56.47929460131881
59.83136514118694
87.54822862706826
97.09340576436144
110.88406518792529
104.29565866913276
101.06609280221949
100.55948352199755
106.00353516979780
98.90318165281802
91.21286348753623
92.89157713878261
101.00241942490436
114.30217748241394
120.27195973417255
118.94476376075531
126.25028738467978
125.62525864621180
126.96273278159063
139.46645950343157
141.31981355308841
177.18783219777958
