-10.00000000000000
-8.90000000000000
-7.71000000000000
-5.43900000000000
-5.29510000000000
-2.76559000000000
-3.38903100000000
-3.75012790000000
-2.47511511000000
-3.02760359900000
-2.12484323910000
-2.31235891519000
-2.08112302367100
-1.77301072130390
-1.49570964917351
-2.54613868425616
-3.39152481583054
-2.15237233424749
-2.03713510082274
-2.53342159074047
-2.28007943166642
-3.15207148849978
-2.23686433964980
-2.81317790568482
-3.33186011511634
-2.89867410360470
-3.20880669324423
-3.98792602391981
-2.88913342152783
-2.10022007937505
-2.59019807143754
-0.43117826429379
-0.68806043786441
1.18074560592203
0.66267104532983
1.19640394079685
0.57676354671716
0.31908719204545
-0.71282152715910
0.25846062555681
1.03261456300113
0.32935310670102
-0.80358220396909
-1.62322398357218
3.23909841478504
2.91518857330654
1.62366971597588
0.96130274437830
0.46517246994047
1.11865522294642
2.60678970065178
2.24611073058660
2.32149965752794
1.38934969177515
0.85041472259763
0.66537325033787
1.79883592530408
1.11895233277367
0.30705709949631
0.77635138954668
-0.00128374940799
-0.00115537446719
2.79896016297953
4.41906414668157
5.07715773201342
4.46944195881208
5.02249776293087
5.12024798663778
4.50822318797400
4.45740086917660
3.71166078225894
7.54049470403305
6.78644523362974
7.30780071026677
6.17702063924009
5.15931857531608
5.54338671778448
4.08904804600603
4.48014324140542
4.73212891726488
4.45891602553839
3.11302442298455
2.50172198068610
2.25154978261749
1.02639480435574
0.92375532392017
-0.06862020847185
1.23824181237533
0.51441763113780
3.16297586802402
3.24667828122162
2.92201045309946
1.92980940778951
2.93682846701056
4.74314562030951
3.76883105827855
3.89194795245070
8.80275315720563
10.42247784148507
11.88023005733656
10.89220705160291
12.10298634644262
10.69268771179836
9.02341894061852
8.52107704655667
7.06896934190100
6.86207240771090
5.17586516693981
4.35827865024583
3.32245078522125
3.69020570669912
3.52118513602921
4.26906662242629
2.74215996018366
2.06794396416530
1.46114956774877
2.01503461097389
1.91353114987650
1.52217803488885
1.06996023139997
3.36296420825997
6.92666778743397
5.33400100869058
6.20060090782152
5.68054081703937
5.21248673533543
10.49123806180189
10.84211425562170
13.35790283005953
12.92211254705358
11.72990129234822
10.55691116311340
9.00122004680206
7.60109804212185
7.74098823790967
13.26688941411870
13.14020047270683
21.12618042543615
28.41356238289254
30.17220614460328
29.35498553014295
27.61948697712866
25.85753827941580
27.87178445147422
31.38460600632679
38.24614540569412
38.42153086512470
34.67937777861223
34.71144000075101
41.24029600067591
42.71626640060833
45.04463976054750
54.14017578449275
50.62615820604347
48.76354238543913
54.68718814689522
54.31846933220570
49.88662239898513
47.59796015908663
47.43816414317796
44.89434772886017
44.80491295597415
46.62442166037674
49.36197949433907
46.52578154490516
44.77320339041465
45.39588305137319
43.55629474623588
52.40066527161230
54.26059874445107
61.03453887000597
64.53108498300537
76.97797648470484
91.68017883623436
101.71216095261093
95.24094485734985
103.31685037161486
110.08516533445339
120.37664880100806
109.93898392090725
100.44508552881652
90.00057697593486
92.00051927834137
84.60046735050723
95.64042061545651
99.97637855391086
109.57874069851977
115.72086662866781
117.34877996580103
120.91390196922093
126.92251177229883
130.23026059506896
134.50723453556208
139.85651108200588
151.27085997380530
149.84377397642476
143.95939657878228
139.66345692090405
136.09711122881365
123.18740010593228
111.06866009533906
99.56179408580515
89.80561467722464
92.92505320950218
95.93254788855197
97.63929309969677
99.97536378972711
101.97782741075440
102.88004466967897
104.19204020271107
102.57283618243996
103.01555256419597
104.51399730777638
94.16259757699873
94.84633781929887
95.66170403736898
97.39553363363208
94.35598027026889
95.52038224324201
95.46834401891782
86.32150961702604
86.88935865532343
92.60042278979110
92.24038051081199
85.21634245973080
87.49470821375772
89.04523739238195
91.24071365314376
94.31664228782938
99.88497805904645
107.59648025314181
113.33683222782763
110.20314900504486
110.68283410454038
111.11455069408635
111.90309562467772
112.41278606220995
112.27150745598897
111.64435671039007
112.37992103935107
109.64192893541598
99.77773604187438
98.99996243768695
98.19996619391824
94.67996957452642
96.11197261707379
98.20077535536642
88.88069781982978
90.69262803784680
91.02336523406213
92.72102871065592
92.14892583959033
84.23403325563130
86.51062993006818
86.65956693706136
91.49361024335522
92.14424921901970
90.92982429711773
89.93684186740596
91.34315768066537
92.60884191259885
95.94795772133898
96.25316194920509
95.22784575428459
95.30506117885614
94.27455506097053
94.84709955487348
95.46238959938614
97.01615063944755
95.41453557550278
91.97308201795251
91.57577381615725
85.01819643454152
86.01637679108737
88.71473911197863
88.64326520078076
87.87893868070267
87.99104481263241
86.69194033136917
78.62274629823224
70.06047166840902
63.95442450156812
58.85898205141130
54.37308384627017
57.13577546164316
62.82219791547884
68.63997812393096
74.87598031153786
81.08838228038408
86.97954405234567
96.78158964711110
101.90343068240000
104.91308761416001
106.72177885274401
109.04960096746962
111.34464087072266
100.41017678365040
99.16915910528536
99.35224319475682
103.51701887528114
103.76531698775304
105.18878528897774
114.26990676007998
120.94291608407198
132.04862447566478
158.04376202809831
162.13938582528849
158.32544724275965
153.79290251848371
153.11361226663533
160.50225103997178
159.95202593597460
158.15682334237712
154.44114100813940
151.69702690732544
146.32732421659290
144.89459179493360
143.20513261544025
148.28461935389623
155.35615741850663
155.52054167665597
152.46848750899036
149.22163875809133
146.79947488228220
141.31952739405398
130.38757465464857
117.74881718918373
107.17393547026536
103.85654192323884
103.67088773091496
93.70379895782347
98.63341906204111
99.97007715583700
103.97306944025331
110.27576249622798
121.44818624660519
123.80336762194467
127.22303085975021
125.40072777377520
112.96065499639768
115.06458949675792
120.95813054708213
131.46231749237393
140.21608574313655
155.49447716882290
176.94502945194060
172.75052650674655
173.57547385607191
166.41792647046472
149.37613382341826
133.73852044107645
119.66466839696881
117.49820155727193
119.34838140154474
122.41354326139027
125.57218893525125
125.01497004172613
129.01347303755352
147.11212573379817
158.50091316041835
165.15082184437651
177.63573965993885
209.87216569394496
