-101.91507314204296
-117.25501929525636
-140.25504071738993
-155.71120283054358
-148.67408119536259
-147.15264205350547
-142.68798950222890
-140.15993351320424
-144.71551132014457
-142.93783704917527
-138.36243737173149
-140.64959481811727
-137.85580092665080
-131.55422686365674
-137.09499234167419
-133.50572996664999
-129.46384119763076
-149.85886047185539
-141.50931372373645
-135.50901071102689
-147.85733748748459
-147.98004417108680
-139.12067964312004
-134.43333188033853
-134.11126769803630
-137.71854071449027
-157.79513774323615
-152.63085191191090
-147.94992612137537
-168.87501497420811
-155.99194147757018
-155.74964076008763
-160.54700280472881
-155.86418453712653
-153.15332212530663
-148.20163295181140
-136.10268028374063
-134.07658781792776
-132.94978204348223
-155.92186418272621
-150.60148542849214
-150.83279159961819
-153.72561947017215
-172.73558127210578
-152.87392414056700
-159.16432320008386
-156.66027221091088
-151.80181906600902
-148.50093903121305
-132.08100859361443
-141.28181594880178
-145.47744805277225
-137.29491345706356
-149.73917406700320
-141.08861029453269
-137.40159207240291
-131.87158806116943
-129.05252380141044
-142.13579300666345
-131.51465368058825
-125.80967096149135
-124.91175118921856
-121.64209688487858
-124.83440953124386
-124.08004404567758
-123.09186885895397
-121.23553684504893
-114.55708035111816
-114.39693715441010
-118.05578217021522
-115.04787499555901
-119.99408532282038
-122.66293980621046
-118.27645793510254
-120.39313283042864
-118.16723422408587
-116.11167034830609
-115.64480037671754
-118.92946331419778
-116.72064409623201
-114.05902515623187
-129.54291577281307
-139.60662877100586
-134.81024819402737
-135.66966748405190
-144.67346854520528
-133.93362008903713
-138.85570068366275
-143.86963445663392
-142.39295334960087
-129.69097354681426
-125.32542232991398
-116.42232322586258
-107.76834996473141
-115.85977763278089
-118.82818503736631
-112.47885152970508
-104.18202514722411
-94.86409372543477
-106.03032737417846
-97.62453981740835
-95.59098923220361
-97.81490497128931
-99.54119381921468
-96.38053180054996
-116.06769532320052
-111.17650416496683
-109.16882843229743
-98.17699861606080
-101.46827117001780
-99.26599698107037
-95.95503802058043
-95.32787052491210
-90.20501912474219
-88.50520870581178
-85.91186044774985
-80.11593182407491
-75.46210028150288
-72.73957102121499
-69.51649283898408
-65.84285094050996
-70.75688803779472
-70.00592423569736
-65.24469617186911
-61.99278994203154
-59.72697334548744
-60.18820099776986
-63.59007445934453
-61.27963096046834
-66.77059945076640
-64.01921773174553
-66.00083783209740
-65.34169103725351
-69.21540445744633
-72.05849482494406
-70.84657265864666
-67.38605221162284
-70.42764498722210
-65.60826446874125
-68.09653484078235
-62.65319454437070
-64.02266998516900
-57.97026287274320
-60.69993370004515
-60.48785976566032
-57.90380110692219
-59.24911482031343
-58.15527069152230
-97.63165710361899
-94.58683194240423
-86.50435858544624
-85.10348308127445
-115.68246434882292
-111.13073238510881
-108.58720479216309
-104.99597423517659
-86.99767559235903
-191.76663233029888
-187.67852462405531
-174.33453346342867
-182.41142884986141
-187.86733011249635
-183.36953668495676
-169.61738415023913
-158.57063169783839
-158.71704081561774
-147.27203042360762
-150.11319798604555
-143.82485179564529
-152.55487122888479
-140.25906303266859
-136.63001797368980
-140.80741482742442
-123.38170115865042
-123.28545646040786
-118.49583007182770
-113.12488308443267
-111.25182748239779
-110.41396949842459
-106.37754677607900
-104.51972819240696
-99.34810150630986
-95.99007150132375
-93.22499090167565
-90.25110194063231
-82.46404826191593
-78.52974591393621
-72.65720084257316
-68.31711919888571
-64.31510792317097
-61.11054726319481
-59.25517275507638
-51.67372855516338
-48.93750206656001
-46.70112117344485
-44.16806980000074
-43.25684516696057
-42.90268765366658
-42.73293879687224
-45.19473028616522
-42.15372551087962
-43.90789242339344
-40.62698072588766
-39.96522430887669
-33.11254161511312
-30.31020189733554
-29.51673359019210
-27.72276002756841
-29.34512079247741
-25.35183933829424
-27.99820617626248
-25.63801668880052
-25.95945896154199
-25.32078808135844
-24.52231772590766
-29.48401873747838
-32.24670298353745
-31.68331732177674
-34.45599399691054
-36.22839130151727
-35.26517422040266
-30.97897487358271
-27.63518158327367
-30.37370390932265
-28.06619972955960
-30.05156219446859
-26.35928310224230
-22.94567735921943
-23.63499647303846
-25.42816593006947
-19.79372603954136
-15.20401557938821
-8.80445461973764
-8.68763279834707
-5.55167332179433
-2.18678112860800
-13.33786197312006
-9.97576089560423
-3.90912797669120
-0.46589708166228
3.27286026425771
-18.43671548222738
-18.92889053259371
-27.37578357255678
-25.71388977812867
-21.88997993914803
-19.99734000220489
-18.30932955669356
-16.98107658857761
-25.54678253017837
-20.97996521344444
-27.39543637769029
-31.31349685132379
-38.16167508990348
-49.31726708703336
-59.02460418506443
-60.27406833141789
-65.95137956335311
-62.59976951124111
-69.49378232982431
-64.08513521428191
-63.98522146235250
-57.35615087040992
-56.86016747996860
-56.37281746649786
-52.89552820841787
-46.14129942013880
-47.21887960965433
-46.65272007118437
-38.76076498128323
-37.89154824618094
-36.74926049292724
-35.55088795466242
-32.38310766493484
-35.98026050857392
-36.18433908405063
-32.57056125086510
-30.51470171280468
-26.33890069966414
-32.47513984829116
-27.01580217329772
-27.59651925570975
-26.61370676723622
-29.58589526817016
-26.35315440083688
-28.26324413744554
-34.13498684353456
-26.23718979018788
-27.01337130909834
-42.91242679105290
-40.32086132899488
-36.33583586481449
-35.23656450463231
-51.23089287365383
-48.55102263784361
-42.04001092464660
-36.65862171122986
-35.64521124252169
-21.85154705010669
-18.64083348680401
-17.99583467911183
-11.89547563455705
-20.64595267268141
-29.56349130510318
-30.10581896132955
-42.68723012583573
-45.69613237802379
-37.26313693042680
-34.95217185728053
-39.43128446957067
-55.74421787714003
-53.39826058380527
-64.42161391496488
-78.75784206749128
-71.61137666068899
-71.22267658655541
-68.65190193252815
-80.14954750092136
-83.68365470214704
-85.18051037697710
-77.39680524283160
-69.78258456816813
-53.68149648553103
-26.23327084706304
-22.30486281003604
-12.20797838770752
-2.17171970950018
-2.85302442699204
0.26745151074117
-3.08012202296421
-11.54678320893722
-25.50971581703586
-17.76285661138797
-23.58555326632750
-20.43630765854134
-20.60141000188079
-25.06339574048894
-21.72039176171983
-30.44189169230964
-28.26843390716276
-39.40850432881075
-44.66405515764473
-52.53596580312795
-48.86421533593926
-43.53397275539736
-47.43935004932194
-54.99918385979834
-58.63029544158876
-53.61451689081046
-52.73773529947504
-55.81959226347492
-49.42487475961514
-25.00492659691756
-18.80028615174022
-20.66089516936956
-18.24145713275930
-21.72115393937943
-28.63246053741958
-30.80181313196140
-27.52737212952921
-25.32354594299433
-30.89525272567712
-29.47344878195413
-32.13754435143246
-31.81225454559972
-34.19556388429959
-32.09353273497217
-32.86215212179513
-36.13708841202796
-44.37485248778465
-37.67450332676848
-39.56843035102013
-10.98047111400653
-16.62489773050424
-18.09060257335791
-18.96482315278233
-23.88770384710751
-17.83032434337558
-12.57711315526557
-25.29403289768976
-28.09947505352368
-20.12994135674165
-20.64685535453717
-23.83818827214724
-22.95236251456009
-21.65978708934506
-20.94320952265179
-11.39927493488754
-15.58186358993830
-16.31652563323779
-6.61860752013169
5.93036101423873
7.13292263897216
8.57440283337379
11.53560888898603
10.80622383317481
8.65939170233915
16.20935232932223
14.69233652319287
14.88633032393121
15.41387142813211
9.85088166397629
6.53031922518950
12.73189113702825
12.32099819651956
10.15695555384669
11.57711485962888
18.61225747437790
17.67291380859695
23.12752457126016
23.79141228917697
22.70861106784866
17.65723998120364
13.69977045590581
-1.44871148928186
1.82681120170638
0.45334180568209
-7.32956458291478
-3.69592981589612
5.64087616631181
11.68056788912270
18.88211135130942
14.53630371334506
27.74689861121524
35.16665768345593
32.15859157209984
15.55062334209178
18.97871888962519
19.06488810448971
18.20449483649251
29.17828960062313
23.36667354684329
20.65026733614392
27.24696600981054
37.00306212477624
43.04294261195853
29.82607233706625
25.19569538472296
29.11605798313994
24.11351214448922
34.41784863334371
36.64999558837627
37.13431918204825
38.16218836680288
25.80367729891912
29.77432704373085
30.95724682911723
24.10362872883487
35.35424600506907
34.54758510266843
34.66283253782137
41.11583860512836
39.17336140882659
25.88669623221503
33.32611530656247
45.52313587508605
43.73634467519442
45.92202994084762
51.07538431523324
52.64821726140541
52.36294556068982
60.28732946813145
47.87144084825644
57.42960982177074
60.94531099627608
47.08303694738740
47.40817998339581
51.31568903741743
56.96353233920791
58.34553492715520
38.73490385335898
40.74039574865724
-1.66855241990386
7.78825009807121
20.02148810228232
28.04965693200404
23.59477486414160
32.49124145370635
38.37194062371695
-9.83239746277668
-1.72720694022097
5.14256124999900
4.97441366679316
-20.10193756191148
-13.94919037064283
-52.48418904336516
-36.76362971315814
-27.35258407063548
-28.36590842410590
-10.98654655510828
-2.44233178822120
14.90933241877276
-5.28815372792667
4.22502522832928
19.39415625752719
26.51324243899830
24.11806994105417
31.59278633354407
29.29676940407245
30.17933016760919
33.23367824293283
42.00144429120282
36.06680592052460
48.66606622530367
45.84643800217442
41.77128077177660
53.61532372850367
64.38724320856346
64.08609915655344
58.85993615424891
70.17607728843748
61.02791233946316
48.54496439641024
51.67565495554146
48.84799887322117
39.56486021504962
41.95149030479905
38.59693510976341
34.80443929827408
44.60222684829206
54.41230317039711
51.35381796989853
40.29421726676202
42.12961136810979
39.40296071863295
38.44966472437849
32.62316715545622
36.90007909071210
38.16582083128192
40.51148730268376
47.23408560073237
45.24042099367574
45.04999895913456
39.00902951818741
49.20689674948360
44.83564681049015
41.14481522954121
34.11647549020893
43.89207439403530
62.42533885039269
27.24125248079509
19.86559445490539
15.86698478240060
28.70893127425230
43.23115076128077
36.47906579193448
31.17426963451967
25.75938673753553
24.38648546561823
22.01495697019741
23.84496758601508
25.39193213249210
22.76533100812508
21.92666960854347
27.43051604361827
40.15393111955180
37.37208464646164
46.95561570452191
56.64049943477027
54.29718706495165
48.75086174423485
60.28466284409581
53.33465976924236
49.68215546878403
57.79019020321206
49.12745859026297
57.78761718062135
52.29427156445193
47.99039766541019
45.55573006932205
41.52347311769087
36.86477496641428
50.99476267226547
62.12828712267191
55.60585854207186
49.26127103182110
46.64872228725859
55.87500175145145
51.42376560969601
60.36908944008373
55.44964986781906
48.07569082172985
44.35403461235268
40.92567945503819
50.86198020160609
59.31219435952686
52.33026536829093
45.09926429178125
42.86405022875334
43.54704701263898
51.41401171125982
61.67046776165164
73.14830922924691
76.17654993348256
69.96180790334134
78.48536880546199
65.97541075236300
59.04352648234320
67.88315583339640
66.25420820356949
76.44616610992038
79.57716806619302
68.35919863897517
69.56089326890849
69.39726007172385
79.08767012069465
77.80162448712333
82.70985440059420
73.39138357254187
68.28377235185029
70.63374727259269
55.58799518082452
43.91185645702854
42.22677577076030
46.15470002656170
36.97996463286520
42.53169467083536
38.05882611983144
30.78526253724153
45.36661202368033
44.65298106300952
43.16294920782187
38.83527936636150
34.56879054617136
45.67734830083781
51.39202003352194
58.63453215695796
55.76585461515426
69.56644544951857
75.99794946149188
88.29954718545034
60.20101756251466
65.00682045965621
68.39452154810084
75.89022034539695
84.05082525737610
83.36061519513808
85.10431461966927
76.80961379807971
84.27928761430611
92.32508354523016
87.58481601564550
86.63860517618991
94.36821727367287
96.57670964447067
98.46277404334424
97.24544516613973
95.91803388722946
86.68200734115044
80.20002690950936
77.07658188612271
65.18339003704736
74.73094955302332
79.24090656770591
69.84016730084727
75.86649103098517
83.64460622429689
86.22133021797023
77.31394159851389
71.21254970388659
66.47019607245161
82.03469531728933
59.33785956459932
62.94762560072988
64.33739609495883
54.16495707625027
48.12635578650917
56.23480431156447
60.21231731310986
67.88839509905051
71.50108019471557
84.64563356586295
82.91163223042992
86.79040684568182
89.38722633423896
86.68568838379036
94.70207911770166
69.40900226054471
74.90076971735699
77.85834422233961
67.13764314208987
68.95000737515636
74.24568693214299
81.09361418219271
84.17532618822511
88.16643815034257
76.59413405777880
80.63874355284044
85.76656700204509
92.53983737325632
90.96397656530164
92.83334654880007
96.34900807539096
99.40398920267100
98.99126458025465
102.86397725976680
108.97237485558072
117.25084878011376
119.87807575304180
122.72043707021392
122.31479756036390
123.42137123191630
112.16059433094588
120.32348094472836
119.81884828006665
124.86374330457390
121.98499446943458
124.90890717986599
126.86559037197890
123.95217631302607
114.78044618959304
116.89308947500129
121.78912570178565
127.54627104921011
124.50701224696718
125.86187253168923
130.84836368598192
128.46159630263105
117.46312284798972
119.91983469442248
116.13110577404142
102.75977648921848
89.96623771171097
98.71466868016650
108.43095677966353
115.07855408054661
110.78189408540328
111.91806488466976
110.69299665881634
99.26378939708107
86.32287933960257
79.25042900348946
86.78828845910917
93.88812048778244
98.88339637684463
107.09630734634675
106.36953330071098
74.62427798056686
80.65766924335348
85.00499499552426
92.28548816836603
92.22642068249156
97.97650939629267
97.91221371533844
109.95296619771887
111.34441102205915
114.96759199420990
116.05102395344120
120.40302245136392
119.37685678162157
120.17689074618802
120.31790627932297
120.59161215868467
121.31123233959465
122.08916240458984
123.00017654628637
120.80749185948409
117.84130084252180
121.41369070918282
123.19562670866925
125.45083788022826
134.63436967690146
131.01016870807027
114.96374840696168
121.93860482647065
120.27166047575199
123.47127313632174
117.00619778756123
122.57737721790896
116.31117781069231
124.39633968882785
113.11536157876542
113.82006353750802
102.78964265659373
95.75464710243689
102.26885017517287
107.10799232968111
97.24547891742307
92.61624508344090
82.69853080165953
95.11710464006813
82.97820764906646
77.49381490850652
63.22463822290501
67.30291254724818
72.08064479763711
63.10167318150540
59.56438439833975
69.68068707555231
76.49462092295578
63.89992631269452
70.65638840474213
67.09351733224385
82.14760701097795
74.72436565420762
79.33467205664655
77.85532184533820
91.16918121676999
83.87839638801239
91.60428763509459
99.49741444023128
103.90357030875322
93.70478936288910
98.27756120230620
104.83029193494343
89.20803314409349
92.80745414211582
97.86077819848548
90.24078021193074
81.30645732524167
76.77517122040308
89.55079495689768
82.54978506977815
75.48922470860582
70.08035966995233
79.28115182904088
70.12393742893666
63.92532994900742
59.40481445583752
56.17640001578658
52.02626617817312
48.91439711605930
41.93069070666625
39.19584976725696
36.96824256413677
34.09212120237764
45.16618470493123
44.92754505200339
41.01071353761510
51.12712932467598
49.40141782813424
59.68866954187781
55.82704697566112
52.34089847053136
64.38131099455346
57.82014109558578
51.34420142141305
45.90968857949910
40.01495087933970
35.59613992232457
30.87930670344412
27.92506143979981
23.04807727818137
19.32135973899657
21.19372199947554
16.79624903763571
14.66044802950020
17.10317796285815
13.45695787498437
12.67657557182896
15.34896709877304
1.76932667571188
3.81280140295543
-2.98671912253098
-2.64146408644141
-8.24828530811145
-9.29820622752751
-7.95444799999783
-4.99106442779189
4.88874060366652
-0.31233673213708
-4.04317511149270
8.70484236926624
7.49655437746050
17.85585843430131
13.93427561422062
17.93250535287696
7.67385524319132
8.08873589951894
0.97608154011783
1.27102783936612
-3.78679285948306
19.67914083435188
24.80730697306047
35.14247812729617
24.54608771075818
16.52051194821529
13.16152234037010
5.63264605450118
3.77602731764286
22.14062935556937
15.32742853282754
27.66863273693754
5.90631219488533
-23.65830898757941
-23.56487771996014
-26.07093470561695
-33.25611719595159
-41.56212667932328
-38.89964155417224
-27.75818130383295
-8.12646990380037
6.50162617126655
-10.03410969822357
-41.64120026239854
-62.55844369474722
-95.14750591598707
-78.53126141327827
-74.14130282232770
-85.00053857367803
-83.87968256567730
-82.99096799898243
-84.48582581745144
-101.33603557484386
-95.32115832086977
-107.59047573412219
-77.63917438126782
-96.18180981271630
-71.69154284694213
-83.25574082584336
-105.60211922503133
-102.32158330939150
-73.03413200720590
-54.79556814805105
-28.84909153843209
-31.70989217276908
-29.14400283177922
-28.37916724590924
-34.53232720755236
-38.01868665452846
-34.92327774785677
-26.60168014842972
-31.38731451608992
-31.20339866043758
-32.18362770994987
-28.12357429082842
-27.67893919898752
-28.29631218466138
-4.73064476454238
-7.00737794579983
-3.99618920735765
17.01386636377591
17.58340258000684
14.18957486705802
14.34810507700277
21.50136228117485
15.28165000257708
10.88528340523013
5.67652978345684
6.86812838180587
11.06584707091520
8.81910218276579
11.48720246626948
11.14887559417465
10.02009412993641
12.01811373667154
15.28357135522296
15.05015613310061
13.79381333192563
11.45100939938687
11.12872409701382
12.61202709238564
31.16979340940173
28.97867313497876
21.75507155560634
29.11211420670656
25.22328061854005
25.24177645763161
37.28544390122315
55.74084579209514
65.20107647416008
58.11880064895163
63.15850482112751
57.47965344114019
49.28963333584851
44.59345024383113
62.35159471641288
58.25033623468440
56.41534695709846
54.88290707797890
52.48643227814139
52.15040047244680
48.80897147881669
44.42943715265179
42.73659200420138
37.82938913684011
34.77389753591632
41.77778912956133
60.47777045974522
56.46728991571020
59.55539364849613
49.96527799736246
40.86070517007896
36.60194200489214
42.68817237032005
43.67096928909652
41.12008537984397
36.30081974762497
33.13634841689738
41.95797330459428
59.39479829292262
55.70926320478520
70.94794826479009
61.48237032505617
51.71643081759463
44.23895890779410
39.01388807823679
34.79965145517198
20.21874293356815
13.90860237325858
7.03169670637256
28.22966973663866
25.15285084740169
19.78050018701890
18.50821608287454
35.49654488195478
40.06859830279708
35.04027801164035
32.85371924626412
30.38543580305595
20.34657295016559
11.76536148306865
-3.49092372543270
-5.69715987098710
-12.22499879209853
-26.87171273036702
-33.81714910644569
-33.12522664892009
-12.38738289985178
-11.50200336739111
-15.74644489309134
-13.97913430010095
-15.29281859672157
-13.81092453494649
-14.12045074848045
-21.85934096450987
-32.84086463335289
-10.46593657435152
-13.26288612871546
-18.73252467096102
-23.23768267621245
-21.26739914724419
-21.64285447255728
-18.51444912545685
-19.84247690900701
-30.29201980142401
-30.95663955203602
-30.60016030319319
-24.42703076054261
-24.68289691777286
-8.26819010228838
-31.22624713904115
-29.58259098739136
-21.49570379845283
-22.96183658230905
-23.00837342123816
-23.86754874532705
-2.34118305755544
-5.44358563399770
-1.59978791315745
-1.92884044478012
-1.67773584034248
-4.67258949751530
-3.88986352819790
8.37185336049331
-1.58083026243115
-0.53055768335614
-3.70945821287832
-6.39950809694361
10.36773756876277
25.62234383201960
35.57131803766403
22.10307045753296
30.60952321055343
31.80980183156057
42.50679288618036
44.86286599346690
36.27090551391628
27.77337661535055
30.40217510964172
21.18741949912667
36.56098282610466
50.83291842035958
45.88466948400260
35.01591396459776
28.58505669431489
33.76521679198834
50.70638031180309
47.18928284452291
41.44946663588795
57.82375964973581
50.37128476224393
39.13166808074385
38.18789581258083
30.70454688489999
20.22692092864468
20.72835273394170
25.40642220831206
24.12556963037869
24.27347610423498
24.73246471906029
44.82339493685031
40.42402216209994
36.44568593963791
29.46543926738585
37.68711361451906
44.17090990672144
36.47760110700400
27.21681658322904
35.05387988724129
41.73691655166243
43.18905995838760
39.60293261185196
44.63783050989299
51.66166465425704
47.46168925521426
38.59720185685864
33.88769484203611
30.97067638723445
34.26899228379715
26.13306803542338
25.22217591524528
26.34825625509764
33.36231325287466
25.49984239405006
24.12517323821119
20.78226893280703
14.20988957482091
10.27018658927573
6.44852209220837
16.02703061059518
13.85457511757683
16.75889492444315
36.88900433309293
29.38008388670337
22.80336000489615
33.63305800277017
42.08083568244197
41.77430236774587
50.61671234858424
70.97254695431656
68.19084651921936
77.29925865053734
74.54254240781403
71.96259330010352
86.34636497960589
76.32925088108338
72.16586460447114
62.44632141029239
67.73529585431648
62.29896136303585
56.21367492328959
52.98243015582385
63.73656913262660
58.78714154809811
55.11594151872509
48.82364595351507
48.45147116973873
45.45717715956788
42.98231191510239
54.99887505497473
61.11796346995963
73.85382437831767
76.93689057920582
81.73332253868834
68.40049630194909
75.93102363296511
90.71647976777841
85.86764309317131
78.08259208443826
77.58904037164112
66.86176910452122
59.70395313799563
75.60369395095103
76.45014116464722
63.83933538735950
62.97055100643843
57.65022563435362
60.53270672291008
72.36695264279501
68.91425359180587
73.38347766016848
59.45600173955695
47.80646483713408
38.65832144831583
25.82842281067005
20.40765615850464
-4.32371666576512
14.10264875612936
9.42841042910041
17.72592850067542
13.23132806499200
6.93797160670403
23.98737919696039
-5.84768467146914
-18.95551641184036
-21.05182847744122
-2.77507475015269
-17.06448865415597
-57.24105890521601
-54.51567036746061
-77.56299130953155
-74.67083170703378
-69.75657037295107
-64.77304019495082
-60.43023304970105
-38.45352328862401
-28.76648815057980
-29.86781878300702
-30.99085703068106
-29.57804929464986
-25.28227888555794
-27.92310207663996
-27.24081737723279
-26.10129973237072
-23.69274564485299
-26.53153541896490
-28.50660300573510
-27.61142526249320
-22.06609176371933
-22.91955492208108
-21.26089251555879
-16.02661503347683
-14.81987223403087
-16.76458723361796
-18.59988074846427
-19.34685074339668
-23.17327653542944
-14.69037573248109
-14.96862276033822
-13.73511284991563
-13.80336215157951
-20.09931598393584
-25.18100419061285
-22.27578165906622
-24.03075503564678
-28.40105503140993
-31.27653578676977
-29.04303846896406
-25.94887623576873
-27.57925822690866
-26.58855356485228
-28.52683325211433
-39.65967484535511
-35.23006467955842
-27.51811067443294
-27.97570418355507
-25.70385838782997
-27.95713111220451
-26.39098293082428
-25.32472130103900
-25.79252012611750
-27.28137341705548
-30.73713188033473
-34.52620169958859
-36.39993073301335
-38.13708681754991
-36.23273200900707
-35.85451291691824
-36.95956507220827
-38.87545083065224
-42.08738812756845
-41.69072741310752
-41.04922801497244
-34.87308825860759
-31.83609816656969
-31.20960485779014
-28.50318118637986
-25.89696995983148
-27.46096347826912
-26.87574922764139
-31.14959998709907
-29.35794307822511
-31.17614918729979
-31.92288329005357
-27.37318874793549
-27.58793205288065
-25.77127114206602
-24.23968885920780
-23.88878393731114
-19.94765842108101
-21.50769654786632
-21.74796772939206
-20.37944498624078
-14.17554779183311
-14.98840251936232
-19.05053809799560
-21.63150206080447
-26.16960917089689
-28.45506730531147
-29.26879351389750
-30.92480505498281
-29.40146069358421
-26.69729099759454
-26.41488475884200
-26.36455084845265
-23.76941264258325
-25.56249267416703
-24.44212341492091
-22.58484618405475
-17.52672605391913
-30.42904912542384
-33.46825990019800
-27.34552669538873
-27.64544061766254
-26.84926429646871
-34.76497675839484
-28.17303754146445
-23.46974119919024
-23.55295544128959
-28.07584955996243
-25.92596087337867
-24.09390549361229
-26.29561062597134
-17.27086870637457
-13.25850766135010
-16.89723853569921
-22.42274650861079
-14.49934544197743
-13.49865492900696
-10.94985491390449
-15.71561392745928
-14.89399630632021
-6.88054838099936
-10.20397060571383
-4.74836186824354
-7.24245390313278
-10.85833231108127
7.86891451947031
23.70173287464169
23.95211149357389
19.94881968446529
30.70702849147344
38.54513505085043
51.54526586938348
59.98195437187821
52.77815073140524
50.93942282650994
50.00845184863485
58.91032299095431
66.59380832452200
60.58822912410126
55.11259771454203
51.70422235089141
50.33885189576507
47.10043425532756
55.15086201933236
50.94441821701252
57.57379182628208
53.29604719755123
49.93051194777590
45.44521922659082
44.44030694413743
38.10645668940443
37.67243005396472
33.94671751263883
42.68124336271932
36.51885487329880
45.75633209490394
41.25412935956444
41.68256784533219
34.82396646937509
29.38534140566355
38.81376232000163
44.45979087400669
52.14646445590540
60.15235468300257
66.63399257271985
57.84866773787230
53.91971565504699
51.62046355540521
65.13950692644607
78.02675650728125
84.38924632580843
87.97574530804950
84.20635111735719
87.36787917173812
89.67035134351966
89.61439378123707
93.26653388896089
83.83939951269514
78.46750157013159
78.45314740087002
81.00134444005452
84.18686428492242
92.41611225091802
86.11822493673424
86.93151944905208
69.91365489306591
59.41839370036650
63.16143174263651
51.84736020198547
41.54414060509546
34.70564656429828
36.68560847196083
36.23719488350526
34.19368350510755
54.60772265688233
47.71079496184126
42.70109251526629
33.95747001846853
32.16430222897816
42.45879977265542
39.72945789143316
35.69085470689165
34.77108879243491
36.05557296178137
31.18521693752601
29.15718079967112
25.36182977517359
21.83693576315837
33.03330162798097
39.19271752870809
32.45413885225721
32.46875488291396
41.40541949505531
36.88955162387434
39.97733670705644
36.87722313023739
24.85315138825649
24.73936291711305
23.70752254798633
25.00976128004763
21.85363121085818
18.55056648203498
22.25988046704878
24.04755306532451
25.27780894138603
26.31351198292003
24.16258647539009
21.62679185127486
33.21950286810178
32.01977526917579
34.73434927186227
29.70165510648332
27.23357104652328
21.81671682293512
23.69823321516835
26.11121098969941
43.22177469603660
56.17817241181375
67.00070657881847
60.98355951564653
55.27104399356168
50.80645688510953
61.95486239607288
43.30736461518567
40.80306922418777
48.05796336489273
43.18673475914712
41.01844463737252
39.44706524724619
47.15903485346326
47.52138565637382
54.20991476256224
45.41870268828094
44.53394368032231
46.29575820706144
39.52095091272800
36.13271879649464
33.99035658295897
21.82995872096096
19.06759052769846
36.58034748692172
34.31881203819021
52.70757393714128
47.66319192416168
40.98035943227401
42.33427947583552
44.47248362073066
41.59735170700822
37.97998170621911
50.30190943709384
40.97807634121848
33.61866280990794
31.67487240069025
23.63809114070942
17.72732696817184
17.45923994661022
31.31085976571327
27.33518307311869
18.41880758701446
20.94541410511015
33.77726251667946
24.49458877076368
23.97070458478380
19.47202782851771
30.92576290510235
21.93547866048201
20.95384379049556
13.46617975664155
20.90998314616611
35.82863262413900
25.64709414080360
21.15217185358353
14.28782034203073
11.98843827695899
11.02490361397770
8.76937904424331
7.24012706152758
7.41519074019571
2.56059824132814
3.86486668970815
5.86609648004647
2.81422456075716
-1.87751140276081
0.64417537137808
-0.04305155806559
-2.70155051748517
9.16279157513773
4.48576899789408
2.60705819365404
-0.84428188685849
3.93743251883494
1.54191425202087
-1.70501395772608
0.82088150898155
-2.39775034346634
1.38306684956811
0.38597856962369
-2.35112643120682
-1.23323854834562
1.70750389179406
2.54296891559597
1.94701220498987
3.30217210689859
5.02245841205868
9.31389114310688
7.35135494067731
4.79603423698231
3.52845532775623
4.03300331990167
3.40072835272750
2.42743643168689
-0.37371336766740
1.26575798335331
-4.86269112300442
-5.30470203240919
-7.98169430040940
-5.81873771667382
-3.62696333137075
-8.22038635164689
-6.55642407374069
-3.91577569938974
0.31275075859980
0.33936522764237
0.91148782901557
2.10306485107204
3.08749516902235
1.36807553467341
0.54995139116452
1.86791761064902
0.93932193242589
15.65625088303030
12.11324820522945
10.01471257578516
9.74029056373986
9.82744451660699
12.63029499388093
14.07725968736021
8.32780852903106
20.99548522608334
21.81063232037351
19.60157151243032
21.21303405896255
25.10225702280248
26.30593314983754
24.80058603075668
24.03020590352036
18.41002693469900
16.22724839025398
27.64192162174696
28.13217455320447
25.90911086429265
35.61101302501116
32.62304013336198
53.59205649512730
46.47889433370192
55.12038915849849
62.26187036533746
49.26260215930542
51.88743149576264
59.35809851355103
49.70293418549645
58.58464470009078
56.79124959325136
54.77055539920898
57.79711750034141
66.86973077419957
62.31328059096829
58.26643529930788
53.04040974132422
66.70052116342684
60.55077959337200
64.53193970200842
58.57726432994239
55.55834150917569
66.19129378293829
63.88729516048826
55.36627877639753
53.17768239761587
61.43152148757846
58.61829665053116
64.26843136649902
71.87332105425716
63.70116323995556
54.22057327096878
45.86687546457692
42.02163331831218
38.32711687093401
33.65655276698352
27.32488140299495
29.50088604046635
26.61373562061718
28.16705361987896
22.62608388488938
22.45075434211845
24.03091917434375
27.21864624472430
26.53363955663477
21.71554653369508
17.66830045349031
16.71290934276075
19.58348760399727
27.02966476163068
36.22317453598991
37.77228523805296
41.61916798287988
47.24708019455440
67.94252913723517
60.71708443813139
76.30964126618002
69.25889839388500
82.03474218251864
76.83997949812716
69.01643161847709
68.90070766662529
75.25406981173298
73.27033406490824
62.73484116741260
56.68688033785511
73.14708193691783
65.85058666799560
65.53870651466933
58.91534850885326
56.24914250254969
50.35816597729403
49.42511280877427
42.22899736222944
37.09947470762918
31.10393216224652
25.45716297580617
35.86027828189842
54.59216448704358
45.20787878759414
53.54981806617013
53.83663699165467
47.24674509690932
49.00203704476800
66.43547426000544
56.55560639082427
62.29283756530972
69.27873485300086
62.66643259037698
59.17743023464313
73.89901217647638
75.79722814226966
70.72316462601954
85.44008430775473
92.54524955887685
79.78938506540011
94.77421868114168
90.61485999589799
81.23737844673101
77.38957220911522
72.09321016933424
59.47668268749673
53.06221485352654
44.34553015000976
44.97482017007376
37.04761215003759
30.89165277443770
25.69640847428557
35.93260588861933
31.54078871414792
30.40073406652534
49.59367944375590
41.86195823946362
54.43849718092441
47.52286122993058
38.42942367616519
50.66348039586391
42.96131637962818
36.98870038671549
35.99602974566093
34.07303792678971
27.91889620641561
19.68247256592358
32.85801216342385
25.07483873248284
19.05246621168818
17.37331782235119
14.49349653805319
10.53560378069422
5.17448961057523
6.63441474544757
0.83004886917502
0.32727929956392
18.47178635922164
14.23246502891478
13.39420320648062
29.19689779767641
27.94299840282649
36.13802522323718
52.21230690015922
41.42540776207464
45.85061829301108
38.21405034998251
48.41626207106415
37.75167154297149
43.40847482011964
36.54535962311007
30.52923570431177
31.05521612727890
31.82815482787249
31.51803720091969
31.98645403002998
31.53591902810664
29.37798387099408
27.91445137113575
17.69080940067412
32.61736291519249
34.01807406709592
28.95668511176383
38.09746676383365
46.46823315095782
38.71166313928634
58.60454945472958
52.70112679359866
43.19632038289954
52.26282767169350
55.82386156596661
68.48872062310356
59.10296263232895
74.31428535642969
90.21578235837752
82.11458843788600
71.35894162248788
74.43018544178810
69.18965480230308
73.02329265457007
64.57629104332193
74.77320297874324
71.07761521251915
86.37621407639575
101.60022767307022
95.56201594449243
107.43820362566521
94.77877136241776
97.26256900208925
97.56541823598863
100.33912136426849
86.73720867706099
82.96426379641856
76.44862516845447
72.42211370027525
62.87016660872661
73.46732962786548
62.21656230124788
69.86601881772300
75.16916532106450
66.26402094477085
72.20194708553554
79.66068628928006
70.71280102690291
77.66782123687925
79.60603717994317
87.70033479462997
93.63787884499368
83.99043455628488
96.25064382208924
87.37114437080287
100.38805531564935
89.28823994854284
93.43428878904038
91.35462228234061
96.61839758977057
82.73063206988978
83.54957602995154
91.38842006928010
100.42530759078134
109.89671154904372
115.30958981189630
97.56144258453077
89.51229849806737
97.02018113669813
86.38267287462473
75.84991053656360
77.65485697146477
63.78036220785400
56.72223736525198
70.37857686085647
74.44672852807030
59.45885165931676
64.69706667169874
72.54541033130947
80.09039027537717
68.31388423766381
65.34808108661835
57.26168230521258
50.79915418353703
40.59954921861101
35.38165977547067
22.73276036119452
11.24439092555568
3.62064931832954
-0.50411851480627
-7.58776364237205
-14.26393214239723
-20.36014854211749
-29.98200790388643
-40.66435004710389
-53.30588224536628
-65.08539348355764
-75.76609406087492
-74.58819049730830
-75.69495419233704
-79.55092402833905
-75.70369819013300
-76.92262745068351
-76.26186555367617
-81.59884807498642
-85.70048515418362
-93.05849325867968
-99.66371486037899
-103.36312693644351
-107.06497322464273
-107.69577418793187
-109.22410230740766
-111.87147082194915
-116.18380465584515
-116.87328418641459
-121.04755946139025
-122.06346658399929
-122.54152525742487
-122.88241783229714
-123.68768756956999
-123.97226255918316
-115.42190730084842
-117.19768002827273
-108.90814941560618
-96.10427510240275
-87.36990302780856
-63.21703875375580
-50.97913613159643
-32.77708556322511
-30.89167710947669
-28.74726928814668
-30.56428315007650
-28.83597372894742
-8.30853455040407
9.65496588487323
23.12430601882020
48.09566600787940
45.37492977964373
62.95625530402309
55.34861184951421
47.40040776610116
53.75501666267542
43.95450955623202
62.38045860961597
50.75817380589505
57.00485436954621
49.28296516473512
48.48900900694285
40.82457793222579
40.13464784625415
33.62695058794749
29.91838002160794
40.07962296905331
39.98798346839862
37.75463382882538
45.87196889504051
40.48369512055635
50.43873674688056
45.34601382740042
43.16889263345812
39.30996068796070
37.90965704708594
31.49575395954553
30.76168097980802
32.51316337209406
25.08957650453200
35.24992470993248
44.86336293838302
40.23474130913947
34.12044466536537
52.27161543873674
44.21650144281686
37.51930276588559
31.74701342396089
53.27108421469520
47.19510102451860
65.09334228079770
74.10283190846512
78.84288199032484
82.91322894943538
84.08757298089056
81.31598873783510
90.35576921070803
82.56207834701290
87.12691568718913
84.76471669451529
76.95012628654952
71.57372559733557
67.32892021982040
63.54009576313580
70.78126099360072
72.48836086006585
75.74099441362523
81.50975446041058
86.92972866846848
90.29393338701706
81.53495598837611
78.99760250579929
83.69126510619432
68.96161423930586
76.43857911095014
80.69237569304340
85.21799249729106
80.91095514604866
73.22692707711937
62.18215154545822
56.80655003816547
47.29644352967462
46.46000074425943
41.66997594018519
37.97301205660677
47.06553271245404
39.35553969382799
39.68121479140194
50.85404947319240
51.71055906257648
49.57661848817141
45.31511614735344
36.09937619124864
42.41239494329550
58.92102292704207
63.83018437949246
61.00379138565306
51.14156071565084
62.54777604304419
55.21086201347470
61.27072102226629
60.19479323004244
72.84426814905004
79.09371524557864
82.96930616942602
83.15632177731905
87.99996703005965
81.74963837861598
96.49876103487114
101.40630688122064
89.30212999260999
102.30024923136254
98.20440895658849
82.69772461324574
76.30758171678514
70.82243525142574
65.05300348459934
60.19131766741959
54.90404012916574
51.83453340569077
58.79299921953709
54.93276331210394
60.99118237540119
58.20088383342748
56.84927068072963
49.67870884833673
47.68928342960367
58.55390044789070
54.38205124555066
53.20243873194278
65.96927868874239
61.90358272991843
69.24337268647386
80.72938940630694
74.18750086774807
62.86854548187030
78.16732015621879
68.26579110408191
71.63074000977926
66.57870015163363
75.12706827979461
69.60084380296007
82.79808335390555
87.32576764388388
90.08486274574459
91.82118095001026
101.33047641826990
109.94205419840732
99.08017618546046
96.13729335128998
86.02912876934488
95.78404320382703
92.45089160116952
79.33683051257015
75.73315189332948
78.11742933386842
71.74575574509578
58.49210026235272
71.12107496537570
74.74941840420193
71.87706112640461
62.06767459650546
54.45633933181900
59.58424176456964
50.56822110535871
56.36561100870260
56.03983121977999
45.20962506337121
60.67687520353989
65.59073856034610
56.14231111422237
50.05267631684594
38.66921214964781
32.13996642576856
28.15894586498359
39.65774195763690
35.38466487150094
33.59936593489102
31.02974393559255
29.28051987872076
44.67660207322474
44.06970088166818
54.22302788810166
52.01987338897073
45.78135111059938
45.03417257266479
47.30694600892738
52.04950762361009
58.41384078613539
70.96512245633151
60.63926049947578
55.92927971926106
63.04857145241973
57.73942483612847
54.50848004633335
52.40241560780864
48.11125212730491
53.28661218315368
50.48750203311921
47.21401774432801
41.52167411088599
38.45832009614015
48.33590281584826
55.31172969970848
52.68007098581075
48.20784846912947
40.43618051760756
34.25635042612701
37.33323180099694
36.77043005674903
36.97362649849513
31.33724833692134
30.20839846255434
30.52181552642618
31.76205539495894
31.36570111774504
29.93825600592454
37.61543448121090
37.52029956833193
37.09666643451402
47.00089475022843
44.77684999176726
40.99023969776854
36.75426322319087
55.55884919599545
65.11271663862746
62.79359170634908
75.71119812327603
91.50660015400923
84.19638971821509
85.81664192296597
80.27559850200539
74.88442348275109
68.24145415154487
59.76551577455840
55.46097699692613
53.80708409688108
50.56694662907262
47.18015443650248
52.08741739489913
45.75480667206182
39.69630711452236
34.92049563728489
43.45329361392868
37.32225588183551
31.74179862399340
45.46569610398804
58.27959034808931
54.66697068437747
61.22203200561857
69.73167072253577
75.37710637822866
68.06946649363168
62.09141921071053
69.18063674702653
65.93959043755245
63.27725671736649
70.78046533812244
54.87813002431350
46.35596316740551
53.31689078895131
62.19265505484267
77.25008286906404
69.69623947344613
64.46897575170200
61.45301098340938
53.12182707914312
48.52514855332485
42.58530748346337
40.72479100776745
24.72102607907739
38.58369767977605
35.16642675627443
46.57706880520570
58.80710775996599
65.99949050876702
56.26225734909702
50.11469653332497
40.64103405790513
52.66387392725909
48.74508660846479
57.92928442755755
32.86506328299349
33.46633376898017
28.74522186086167
26.65766996580360
20.60607423157035
22.20159844008935
19.82612237040152
18.82488061778348
19.12502495065441
34.83912281237706
30.30201088807342
23.90421464066615
27.44842570281201
26.92669988015960
44.62946415044463
41.65863808416709
39.54010922648186
48.35819557216485
67.13953426345132
60.22827413294544
53.81501337423146
46.48521870168823
39.45974231579310
37.13647888716430
32.10141775979029
25.34495478631696
24.24857870004125
16.39558709399174
11.90150531930528
14.77717984092339
9.36413478842702
10.34571685604135
20.49963157894632
17.53915815029839
14.16206238921842
14.61666720183382
11.43307862075996
8.30468687528395
8.22857818768807
3.66518402723428
2.85459678585503
3.48188100535186
-1.00396759468059
1.88298874309679
-2.71580879012068
-6.19920575924918
-6.18640053150723
-4.79829180770642
-4.99936876664122
-3.55386521343632
-6.66142301120735
6.56041792670457
7.65168222264339
7.08080185376763
10.26938398336889
11.70521791772970
12.17736709184120
12.37198447065161
12.85394276029562
10.43674540798721
15.34040749610876
15.68349524478199
12.63123208547368
8.97613534650157
10.66642816495728
14.15593820568832
16.53192958912345
12.68217865158012
12.91031225697603
23.34318301774660
23.57617127031758
20.75366011725314
19.72515759752721
18.34968439893784
25.63684561934194
26.53310747610829
19.12355492533748
30.16414267121281
27.04374760095761
26.57569421800059
23.12256260777743
20.34478948603305
20.46858661755374
21.11338009916909
21.78033191349125
23.69221906133778
19.92214431559276
19.76057559365577
19.82907299568464
19.52565989858847
18.58238565126967
15.00419177980312
16.18733923648373
19.35222794067255
19.37771282389391
17.24517966503419
18.66349751411527
15.21597579949041
14.15291126104038
14.47727735874896
16.53688405548382
20.60375494354889
20.80364295949104
15.42425763124251
18.42577697088048
17.47688655238129
19.22559849958232
18.25477748432257
24.23468868501045
25.63465572732401
29.79353604108110
29.17059180383898
27.20045396376633
51.48961377264577
49.02532321739975
55.34387972640505
51.73144400758711
47.39404095867044
42.28601028125509
39.72318642706310
35.67179229884690
35.85126009724668
35.33337380381298
44.07945813540392
46.04602635851606
70.10432004699386
84.62658394235255
76.93866431234454
71.80342523058683
77.20933239120853
67.12049482227394
84.69231629748244
83.10853894289978
77.64377751741752
93.27895786260856
86.90827027312574
74.71873784622997
69.77182506318039
84.16574823802557
73.36501990464721
65.51145838422032
58.92670862982544
76.36721173947772
68.85430898248634
65.12091529246815
82.83133205889854
75.27764586731958
87.26194704843411
78.99216770854770
73.04920230340767
64.40833776061677
59.95620484091385
53.56004376069899
51.49615771875970
49.32637867119693
47.65269483765902
43.18238240994817
42.67660687575484
37.59389802064540
29.78841343177636
27.53086422485689
30.79802023257043
28.53392184108241
30.62798407711389
28.93551306489022
32.58115264957185
32.96227428208493
29.51716287082895
30.38656871040676
26.43373964506221
26.73206552554601
26.34488204202428
20.89329399028700
20.84661643867257
18.72231381714594
18.74065878911092
19.06875542011146
20.59684031500379
43.78634915541318
49.98721285852941
46.50304065202771
52.28655052122726
55.77470276260228
74.11753473975922
66.27403913571482
59.23402457827144
73.48350257330497
69.02035102781235
85.13836379377803
80.57007024352754
68.55542204159926
63.26305529513077
54.71081709673714
46.74397489121446
39.70409128211222
33.47349676529978
28.48300249322129
27.75132506161989
25.14953228238659
20.99336668345191
20.79427040115196
39.48130703744235
36.11932852354818
33.71605746407045
51.82771991179848
48.00720889960491
42.32845560432418
37.17893333392533
32.57444497985837
26.90753342749009
24.92081348972863
15.87965930843972
10.88793519927827
10.58202153103231
11.39448381456550
12.39637729603166
14.18123101861960
8.31496538852289
8.54448944435089
6.88363624434794
9.65126492566185
6.05347951220799
9.32612677497018
29.09074472590932
49.51151516774345
54.83626684809637
45.58392236741265
42.26603987890407
37.44487671416690
28.99841854568761
21.79159508140950
19.87354475888375
16.69318078722019
14.75872531964269
15.31056569470015
16.84573125162766
10.81585893075717
5.92622210417476
5.25670472044439
5.96312852979124
5.10310870971289
28.64116711620574
30.27612962833108
24.46694212640307
21.50672087370017
16.83829587023926
14.58678733314848
14.97553069896036
10.66278915470693
9.45049022769125
3.88796028534450
2.05594859721393
5.85394165567360
8.26292829881055
7.55952542883605
3.20597139671092
1.82247359624713
5.04117470125537
2.31020968379853
0.46700628571535
3.37962227921942
26.54066250598647
27.98267591599737
26.08119820428799
22.44528745895958
24.74461148677920
24.55604607672220
20.16973039308196
17.90738484857114
13.13163288513534
35.51949297443315
35.65431557443482
35.20582476436024
61.07579691451756
52.11832081990568
46.31522140062261
40.08840341604562
39.88201715926937
41.58782384664627
32.50606672652825
28.96740765406329
23.48778185574925
21.85751602504788
22.34409687191326
18.44650986200482
15.77956815398183
10.42411478213997
7.66717594909891
12.27961363348458
11.93058270159431
11.86620532300343
15.80255582285807
16.66873688032898
15.09614162210707
16.23845438777558
17.48922191734201
12.69735689287736
10.45121620128471
7.35579312700613
3.95725509605179
6.79318786994051
4.74170193050339
-0.32500457030443
-3.25906657754603
25.89046097278545
28.22189628853853
19.44195106855529
24.40222992159174
23.55532749149874
22.07231234247488
16.37609379174736
15.54213651750484
13.35881262335177
12.64773670808600
13.00693808189274
10.29521614023488
14.58684235188543
10.57332735958834
11.13032037062775
8.31048586487872
14.74098650837100
36.61111533718801
32.40996498236952
34.93015574535790
30.58042388658951
31.57240635530622
31.46143643464946
30.74587008663917
29.50769143077621
37.29570180943176
35.38501962055916
29.40476949256639
29.71205487510057
28.18123339755217
24.21411260554081
46.16968744456483
39.20033738227497
47.31743155533103
47.19197454552668
42.59038985855339
35.70437005656576
41.70495566510250
49.16522740724098
46.29509607677586
44.12859040515468
37.54975936090150
33.59479370383255
44.66575780919004
65.96392221656185
69.02595861149666
86.43756759867578
94.11219830784759
85.20174311103597
78.42925797610383
81.10347700049385
89.06897934689107
82.34855314401526
89.81668513705011
104.69985637837317
121.48572726764910
131.32115136123070
128.29422402241113
129.25122491621573
121.82549519565360
136.40517962042270
136.09159402906081
124.64400172027308
133.22438172510465
120.69262299647083
111.52117702461439
100.23261525741302
102.95593739085251
118.26004628722339
133.50301294087814
141.72931053456213
147.85256680326768
143.48269932870892
153.79949065813423
157.10464897343925
153.75185180781719
149.71090798818992
137.20232700669405
123.73003543143636
118.67499206145258
129.56504393617030
128.98731064769308
141.97194558353289
148.91695200376864
135.97198871644892
134.24487182937946
147.60005306243346
143.04801891169387
141.70455875616381
156.57220913687564
162.42357869482092
172.69432371304711
155.78063037851209
158.40266167983617
153.08599116091602
148.10224822022315
159.24729982632522
168.52130537957669
161.34956216682585
146.31498560978181
144.10507978297912
151.62282506639292
141.68829085834756
151.54304290770091
144.18443204030578
134.78027239311112
128.17693217786743
121.86324548061559
133.20227767835144
129.37622296362059
140.05713017258208
131.60159951877014
137.37601285415167
140.51031233755106
132.02267155494687
146.25432699888103
148.27112325685354
155.81318232871314
144.35317792812700
152.95660347929490
136.40652903771687
129.60099190252387
137.61496871579223
147.66832911355974
155.08255467624809
164.88872409158887
149.49741247374186
162.83609144012505
145.25757298930824
137.40273111246356
151.58309927002858
159.26222274365904
151.51102973127539
133.43208025517913
129.87683096373726
115.75573268364542
127.62463757122345
113.39554241358971
100.97578079377902
94.95664364519567
93.00935691243946
104.94765277775525
116.81248451420791
119.84828399460153
115.20251797470290
127.79448901835195
139.55749796100665
137.37296358449601
135.41109319611459
134.47605362952737
145.18437641905069
143.27214117724995
142.14611281113685
153.94751339883902
147.65005991006316
144.34197685109137
154.93535450310009
161.70287134886260
156.18960357473628
154.51298974074231
152.97219322037523
149.02297212171374
158.25982795120200
155.82788757284325
151.92783299852769
150.15378217554331
134.88662526166695
130.69789824747397
127.96929568172982
137.52279823448140
147.16231191976104
145.29662606972698
156.40664445787760
143.84658482669261
127.26387530292523
128.48441926690003
126.62089614108247
138.92053863756283
145.30555580763789
155.15933866482672
158.10649430270325
161.97352478698070
146.35695450419951
153.49225531822466
157.40149644008139
162.72382396436674
161.74761643087615
142.63240077186811
132.62960237014798
138.49158582967908
127.11200877376204
133.64738004676360
114.30910559557006
126.81233048370345
135.85249035697456
146.45663313726962
128.51384390145839
118.60232980279829
102.84232013674195
111.93010879477370
99.49247625222841
83.98899928826259
97.27435941945674
98.88959885930882
97.52490856159696
87.00189161564616
82.02394376950188
89.89656676812655
87.77547878243249
80.08945701795602
93.36846315809302
82.18912018465060
86.32810313817427
96.87595029089903
85.42234082656931
75.95079194886243
66.21881133253461
53.80861858617286
48.19287138760669
42.31579260768368
34.41445141595869
31.74724127561612
29.46041262748390
20.81092908444397
14.64674103313057
6.32311006039871
3.12019076526023
4.79734150020656
5.97246974096468
3.63991973414379
3.04546319925615
3.72897174285415
0.36037743233799
-3.69373819128719
-0.21141170378708
-6.84497265617586
-9.00077387642127
-13.23287194350493
-16.28357638199495
-20.69260882562113
-24.10899697222168
-24.14663195970173
-25.89518631875113
-25.02859569273856
-24.18271028096338
-24.53022889030519
-7.92609208223597
9.34155819757918
26.72648720331440
22.71650533431562
18.25972486300009
14.00236966431563
8.11998115372546
1.64769986254309
-1.32649654793168
5.88188141346326
0.85192263475268
4.62359129576202
4.70301926947010
3.71593201417337
5.06400059523756
19.65469594685931
8.99422379209676
4.96597211762041
5.20915776137888
4.90657451533517
3.99301190075284
4.29699808993434
2.61806194420619
2.18464788973055
22.67259253643579
20.76445467238338
18.62371196119898
37.60639303953423
31.09134102234243
47.91320330368968
44.94352938569339
44.28214529687126
37.65336276876579
57.43290082492098
52.30395008949711
45.32491197805640
36.64717550474389
51.05792769213063
42.08259687663859
41.57599980903181
35.80888616278344
27.83539463692343
23.40719375372639
31.03976821124008
36.32561896192819
30.31285108857682
39.07809662481512
31.24894878881614
56.28101730711381
75.25443319518251
88.36784539616302
99.57151785372287
113.87639681468983
98.96481809171556
102.64834796476433
114.48989737977112
116.74427107641094
116.41027265453444
118.42037912856006
123.40330440538814
127.65716642764338
116.98235422112280
121.76967424188986
103.25993945270500
93.98151473164384
101.18516767821184
90.16946608558341
82.63042488372579
84.29870045546673
80.22840858254719
69.67475620861822
75.19680246348858
67.87430531405089
60.55373743976924
54.77240245817757
64.82322436106888
73.86701896012903
83.31350588921994
71.42479057698679
63.81091323561568
73.19811763431163
65.60729757912947
61.67538478440201
75.03578560171110
90.47700344407409
76.24042819659704
65.27374586279343
80.91212672926174
74.11255784308035
84.40350114783126
79.94092747886664
83.94498716093183
99.32297528094145
104.10705382463949
88.90676007540044
100.09591851445367
84.27316119871786
95.03920118829198
85.84131641482992
95.61694900271810
86.02867736379623
74.91184814889913
88.86166896525265
75.42836147442718
88.49627642310683
96.19082230212868
85.29167491520768
68.96450210167572
79.06095614546284
74.10922496995460
64.57029252085412
55.20331123092017
51.79879464409794
49.18987597128277
52.86401334962748
58.52488779877340
53.31787117911403
48.76635625917819
55.10741688875821
55.55503472955574
48.85725408293494
46.74004246168565
46.57916483421599
43.36004666384517
51.27010592306115
59.20505997226855
58.84341617072809
68.05697772193798
74.21546749826692
79.07960946861776
72.80694592886668
68.14111691990924
61.19677449935869
73.09803455183079
69.06368589877366
65.57662750829161
74.16158287028290
67.55428802493780
58.29469705964868
55.36344951200339
52.63295221307115
49.47475577965388
58.73410254148219
55.32502399990528
72.67471678026986
69.10168633087291
76.78693487479002
77.22861819594975
73.46121776612307
80.41651906496455
77.55452382182501
70.21123112169026
58.62562031114209
51.46884638287175
45.73278171132483
39.54482635145810
36.71758580372610
50.82529376321254
56.04074787705399
65.50070354031223
70.97347192765918
65.34523700805566
55.19958064627465
47.87919618902329
48.54549307143930
42.32431324214966
52.29233503069259
45.36432281097586
54.33460166695817
52.98466401610866
49.66363326135865
59.71999385262292
49.76579872067623
66.03599721273704
75.56471227143201
84.78868697391556
89.87937821484641
80.38830098116730
72.72486221190974
81.64477408190079
86.00996228390102
77.59423655982575
76.20564697952520
81.02150427524917
73.15491228582971
78.21672161548534
86.05626518095450
91.27911283356009
101.94611252970064
91.16313041153586
95.15421638326865
86.24683150186438
78.39935447401386
87.55912040654498
92.50687156307740
84.27111812963119
74.27648009700673
80.14230441899035
88.10713964801676
92.47627467621658
98.76659635720047
93.80181077502780
83.08667971610967
76.70038277851953
68.18550237527467
61.77136129478112
54.27927134486624
50.61582361329344
48.75979429437189
56.44808794301315
62.93506176457346
73.88472764767171
71.32003555234238
76.54661728124644
78.73543059114948
74.77416385147357
81.11721643510745
74.88719865937631
81.66531076679699
93.20123073876923
88.00863699834936
82.18219371041533
73.71795329795701
64.99987977594166
73.01511279187868
66.18629807302332
79.92467678728697
96.54205428132951
97.86595085276971
105.81759371339049
92.21186335403631
83.98246457475106
92.52897005262105
82.97601843607593
89.75514649439150
79.86362661586119
85.13379448563452
77.52243368550570
71.62881557578008
64.90323991637105
74.71827810092739
60.51495447528219
56.50516511685296
51.58630773181904
37.14303843628761
29.55913574671766
42.62594920739551
35.34553019389499
43.41448172043335
16.44702354387198
9.42080204122268
9.79828382830122
-16.07722006443612
-12.48833628804211
1.81244318296730
15.56873719819287
37.16190538852368
47.35864116369990
26.29709713553038
36.70895076241316
24.96513978317230
25.86979715613567
25.37619687364051
20.42992368141535
30.02690062213896
44.96732104659289
38.22106647637590
34.18057464804727
30.83364087566976
43.24944371266498
41.66938633752424
53.82981298815336
45.80323927964608
44.98538058353758
62.42383479595521
67.74287128263863
76.68873400623494
84.11855266224612
89.53622549781106
93.79279805688238
85.51168423806179
89.53056131872162
77.84028579494142
69.59356472141496
64.29344834320958
68.57760829497462
63.06948301807257
71.23463514531980
77.26066557801950
84.00430329998458
75.12890540633990
67.19900479857006
63.22743251669723
54.70762977272840
66.52117809330089
62.85356518617781
65.56094467804645
61.14557022965278
31.39334499691689
40.37201877299378
49.31706785667638
61.93423715106924
71.80866416352323
57.77245890928435
63.03947073538382
47.96753863337850
44.20084859838028
37.05658247308227
30.22670473388510
41.53637352775273
33.19692409743558
29.99815683840719
42.97405950693823
58.21758292014488
48.45890937914321
38.85176940107707
49.60278988552434
62.63543637284185
45.01307398618538
34.68810255049149
51.70359216456869
62.65492479307444
67.84772354597092
81.98416276715921
89.47043652014216
72.56477703427585
80.57973129264752
61.39708259203103
47.16887678154552
32.47400562896470
21.87454390170058
6.80088996455197
-4.47127118198524
-13.91345861538635
-17.85448351387084
-26.66964578764926
-31.85082124813077
-35.54808625325046
-39.83556812239147
-42.97942444002500
-42.88339084828606
-46.28712283948878
-44.25929768374560
-45.25489925776965
-56.18314538775743
-51.60253246012788
-51.46202556288006
-52.64273582256305
-80.80717217490320
-78.54416831284219
-76.21334271893454
-106.29969162914153
-82.93517003498381
-85.21189307969573
-83.19845501050807
-80.39201120183080
-81.39608766176985
-78.13202355950909
-60.57528570513885
-101.55667912534594
-79.43387486946068
-136.34308781348142
-110.24758497360639
-84.67177931642095
-106.73788335879105
-100.57645324315354
-98.06889268892307
-92.17924097437331
-132.58048583367639
-124.16913173667643
-94.72861040403612
-86.67055990760495
-72.88649326285874
-55.40399233815181
-47.96718480011800
-48.44291235300239
-35.14095797694841
-8.05822619662690
-63.90261865077153
-123.44811178715521
-138.79444903291630
-136.22291121555605
-184.52023577390267
-168.25129257652958
-206.85871013550599
-248.80623226338528
-237.24482055586540
-217.03295037763277
-199.57887076499256
-184.33258202407714
-169.65338492917977
-210.81267028709922
-192.64279479975227
-232.83775591223738
-200.00552023934435
-243.81459847497268
-224.71712137728008
-210.51474784593279
-192.13683298533584
-176.06473786578059
-141.59595851997619
-152.54489045042985
-198.35917193729315
-236.27800226051664
-234.96865012396952
-216.63043086399634
-201.88193344526692
-188.25323552157590
-195.81534410110152
-178.33955812575672
-159.73219562720803
-149.41829740011266
-195.68633396837714
-204.65693459759325
-166.43325401742470
-199.55305011062410
-162.84756098523093
-144.77217917407398
-196.93921527044807
-194.67974037203135
-194.55768793892551
-192.79052063516500
-197.93080196800062
-180.18484782468215
-167.56463297532591
-207.26467858012379
-191.31777806801932
-161.00105293419199
-126.71346701087415
-103.73737966745382
-76.36593687554121
-127.23716332861761
-161.53900459257042
-134.06897440821649
-121.55797707722714
-114.32814237978336
-113.06267935927559
-102.71541060490176
-70.75284323211548
-51.63680268855362
-47.81789859893392
-48.38163410136752
-43.07153517365555
-17.68971858906383
-17.17272286334103
-75.17361828425018
-72.33245210480086
-87.22594332414231
-80.38799259645765
-99.39297018463876
-99.16775985297625
-146.80346829898744
-131.88028014341359
-118.22510831850514
-132.25172840715703
-122.41591815262846
-109.72622023281548
-87.12809447572103
-134.02396843311595
-152.75139589316086
-125.92897502556892
-160.27184825090637
-142.64275325676914
-112.13594519033020
-102.48686015790194
-91.59992438101257
-94.11318311497318
-84.55648822931244
-59.87432850992727
-82.92732699180995
-60.56849014275717
-40.53303862304392
-103.10334967426503
-89.66776106804082
-66.40275391610410
-88.17905947063009
-75.66547415592787
-109.86281501044999
-104.54080942595236
-120.61520241803785
-157.00368251983139
-161.00734587136648
-145.17490142874360
-195.34094115393242
-176.79908578681511
-184.43507347012456
-154.70780695864619
-125.53754236537222
-114.34902384552481
-122.95491737879895
-107.38645644156755
-94.47554421625426
-73.20565877546319
-96.73715316413441
-72.22508943350262
-54.50893728341546
-49.77158267884444
-28.25519150398720
-12.69077974689428
1.86267324387882
11.40919537287801
5.12358923249382
15.62823951965964
24.88335810802090
33.85268190347919
42.73064734771374
27.09723419371886
9.18144947801578
25.03260548095949
44.01972386131322
54.02807909576131
71.05443663883156
88.20362135602893
89.53118421454465
85.69222150024558
99.85190219847564
108.98316376335961
110.50471937608813
109.76633285599550
111.20515044093645
112.60910268970790
121.54210924085430
116.82263483384824
118.59270279302599
118.66086803482844
108.35533744760963
101.35725886796313
97.28447305755731
101.48208570959000
104.92933789133943
108.16691584777263
113.93241178874817
116.56282678265367
118.58715902008052
120.77783244760296
125.92581456774404
114.41392930853807
116.33240825225346
119.46955733944576
120.94142203604207
124.46748438504063
112.03093033336492
116.81413517270732
120.74394802203024
108.37368852252311
112.50729964879704
116.09288905520673
127.35507135815290
129.02467791113412
118.28145883112192
122.47308996685507
133.58379602796657
135.60931210704388
137.33998575380929
141.06956318493931
90.50532793177263
96.85922774312974
99.30823738274908
102.96180412068496
106.30639896484358
119.19654947458406
123.59221212193528
123.38996852242747
125.58709859010290
129.06336227211878
131.38306682074656
133.17686685321740
135.90714238364723
140.82612782795786
141.11964593694691
139.98021491017954
140.73438212616927
141.98608303650533
143.30882194915608
143.38701907690066
141.12952079556723
152.05722173073721
140.65571724061670
115.10631417076522
52.03132351246426
63.86672184088712
69.95616388541434
76.25907376183736
82.52010537176845
55.74966127351932
17.21646107481345
27.91946478936277
22.87288924293486
32.26517983819684
44.10783709014026
-18.12101190390278
-17.71653375184861
-34.83895975491305
-20.00093308789661
-4.03307231401142
13.23528687917626
27.97257560206639
36.06862767113827
45.52854046246622
21.51960786757245
31.70386829684202
-21.44998173787014
-9.20747042461290
5.43276173453535
18.40241948964894
34.01234846585137
43.51900051017829
53.70814031487615
60.23064899567090
67.14566889133152
-2.23946914105682
12.34326391199829
25.07636721387127
43.89920760104840
52.22264135283598
64.91686960192732
68.38911588741431
75.22909764520472
81.85766975638325
36.53506224884494
49.89278358188604
54.28099384991965
62.28914587984941
71.10078212215589
79.11451149989077
77.94103580574314
84.62993539853780
75.99872464077930
80.41335603419896
87.14657317130150
94.71176125793588
100.73077294324227
109.08963259671137
116.48404220400982
119.39620616219071
121.27699868281698
125.03217829131103
127.69081050965636
130.67453742498975
128.85842523251438
134.45913027161799
137.88335125829968
136.88700875265607
139.07705262722467
139.51150453942913
139.61943449768194
141.03149102138929
140.70493152662590
141.75415256364238
139.76174946319190
137.28709451391467
140.24346648594823
125.45930928682729
127.88787210414051
130.49770110057619
132.76415111503681
134.06109772345147
135.47803486570609
122.82596233663484
51.27674273845102
61.97901341707509
56.20078085285057
62.51208702218150
70.68384135584289
22.13553656548361
34.58057817860139
46.33678007304471
54.08918553253032
38.51736279759120
8.93671906274367
27.29467206490915
7.14365782916579
20.87690116289037
29.35928381489361
13.46574367595047
23.70669598040459
-8.74234986283351
6.07657286479123
21.06221444056149
30.53493856267829
43.01820267363133
16.64523884205072
26.24197058771371
-0.12196223780279
11.74829323493804
8.98955279885960
-53.50446640011775
-104.36479976304679
-87.31657158661966
-63.13482145227881
-43.61991082040181
-24.65917329263915
-8.29646742463161
17.16558483286840
28.28512915116217
-33.97612920775332
-13.63467672633160
-2.63785888427723
7.18494053282904
16.60422868772951
24.04424586157747
33.86498495482209
42.06439556321129
54.37673639727819
63.58200590016924
68.81404072030114
78.12766980682872
83.79869462082007
87.86310578482500
95.88480137269902
98.83593955581067
103.24314797420594
107.40325558230209
97.11173664885466
103.36072319101162
107.42667471822999
112.72907974208287
115.95924459598847
119.38652383649180
124.95249442912603
123.82477770046219
125.64758990307578
128.60569681022446
128.58361250554066
113.88218812575045
118.90420262284621
120.17566837006189
124.57183645976394
126.67572617242264
136.71089641674200
125.40936616915823
129.76762216588230
128.49015611430056
116.01317094719927
116.35457436545650
116.57773631623678
116.81381972412041
119.21396937772313
122.69317664076183
122.25481793131294
126.51030566655074
129.95542586871591
119.49400015078344
123.68001817817935
128.06037616268617
132.94487999561278
120.27025255064450
123.68075535423722
114.51930870553457
119.13362250665989
120.82144564189639
113.26730065353310
119.20279760727709
107.40602875164066
99.96487476616643
100.53775228887196
92.23452679166418
98.80559602512862
95.11982061183826
96.23205821876115
88.25735088501642
95.82872796331317
86.19557753165859
89.25199793923285
78.86050155341049
82.10319258542319
74.12986430147986
67.32169710609877
58.96927191444553
54.55879772911370
58.52362995862677
50.97095646011376
61.18338974396839
55.59722795416002
63.65963530500544
67.73262388949996
77.48176525289077
82.93259813961139
86.51066714042689
80.13103369869033
79.72840237034303
83.11179361688568
88.08359905425574
95.71913271390189
101.65465686274608
104.30992840272553
109.04387613804477
113.39423126382715
115.15984944587350
116.58985460957356
129.99824646935622
118.59070021372968
113.55036508017200
117.26021812566790
118.94397342594884
124.29987872955138
131.55368042370412
132.52748132046477
131.71424140574575
129.98938574121044
129.76161977965427
131.27577401507483
133.80668801723303
134.46574836200611
132.95498856716171
133.19353755335533
132.75273682082650
137.16776904354754
141.67950483253571
153.42098926008438
149.86579522476319
144.36852310977739
147.18112682203054
100.91761279324541
37.37598724495570
43.58073261234705
33.11035584176710
44.45600298235125
54.40087455696663
48.21826717651121
60.25233829872352
56.07958871678166
64.93190469831001
61.85390635333602
-3.82139041884295
-0.58994700347752
14.39414380233276
28.44172715549768
49.37283188702725
46.06319540551008
45.71895995555579
42.93402217408476
53.16786286474707
65.57757389220802
58.90243384011212
57.12543909730255
77.32913699221808
82.89482203375275
77.23191382242248
85.90374978530572
82.91871930351026
74.24891659890511
84.65036986822213
79.74676180852308
85.05579175873386
90.04858638594307
80.30240022971509
86.70703800436925
82.36999545459567
78.27639887230130
75.76763338612119
81.18603018197257
86.96354527456197
81.15905334044470
72.77244445325258
67.22016726702498
60.70808016419975
55.89981927132010
55.03841307902013
62.91529747751656
55.60105512022198
53.03235270763535
60.22769322622577
71.96405242362707
77.12653122137205
54.63662231260085
73.36408961898103
32.37176604836483
27.28968328681331
42.78409275510225
60.56759398156679
52.04454783837482
44.47087072222473
37.43131771329467
32.03650830454091
23.96189188010743
26.00238298924535
19.73901040246876
32.15399535526149
28.68096465065829
21.96128529393945
17.20280860363293
6.64056498239875
-17.41947728277651
-22.02987507096429
-25.07920630113364
-24.74140015647533
-21.62332203583507
-22.12722832071638
-47.21860223316551
-19.21947872872254
-20.94148605612445
-26.59889991088393
-30.04997813901581
-62.60993215478009
-62.63305373339549
-62.82134070006214
-59.04919781001013
-56.77555378241014
-49.64324719306269
-49.68058131381925
-48.39665635327695
-59.02096014577310
-59.19864475228395
-58.49842208285337
-59.79448166023523
-58.25692678170464
-45.92064552633612
-46.88691319800722
-46.81099332885332
-56.43903653473396
-54.94602588605648
-54.40027916585447
-55.04001113652396
-52.80292260200702
-49.87708833239691
-48.49173367637503
-44.81572975164331
-27.64103108650728
-25.10815524942281
-24.40382027862497
-21.42326725769440
-21.73382442810012
-25.79169686156589
-30.28171114784885
-31.28123378989006
-32.34826614977873
-31.87291192865105
-31.23372140454063
-31.83044331413198
-6.70854370742890
-11.85943942025938
-17.86217104918542
-17.57702004587196
-20.38450871815292
-43.12758419604715
-47.07312851701456
-46.86874217529312
-47.53661751331048
-47.87570542404106
-49.13598618630506
-78.76494285155135
-73.24353477659653
-65.74742660130302
-66.27320510140714
-64.20487143025524
-58.18279933489846
-54.43247070639195
-54.14485039979533
-55.70945843219191
-58.61105352574402
-55.73482376856857
-53.56056840212721
-52.20889928861271
-51.25818967658261
-53.34719729679979
-51.54363311870900
-22.71360431505504
-20.69318476006109
-25.09701791060888
-23.85650622818945
-27.89337822718306
-29.19701832406391
-30.55439063147033
-31.51792060819072
-29.04241785866213
-34.66540434304036
-36.17903112879993
-36.86769630300854
-36.82441585582905
-36.77358728799314
-36.57316719495626
-38.11497124936005
-35.73653247682059
-38.58993288271832
-39.74048131696603
-38.42415872527289
-44.19529939195828
-46.11498263570332
-50.27722577939986
-45.34286264788383
-41.83151638715954
-19.13209161495270
-23.96286314740442
-27.78666330015319
-29.73064882927100
-34.60563043732216
-37.45334183998515
-10.29867380760722
-11.84301131661790
-16.39727278335225
-21.15343804071444
-25.00290203821424
-30.20691771958155
-32.68105576715755
-30.96314582402255
-39.18607201439409
-38.96084431804570
-42.32567633715174
-46.38621478982780
-52.22082471943134
-50.78893631797416
-53.46267146628969
-52.24390917991689
-55.17375906242550
-58.06170937150616
-56.63895989709951
-59.66346697259996
-60.29470514661047
-76.86908443315612
-70.46953924941441
-45.48508922525535
-47.09600129955192
-50.05189667781959
-54.18768662575171
-49.40366723159123
-51.15180176933201
-54.36104877000531
-53.27687336595542
-52.82259412361167
-55.42410336039669
-82.58114088015333
-78.21508520460330
-78.69896918225109
-73.66068514832259
-70.38771513769808
-69.84940582206671
-65.77385749715107
-82.07380483549095
-77.73460046030709
-76.44433132914889
-75.79990635023816
-72.37778783644578
-71.58792014572268
-66.97437586997307
-80.00026922700175
-71.16026310566680
-70.93011602150926
-66.76737447481665
-66.31791318722587
-60.73784712224911
-76.46322386732058
-63.44895397739241
-64.09946345152133
-62.27693830996415
-67.82492610032401
-65.74446153324746
-61.05996671498445
-53.54822482436401
-50.35492575106509
-48.72166104581008
-43.16371808970846
-41.92658701781087
-37.65643083123026
-37.40743054912017
-34.87936486099567
-37.54647704252376
-37.51697101033550
-32.31642585757521
-34.66877443147512
-29.02570919656444
-29.88433757605205
-34.10334996792967
-35.18983121875475
-32.84791242952016
-39.30114954591098
-33.33666306820178
-35.63885791100623
-33.14628422910109
-36.95852715841114
-38.23730581482155
-38.23482014966751
-38.42419071534365
-41.60197152903560
-42.90384114324152
-46.23288218724240
-49.09742598057068
-47.00451730431831
-46.85190212385599
-42.75621582549969
-45.25830731850562
-45.49108931060154
-43.29011763375240
-47.54399095820170
-47.44408540083263
-48.68627177170703
-50.15107479597661
-50.62007592934479
-54.10885447385520
-54.00419718385089
-50.45583698282167
-49.46155022594912
-48.70846667894799
-50.73858108777575
-26.98070413262506
-29.01893655636871
-5.86178838454262
-9.85702206118459
-17.89892269883883
-17.98090996477142
-18.71038957029035
-23.67178924131237
-26.38540424694649
-30.37319205371507
-35.95177987364578
-36.13795330755164
-34.75163094855402
-30.90672343990471
-31.30067261033822
-31.55814979138735
-33.36832643629292
-7.28066416131837
-9.72028071470729
15.85623664657715
5.75012972057185
0.36007740931643
21.39762801838061
15.42800280975249
12.15124072716997
11.77684978347404
9.51352505394698
1.28602271234149
-5.66328983523710
-9.43135799982994
-12.28609787070794
-12.91218476061119
-15.59919200893255
-29.90966822913487
-38.78520219473342
-61.00741944789753
-55.96657513986622
-53.97855522066500
-57.03638292809288
-55.60010750715193
-53.30505200185023
-54.14376886555974
-26.81213930746678
-30.24456394906836
-30.86977416659486
-65.40628500696040
-58.72752870798001
-36.08286853585973
-35.63364882350927
-17.86424259784513
-19.68575425781822
-22.39424407448462
-45.29535775031957
-34.67172628798888
-32.77780692156534
-62.20514384088151
-86.85495992570273
-82.83760802222035
-117.68087655366458
-111.05409359213320
-108.96671016422506
-140.39583934847474
-132.17437079761322
-120.96999156814782
-106.01744340581619
-77.81408526402318
-70.94770659874810
-51.31650743732588
-81.53477864406096
-57.87998714932260
-69.31964301799925
-48.76205224426369
-66.95802432881568
-62.35231830269857
-58.50168729477242
-39.28838486895744
-30.51908753150853
-57.35014406516591
-29.22603445708508
-14.41909866790694
-56.03783770606682
-109.52125491249515
-86.16971280218836
-69.07735669546592
-51.80330165719269
-29.81848005197748
-9.47088642655806
-50.24601505065692
-45.58512415645912
-43.01651509990753
-66.59689545927273
-60.21769491861227
-46.40598722203698
-49.24140493794555
-50.06664157972601
-40.28610718651350
-73.62210479186058
-56.04464207377720
-36.48423888150303
-48.06655914872911
-45.24023346257074
-18.93224320348101
-31.68226942605850
-8.34863993135168
-7.07702571916787
-16.42922932726417
-46.00536595591799
-56.96800715636363
-74.97488065012112
-57.10616746653804
-79.39335201473426
-86.96176639490216
-87.72658753949213
-69.27099421523157
-100.55306509389341
-117.28646566868279
-105.35606905911109
-85.46569720801787
-110.01767308558604
-115.48489691502519
-103.80892156997017
-78.06456036992051
-47.48681602455497
-29.62619852988309
-11.50529682760822
-28.06831566133410
-15.83921938124793
-0.11388979386900
10.01179405818251
11.18893470579776
-7.48312205253911
-8.95132167013366
-0.19006050711991
-25.51414703301684
-4.08230174394331
-28.61030129497535
-38.60612419202960
-43.18168389173304
-43.01749015307039
-28.78572553033423
-55.19803451191667
-58.45688744179694
-41.72765702090140
-82.65217363552975
-75.79559173694956
-118.50155058119677
-138.50030064069608
-124.60244134028153
-147.47249455983987
-123.04944435203211
-137.18862586905527
-123.01565665382026
-98.81893394892694
-77.85413687623422
-58.13023501985622
-67.43914720733113
-80.84475679757239
-75.38069255877417
-45.44954151467448
-20.98959923663120
-22.20075022485793
-27.56927550608044
-9.05250429372564
13.19039251530322
22.51522012562659
17.65917303482713
36.97775554977694
50.75654332649864
64.67780927659662
30.09792793707659
-14.30358661442344
-15.50719537143572
-30.54231088114967
-10.36864715753255
9.73102021997702
29.90242403859137
1.02928150357337
-28.18826551435886
-51.10632105252304
-71.03645922253924
-43.24131561437933
-44.35760851647719
-65.96418530412164
-94.06837139013467
-66.30267872569942
-40.12478119494998
-63.31440042598574
-59.93797097873203
-121.01159345617783
-90.15662842665260
-81.20994189756073
-77.19106154489666
-95.33444187931421
-91.26369463123915
-102.01637494577078
-103.66099467470075
-98.50050025060003
-118.13216333735305
-112.40714387164459
-145.38952915275422
-133.81480109392737
-180.20228118456623
-163.66379295787388
-135.70805035544512
-157.60198816564645
-166.05573810967124
-151.76842444018860
-144.28356366277256
-109.06093045865606
-79.91754142212145
-128.08617447317044
-128.77628760607087
-113.61799655568679
-156.84084004565119
-156.12875541872998
-140.54763893732917
-100.15062678200712
-67.88838245282132
-35.42517413368275
-13.08744438713622
-49.80108685452177
-44.60338591493085
-29.84098208065029
-0.42845067014851
23.85099455962687
-28.09246604151197
-25.99903776862701
-15.09516555439951
12.28381070375170
37.35044990573861
30.57583642518237
-1.93537806755537
-4.33168160841249
-5.51991512849411
-55.26481719101420
-103.74989121977772
-104.94263422989435
-76.48155201876720
-59.83873016258280
-70.61543879971056
-41.44839844848364
-15.69376946751894
-43.16020869734168
-86.98621420269403
-52.50138303098991
-25.17822391726236
-20.60660705644171
1.63834316593083
-30.74873208390674
-17.25080167947420
-28.29587378352265
-78.28727706612459
-46.29302460987282
-90.14151328135532
-82.58870027293393
-90.82267039892108
-63.07478174105304
-113.45752100951583
-124.47564907583207
-93.61193099127236
-121.41102717231414
-86.66869997845295
-57.34793591089875
-34.43269264107751
-47.91476697740855
-47.88441065915645
-21.40810303363192
-40.16932641745882
-54.20039067637834
-85.65374593089321
-55.37520224564097
-104.55814560074752
-67.73919584760009
-38.42734946529599
-34.96566881514656
-7.42466696076467
-9.43144842743374
-55.48317576530513
-31.62677218433732
-64.41122392432996
-40.30884963341549
-10.74827751367256
-39.59985537800168
-46.81563781462619
-19.76833582030338
3.25342686684933
-4.10816789744778
-16.59570784706872
-70.61426014746830
-41.46065253022722
-16.83759309786127
-38.71515146635774
-10.76320122357140
12.99618736216827
3.99451218019110
13.04719812825133
14.56301223143143
-36.36077938592446
-80.06909406845551
-92.18304973846685
-96.04080939470160
-61.47964121950088
-77.37649831606923
-42.41053053922231
-48.90796051818081
-19.45780211796136
-19.10090660955836
-32.28513080196949
-27.10824137602715
-9.10028760771847
17.86679362467653
-16.77927720056640
9.88276199313316
33.64583220766279
18.62854085095086
2.10422351431354
22.39416241755788
43.68786824159799
52.13736096873017
72.79783016117392
88.31051483435722
103.12607045654867
93.13085351945628
55.17325966590924
52.52518645681482
71.52043159552632
69.46264254439166
57.59025104959603
77.72700666863916
89.36571047960146
96.41628556628523
110.88349217275687
102.90729901060128
72.79241772034246
50.92445820700159
50.28785603898820
63.10156121525610
60.46429119030286
73.32697675151071
70.94216648178575
66.53850081975246
82.00827821057948
71.52771023870416
53.48643885179646
45.47374301390680
38.31996549802454
35.64203162723453
33.07698418252819
35.14173521597638
46.34391521548791
61.48677526329263
65.64000727240564
65.43811697832093
72.66695585463562
77.68262236666267
67.24727993934097
63.05194431776405
48.87728097002663
42.61549649999263
45.05820262870976
42.24720610608968
58.05163836275364
72.74201496760834
85.18058576416855
80.67312168007459
72.48634513305878
81.86713640411296
76.08211686924294
49.19175168948578
45.10879445088647
6.25474191157147
-5.00136245712118
-16.57948647529884
-9.65745293310974
12.28044949729300
37.17241378523482
59.69609676095784
76.38017507476199
60.84921007591067
79.87418719785313
83.34918434405510
98.81190533955450
90.94655979502687
85.19489020014058
71.96729522659901
62.88194628505681
57.22546968153123
49.45511607308783
67.28000614943663
83.10458910224818
85.64619551635603
98.32584405521308
108.09514002700242
101.13842308530199
63.30148792674038
52.07760742574199
51.71097792197568
50.54445067456805
67.05991065060846
81.98173907937021
75.12523961190730
92.66646433369533
106.93849309967769
96.17175379525357
112.30084099186651
120.10100037149198
130.44867675788711
115.11181993671059
128.31443140321511
125.93918242843816
129.85745394500557
137.88473770194099
145.21208928694705
128.01042466545886
131.51475107580049
142.42088311023139
150.83394677513766
135.61822999235818
123.31280117990649
122.52008319783937
134.61672319564587
118.20891327548989
130.69982812660021
109.64263017691773
116.92904682357491
122.64397628333026
134.40299698478336
120.30655753866438
107.91420358940887
90.62412414428736
80.24738818352444
75.84130347177158
31.36456513840800
26.62025668068058
51.28237690463843
45.78481927440472
67.76715914510199
87.08542983274845
102.27969027564315
92.23629987154493
85.75358754448754
76.32698456111758
31.33536679766340
46.72790548100667
64.07998326667631
57.90486489103822
66.27935684786569
83.58941186385300
101.48233261057037
106.67805500582561
74.61313064541234
83.19242720884635
78.33824947173423
97.38966606938411
92.46671929398720
104.44693811814670
110.07576590972707
123.73728092788380
110.80361898215720
100.99937255619710
95.71933719156206
102.25882072771421
93.73823559739267
88.84250112444934
82.32862776142119
79.91668062282208
94.81963612686876
114.14403259889539
120.55310720044730
111.93067738045244
124.18326052495487
114.34990711729874
93.03787904081418
80.97856531571492
84.61455720827010
85.29656703243162
100.81947712120179
63.05098680318308
80.39737217123971
95.99863019009022
109.59216755610373
124.10196787653129
111.92638758837857
127.60328358133833
100.26274453638231
96.23497585232626
106.89655093662606
122.12665941268548
112.79100815715657
127.28743253219859
97.56504074250330
110.32648730609472
102.34413857737756
117.18982554925675
89.16917543655674
100.35026460781492
111.87404858562917
123.74086195542517
112.05453241357046
103.94955798065753
112.03121412929197
124.62166302165257
132.15386174210670
143.49515486361611
146.59925288362876
126.82607056117324
92.62221121221044
53.99253263412123
7.69005897578059
28.99323004852137
46.80966874736414
61.34211263809719
48.33616216580297
55.67618465634568
46.73043411110662
40.99176220659848
41.16514945646211
55.86756089073729
65.39812906664790
63.24761533878103
64.81594424861203
82.72770274100453
90.93046294138266
80.36934312686188
93.61658783740495
80.96068688221271
88.23866636549121
92.82132070774557
105.02437198491860
99.25108503863423
107.67882038543068
103.43428851685667
93.18330311323506
61.06614570266402
73.30320547475770
86.19469112206113
92.63879987648448
105.18922469712828
121.54742624600803
109.32187000343657
118.66607017506075
133.08392194354366
132.82190107687958
129.56328587126293
144.49117272924283
129.89261316870324
139.06453826208784
151.02195928306773
160.94507316158487
168.25542252103159
153.64566565824123
141.84954304870692
123.29607816759255
138.77702917951314
106.56542233617287
98.85817837939717
80.62341807115138
95.63021084046628
89.93265809716236
65.05332743838144
46.75357434809983
53.31665857251759
65.47452114947021
57.76321099527493
63.42596324795532
63.74208137882466
74.49595730173242
80.98972990279137
91.45808062985076
97.52622643650373
105.38612411682799
97.43849220307135
108.33346441477137
114.12331515545188
119.36603804236273
127.22715542919106
106.78906075575073
81.87733205045635
86.50876805436324
90.40901781406387
107.31383386658507
100.28391115960662
111.10312647926467
118.88461325664399
132.47518511375131
132.51803081108719
133.98754637042836
117.83034687764848
120.92736025382764
131.05209309755475
134.12482641126701
140.10749461691745
140.84293040378321
136.39293746631444
130.46728934325574
110.30397732921534
109.40796347144048
97.76384064188547
107.26607553917846
107.13212012939209
106.19704026262764
108.61626544600583
118.65377808326073
114.90325246509570
118.88593830568917
127.31714248932845
125.79361974553666
132.71154242049477
118.62390935327403
104.98316804281950
96.57683496881187
105.73284564588002
118.20601312523725
119.07020875451592
121.10361347324195
120.96768717129082
109.75181910633691
100.89436527666301
109.00525969493312
99.00335479697426
105.69887672213787
97.97607876908189
106.95463530980535
105.03930535695805
109.06800679671653
104.09143174916956
105.11266335466762
99.64728532417681
102.59480299865427
104.14295388818650
108.04761113982825
112.17072889912910
115.34145242873559
115.85469338049872
119.28762841008854
109.29938944210085
112.88522618079904
114.24180531849068
113.05979042559078
113.88389134191908
115.37090844323893
118.22151084371774
119.36698365990816
117.95626778210433
129.25613967236865
131.74544694298950
134.01181276577884
129.81611249798686
127.69497021504171
126.81501076589775
128.69857682421394
126.63703980530605
127.98574765480556
130.97223345101580
131.43953615241406
131.92235360147041
131.26509154260057
132.95388809007434
134.25289378864537
128.40106338136869
126.37003245658373
127.39436234523971
127.76102264914599
123.58655947913478
124.79663105452967
125.52949602476575
124.80713115782120
123.40868333576492
111.02223539296607
115.63404056827488
111.22474760422912
111.55321670564275
115.00925718736974
118.25127168506955
117.15077693648819
119.87294720237426
123.92017763570144
114.01079853838463
118.22791896457052
93.47052874683150
102.84970067268773
101.80185635463035
103.05432837080792
106.64594504830468
113.76635883388207
117.08034563159549
116.95069064154912
120.40478069147923
125.96964330945664
131.51964851444319
134.25155005540495
136.62650564795436
139.16023761731358
140.11799160308522
150.42483869715886
149.95691499463970
163.34861154693218
175.83341116582523
184.07015579076938
190.95838293542619
196.90042314621940
204.03309961611333
209.63585517106091
217.43536758679539
221.78057345889169
204.42282908050180
207.75794366773198
211.25464714378302
216.79479606726471
217.74699027521808
