-10.00000000000000
-8.70000000000000
-6.83000000000000
-7.14700000000000
-6.83230000000000
-6.44907000000000
-5.20416300000000
-4.68374670000000
-4.01537203000000
-3.11383482700000
-3.60245134430000
-1.34220620987000
-1.60798558888300
-2.64718702999470
-2.88246832699523
-1.19422149429571
-1.87479934486614
-1.98731941037952
-1.68858746934157
-2.41972872240741
-2.47775585016667
-2.62998026515001
-0.66698223863500
-1.10028401477150
-1.19025561329435
-1.37123005196492
-1.73410704676843
-2.46069634209158
-2.91462670788243
-1.02316403709418
0.37915236661524
-0.05876287004629
-0.45288658304166
0.39240207526251
-0.14683813226374
1.26784568096263
0.74106111286637
-0.33304499842027
-1.09974049857824
-0.28976644872042
-0.96078980384838
-1.66471082346354
-2.29823974111719
-3.06841576700547
-2.86157419030492
-1.97541677127443
-2.67787509414699
-0.91008758473229
-1.01907882625906
-1.41717094363315
-2.37545384926984
-2.13790846434285
-1.42411761790857
1.61829414388229
1.25646472949406
0.93081825654465
0.13773643089019
-0.37603721219883
0.96156650902105
0.56540985811895
-0.29113112769295
-1.06201801492365
1.64418378656871
0.77976540791184
2.10178886712066
1.39160998040859
1.35244898236773
0.71720408413096
3.54548367571786
4.19093530814608
6.37184177733147
5.63465759959832
7.97119183963849
6.77407265567464
6.09666539010718
4.88699885109646
3.69829896598682
4.32846906938813
3.29562216244932
5.06605994620439
8.45945395158395
8.21350855642556
8.49215770078300
8.04294193070470
8.23864773763423
7.51478296387081
8.26330466748373
8.83697420073535
9.05327678066182
11.24794910259564
12.12315419233607
14.81083877310247
19.62975489579222
19.16677940621300
20.15010146559170
20.53509131903253
19.38158218712928
21.34342396841635
19.40908157157472
18.06817341441725
20.16135607297552
20.04522046567797
19.84069841911017
20.25662857719916
19.53096571947924
19.57786914753132
19.22008223277819
19.39807400950037
23.35826660855034
27.52243994769530
29.57019595292578
30.01317635763320
27.81185872186988
28.83067284968289
28.94760556471461
29.75284500824315
29.57756050741883
32.81980445667695
32.53782401100925
31.48404160990832
34.93563744891749
35.74207370402574
37.86786633362317
46.38107970026086
45.64297173023477
46.17867455721129
44.76080710149017
41.38472639134116
41.54625375220704
41.29162837698634
41.26246553928771
40.03621898535894
41.43259708682304
39.58933737814074
39.73040364032667
52.65736327629401
59.69162694866461
69.82246425379815
71.04021782841833
75.93619604557651
82.94257644101887
106.24831879691698
109.32348691722528
116.89113822550276
131.50202440295249
130.35182196265725
125.51663976639153
123.96497578975239
136.66847821077715
137.50163038969944
134.75146735072951
150.37632061565657
141.43868855409090
163.29481969868181
163.36533772881364
197.02880395593229
