-10.00000000000000
-8.90000000000000
-7.71000000000000
-5.43900000000000
-5.29510000000000
-2.76559000000000
-3.38903100000000
-3.75012790000000
-2.47511511000000
-3.02760359900000
-2.12484323910000
-2.31235891519000
-2.08112302367100
-1.77301072130390
-1.49570964917351
-2.54613868425616
-3.39152481583054
-2.15237233424749
-2.03713510082274
-2.53342159074047
-2.28007943166642
-3.15207148849978
-2.23686433964980
-2.81317790568482
-3.33186011511634
-2.89867410360470
-3.20880669324423
-3.98792602391981
-2.88913342152783
-2.10022007937505
-2.59019807143754
-0.43117826429379
-0.68806043786441
-1.01925439407797
-1.41732895467017
-1.87559605920315
-2.08803645328284
-2.87923280795456
-2.69130952715910
-1.82217857444319
-2.33996071699887
-2.30596464529898
-2.67536818076909
-3.30783136269218
-3.27704822642296
-4.14934340378066
-4.13440906340260
-1.32096815706234
-0.48887134135610
1.56001579277951
1.70401421350156
1.33361279215140
0.60025151293626
2.14022636164263
0.92620372547837
0.03358335293053
-0.46977498236252
0.57720251587373
-0.08051773571364
0.92753403785772
0.83478063407195
-0.24869742933524
-0.42382768640172
-0.88144491776155
-1.59330042598539
-1.33397038338685
-2.00057334504817
-2.60051601054335
-3.44046440948902
-2.19641796854012
0.42322382831390
0.68090144548251
0.51281130093426
1.46153017084083
1.21537715375675
1.39383943838107
0.95445549454297
1.75900994508867
0.78310895057980
0.00479805552182
0.80431824996964
1.12388642497268
1.11149778247541
1.10034800422787
1.39031320380508
1.15128188342457
3.43615369508212
2.59253832557390
3.83328449301651
3.04995604371486
4.14496043934338
2.83046439540904
2.14741795586814
2.53267616028132
1.77940854425319
0.70146768982787
1.83132092084508
1.34818882876058
0.91336994588452
0.22203295129607
-0.10017034383354
-0.89015330945019
-1.60113797850517
-0.14102418065465
2.67307823741081
4.10577041366973
4.39519337230276
3.65567403507248
3.89010663156524
3.00109596840871
5.00098637156784
3.60088773441106
3.54079896096995
2.68671906487296
2.91804715838566
3.02624244254709
2.02361819829238
2.12125637846315
1.80913074061683
0.52821766655515
0.17539589989963
0.35785630990967
3.52207067891870
5.46986361102683
4.22287724992415
12.20058952493173
10.98053057243856
10.48247751519470
10.43422976367523
11.29080678730771
14.76172610857694
14.08555349771925
13.77699814794732
17.79929833315259
20.81936849983733
21.03743164985360
21.93368848486824
21.44031963638142
23.49628767274328
30.94665890546895
29.15199301492205
28.23679371342985
33.71311434208687
34.94180290787818
38.24762261709037
37.22286035538134
38.20057431984321
35.78051688785889
34.60246519907300
35.54221867916570
36.08799681124913
35.17919713012422
35.36127741711179
36.72514967540062
38.35263470786056
43.11737123707451
39.70563411336705
37.93507070203035
43.64156363182732
40.17740726864459
38.55966654178012
37.10369988760211
44.29332989884190
44.86399690895771
46.87759721806194
51.68983749625574
55.62085374663017
50.15876837196716
46.64289153477044
47.47860238129340
56.53074214316406
56.07766792884766
56.26990113596290
54.84291102236661
59.05861992012996
61.95275792811697
77.25748213530528
86.83173392177476
84.54856052959728
82.79370447663756
89.61433402897381
92.55290062607644
107.09761056346879
146.38784950712193
