-106.08522699776964
-103.57371872462254
-119.43041014033292
-133.14449360145983
-134.36719683891818
-133.52342952213442
-126.08876334253934
-147.16442882074284
-150.26510783394454
-150.15497814615799
-148.41048104438545
-143.98239390067084
-139.49707017450066
-138.80954640122076
-135.81411238144639
-134.16312582802632
-130.44717058519660
-127.60069195806867
-131.06702485452792
-146.84920174753555
-148.76583999784103
-144.56874568502778
-141.95112282789427
-142.87626845476314
-141.11259518499685
-138.99177805391110
-136.19864289433991
-138.55120763103673
-129.96387327840105
-127.39474430481451
-139.38394712791006
-137.76214075113063
-139.89868841762288
-162.24925417536983
-198.19968768032103
-227.71500653930420
-235.26327135789069
-206.86676156768254
-190.27233531708094
-177.02129970519897
-171.43322853916399
-175.87294608791632
-173.97192406166911
-175.59814333592755
-162.11592296527178
-176.94505517634730
-198.05154775448398
-204.54006668089025
-229.45975426444951
-206.23109586555685
-216.45317545378288
-224.23508967080622
-208.20666863304987
-218.08723007622947
-229.47025745147027
-220.04245220816117
-207.13452023224900
-192.94478930285706
-174.26181646152625
-187.45987795101016
-178.93500737623938
-176.70095422834942
-158.04672609202720
-155.69244988618740
-142.03547716232896
-129.40626071590910
-121.09272109796687
-137.47790809667558
-145.00831331396401
-142.08900930811311
-153.46938602801546
-144.89292812259879
-136.20983739857846
-126.97826759347201
-128.82267447287421
-130.85985834905813
-120.21315952533905
-118.59771326485749
-114.74554857028073
-105.91199581927428
-101.34950233875720
-98.63167376626177
-97.26954129245773
-107.44529315251235
-107.63608315556475
-104.46085427210765
-104.46788525921984
-99.38265035731278
-98.61886410643828
-93.95699644293698
-89.42751314879722
-90.61057692593062
-92.06301918508571
-87.61716695389117
-89.41392069162364
-95.86967551219851
-112.01877514872278
-119.99536695662606
-113.58590594282978
-109.57225847095849
-107.39142383920671
-112.22023441465318
-110.01832609759529
-121.58918927722311
-124.14860681728592
-122.79699740465713
-116.96607087817029
-116.09085583328286
-106.07606258937230
-108.18334970626226
-95.37202068380284
-91.76309231176607
-100.52855574233965
-110.74835533869378
-159.96395811120203
-150.85814099435461
-139.47766789137145
-123.54787371905233
-127.73002145696124
-115.19211758624101
-106.71200305102984
-119.82900946547559
-111.36759072874520
-130.63170107361839
-116.62764544085299
-107.07846505023434
-101.76523077034469
-161.51673043965468
-210.68044038934272
-191.39035097140945
-185.13897637627883
-172.71206999126605
-198.15414048554084
-201.11066696256964
-184.64356824039780
-176.13932925483675
-154.78573713412823
-166.35562776366024
-174.89300560524799
-185.67077285045644
-213.41275493114148
-197.48130324106509
-192.99559446959424
-211.54607050153601
-198.36567050550019
-188.41508632764550
-209.77829993400431
-214.50503827550139
-251.69914025551284
-282.20434873771524
-257.95092156687735
-287.19851592976875
-282.19197037027072
-283.84572585604764
-299.58398448958974
-286.10756817522758
-310.90572052109405
-291.07331688885995
-287.78097346448601
-263.72148976255755
-276.51813303758354
-246.90482875666638
-226.51666020651973
-217.08254875991585
-193.83489717215957
-176.05265526426717
-165.10149854309745
-162.56465010688186
-150.09481022786952
-144.08321964050768
-138.06873094160059
-122.06681482777361
-129.52019032458023
-116.81470343117952
-109.28957622381299
-113.82762416790980
-113.78331196312111
-112.45369545010371
-100.30045815466421
-109.48150075540084
-105.34321014539753
-105.66360435076544
-110.50404102847600
-100.46858756846521
-106.96472096276719
-99.27910155088549
-88.04092130782584
-95.42704644479872
-97.27667154425036
-99.08706329507426
-97.98335561926861
-105.23755547944113
-108.15690857944857
-127.39638241874400
-121.86010216347103
-108.42681544114717
-95.68857684338566
-105.20526436153561
-104.48978122375119
-139.14619109706749
-164.44922569008625
-161.99123933049464
-147.67642655522246
-161.35165383480748
-208.44505545482750
-248.84349617295410
-255.97502339366940
-278.59165227851724
-318.89373225746363
-322.99406046211311
-294.25422664761072
-286.01641209036677
-300.14055833252354
-310.08494875002805
-336.89954296697306
-327.61321493242457
-315.01066627301316
-303.47271618249772
-331.34729930185682
-324.77852661398055
-305.25327204709305
-298.80180283649264
-332.87568669495045
-324.51752621117316
-324.71945240632431
-321.08105930807142
-303.17549242870331
-316.72870897823350
-317.84687453975539
-304.05260354710663
-308.28623098383071
-298.79541862738841
-329.58894832401592
-315.92164833355048
-343.20385438869312
-373.71518460866037
-367.09623271192311
-341.73405656926406
-311.81328417005267
-294.65609165506754
-286.28049071768163
-269.30400371211641
-254.39903199870352
-251.89018050456721
-261.19619381182912
-272.98859083754445
-261.07007954087976
-247.82544877574065
-224.45052838553238
-201.26683139742826
-179.85618360843162
-175.69449577681027
-168.24848749661376
-189.48392791416171
-186.78193069119635
-164.92531196823847
-160.99794813407831
-153.07783129301419
-141.64068800657117
-137.95142946221642
-124.74064905785053
-126.45891354085273
-127.69445515544672
-123.70323405786070
-126.54723709144483
-87.70236458700714
-88.34449058439472
-91.12908257799509
-89.98620131053141
-95.68486536150425
-99.89098937022922
-98.35635275621043
-97.61288214947977
-95.35025265557124
-93.95905736831267
-89.45946714580788
-94.55586690751517
-89.23236772402070
-83.84237661429617
-76.48657412966762
-84.39572361392565
-75.86696421945273
-72.48832748058445
-83.17581799108703
-76.37729312161404
-90.75185500144376
-80.88510140295175
-76.88048535815321
-75.81974726512800
-71.97949424904766
-68.86880634449832
-85.40399922896539
-87.02094679075586
-82.27852620178002
-102.78694747335337
-99.48649205503602
-96.41004245708451
-87.15162440802163
-107.56173959963208
-105.66847491640152
-110.85613165361792
-110.79160734228277
-102.84984950392951
-102.99503303772596
-95.28603415483141
-83.83024963562499
-87.10124358575335
-77.94137551418058
-89.70539291351572
-84.13797992934843
-92.49699765251944
-104.29692654681757
-99.46369326738360
-111.25416498173533
-119.77847058158531
-115.57489554995627
-132.88525761505744
-142.44687343599230
-157.68651209660845
-157.73765707605662
-143.63236733045815
-149.66512159475656
-142.02218651165333
-163.15402849947833
-155.49353044344883
-179.41069299203139
-203.35290352203322
-199.82673318490444
-221.83739856306812
-243.02710172932618
-233.06230934878511
-224.48941222941707
-217.05306670430602
-203.09547306756281
-187.85117232180045
-212.99171506582476
-172.78961129780086
-172.54635735280715
-188.79655148726224
-196.06259574734216
-180.64949262890610
-152.30447618378221
-150.98975845503099
-148.28416725760306
-106.36499540245727
-123.60505183004857
-116.22283010674573
-103.16100880953738
-98.60417028707067
-108.82372468035614
-100.38068480072300
-94.23068214542489
-88.81196447093612
-92.24176888506433
-86.74000724938041
-98.96931452381305
-64.51339128377607
-40.68078216571818
-43.49781186379597
-68.36185472178930
-86.12212628001382
-110.43859871678039
-105.19868887942293
-95.78253929708050
-110.44359560218589
-106.42351176404678
-122.24975791469495
-107.67998564775064
-99.00736181234575
-91.02353382445312
-81.54713028264804
-45.51499519454707
-46.62960841950647
-67.82109242722473
-66.89896827021475
-67.54318269795540
-77.44764924562756
-67.31920704837155
-77.60172420785590
-73.02187038248100
-78.87731488353143
-80.70437582577708
-75.51981275799629
-60.04551842449030
-54.03665887620614
-53.99240592906780
-80.62040435262762
-100.52511464366032
-95.43715549973372
-95.24606138330307
-86.70280822549341
-79.43100857316958
-96.61280464007388
-115.56245464980915
-125.42678560759654
-148.65255041099635
-135.08708875597213
-142.01737270302053
-137.27730865218339
-131.72151470845125
-135.74606967442924
-144.29056041848787
-157.86413419954505
-146.09784935402584
-156.98115808361968
-147.28793753742343
-160.26452868776289
-147.26515263802960
-158.05933901491028
-171.28260454410756
-168.41933967627082
-167.42895527999912
-160.41007059626656
-165.91689196723169
-179.59647643911455
-174.17199564696668
-165.77189745870427
-154.25372082060551
-144.23085633002682
-131.67134172868012
-131.72485421712642
-141.69584326397955
-128.08864321521281
-118.38451082189191
-106.91973768304271
-127.79305652081047
-145.70668587222980
-145.36388347789796
-144.20740998937717
-140.07313552631501
-131.36055979761028
-94.17702029349242
-105.21542734834873
-84.42363312034144
-106.95025316397430
-110.65849075304621
-101.40031815129983
-112.98522151008052
-106.51311444672500
-94.61859282259036
-87.26603833483715
-120.47017719276927
-113.06017038398663
-75.50207407707929
-60.79137206858400
-56.45512336013250
-50.37898663255692
-19.61514469376833
-36.54965032670273
-36.50525160907772
-33.07223860721663
-34.33759941757311
-31.19162518432630
-29.88668557245437
-29.32931436093941
-35.19499291337277
-31.86222997581908
-41.53794530915857
-37.79329375148681
-64.68696428563155
-56.11411644194664
-58.25571472645110
-53.83404512742840
-53.21376750726234
-46.89331522055375
-43.00278358816795
-49.35949026550370
-51.35448167743822
-46.04034741795171
-45.73376174874774
-42.96391022864915
-46.02839425293746
-48.03856308856626
-48.53970995092160
-45.62340433217899
-44.73996220744673
-48.84304380795619
-53.57308505155195
-52.66089977320614
-54.96752622328250
-59.50652264784475
-52.62213174556310
-52.87627779371624
-59.73107358937354
-64.45315602618244
-59.85279343207606
-53.74926317632286
-55.34738804373828
-62.50773323919444
-59.97333128008884
-58.82793839978747
-58.66401920998220
-60.04508620920420
-60.80454076413608
-68.13022318313368
-63.90214420810653
-77.72460873957867
-77.87827356267132
-73.06434392748008
-67.36426203281414
-67.14234581946815
-60.96767979932000
-53.32337487696336
-61.92836396669524
-60.54669564317281
-32.86383500060974
-47.34324536350933
-55.29676756540109
-75.33506359162732
-66.81136552700499
-61.02776313768198
-52.26828685540757
-73.47067455469998
-78.51329773120025
-75.80104382384599
-77.60452680646853
-74.38514231694445
-92.20969319927977
-60.63743509341096
-56.79955176419574
-73.62438150911713
-71.53650531289283
-64.60669821045009
-68.76627435706467
-68.30480434933050
-59.23249375245336
-56.91028303141288
-55.66631331920328
-52.12610846753866
-55.72397519969479
-51.51657803290473
-52.66168627257735
-51.90360095894695
-57.21705042642404
-52.86934066712643
-75.46393126567695
-72.21795354534403
-68.41052589611553
-75.12744261482692
-69.04857451475053
-63.14491179880089
-57.18550009548734
-53.09481463635618
-42.43316458405432
-57.12282112432567
-50.29674581010931
-51.52870965977606
-46.17588120058195
-45.00734651842453
-43.58639871311382
-35.65906635493678
-37.40329510612574
-36.14723466715325
-27.49031660527685
-24.86564473646936
-20.59501377465462
-21.62551622040708
-17.67196337410963
-19.53536284544381
-23.33315854982114
-1.03387677604262
-1.05696818509032
-21.59736111052581
-24.90015118298052
-25.79913844025602
-21.95792104605272
-19.68227048938856
-24.18040457043175
-24.93827674921041
-21.41304898418030
-23.97095908860315
-44.94255451094616
-46.93159944078126
-41.38975305831836
-41.05806267532734
-45.43026075201839
-42.95399755183280
-33.90292604571304
-41.25928372865760
-59.69763501857928
-53.94290794920290
-49.66934535089500
-48.30441445579029
-45.07428799870960
-40.09421963457621
-44.22510061865269
-38.43350175460995
-42.57428843651132
-39.74854302346052
-40.90084118487948
-46.67811485301034
-41.68851805061797
-37.03592563564613
-35.12056257834005
-32.79866998100193
-35.94618297609151
-38.74783027543857
-34.74271470121285
-34.67392251634791
-40.96159475054233
-36.48282822733713
-32.11801526860442
-37.69493381707930
-34.96689176643243
-36.68528375007892
-39.01887694335792
-39.65953657836128
-38.94108166995696
-38.41756363333404
-38.10250820560978
-36.63706451154601
-38.85219289557213
-37.58775507505340
-37.45308081174608
-35.51632526892194
-36.45020726403343
-31.96797180979569
-35.95375353131663
-43.77235081741527
-46.72194671817735
-41.14732650964216
-49.79559381107025
-52.41172805898141
-52.54558133780710
-52.75302568977698
-53.42746693619536
-51.85261792922979
-45.64686942387236
-53.51689129465866
-45.30026050764204
-42.50453352303465
-39.07530110913213
-36.94793498383979
-7.74365424791840
-8.85686763389754
-19.40784644977467
-20.79430423234616
-20.71417124280095
-40.18186432689758
-51.47869586034870
-66.64395467778706
-73.21114865428440
-74.39239783178971
-89.49120839858807
-103.13625344660065
-99.08854957648988
-102.75713083148761
-98.74878247405849
-100.22316974066234
-98.82792178509523
-95.51397686907262
-84.70488053554718
-77.34484978397472
-39.05874595501562
-35.27539995394071
-28.86885482924660
-28.78090097259972
-28.94195357938625
1.04862596427171
-15.42733231027659
-15.80038817045759
-7.81695061031011
-5.31822498101736
23.81746288231927
23.70533907955398
24.58836831938218
24.85404820232894
22.41159092373569
17.33769341698189
14.85352578714265
17.01935913460402
16.71473363153360
5.88542077218276
0.44193335610060
-0.62442271185519
1.93032283211835
-0.78225333835059
0.66454129911196
28.70702827552568
26.32896941707305
22.98348357056760
29.40132422226138
27.74417523676481
21.11550362043638
16.24634205082531
23.45283667770422
22.63811706620928
20.56215812853351
21.28568352624715
22.50390879286682
17.01525308984039
16.60471507163509
15.49216139959191
16.37395647302313
9.83533115710896
13.10942733258380
11.68854556370295
12.18068533156430
10.32840609235069
8.43577037074671
7.58644777534680
5.25985938125471
4.69467566027324
8.27048537987090
10.27277993996236
5.27012048170126
6.75795529438930
5.89148493560082
6.13891522429384
17.73858110300842
17.86925308001479
27.77695923261308
26.93247570720151
24.59290809843498
30.76332710455991
24.21736300600987
18.42945857452092
14.75139050493353
11.54420907960730
3.84056551574094
-9.05013746050978
-10.38334862377824
-14.95517465946362
2.66676609014328
-19.14842645196421
-42.11543698098066
-38.92972663972828
-34.69740209601884
-21.24347956477432
-22.95817597013612
-16.80035514384150
-12.03505468892853
-28.56266781659469
-42.45720052844342
-58.22732665445571
-70.48416718571237
-77.68469233776017
-68.28752341671805
-90.96185381260781
-106.60374541661284
-93.75764536772223
-103.78679067011423
-127.60070280187523
-115.05101664641523
-117.71247573821265
-116.10902026854527
-123.60405000962695
-134.44797866000852
-156.67794885117758
-158.19864026746546
-169.71550228150156
-182.32787524819315
-188.68693334104788
-186.72079668759244
-170.99545247624732
-161.44461780518205
-156.69893545356311
-154.10661846042419
-146.61910839181203
-143.11774790851038
-147.69430042955108
-151.69937918129571
-164.79355198887265
-163.21639189752537
-171.00414622901519
-182.79597372542275
-186.12955192740463
-189.41136765454158
-206.93989037019637
-210.09389973405223
-207.04232053485705
-198.41996817185790
-202.44486892547729
-205.35991968662358
-203.96188302060963
-211.16164869989376
-204.71966927499312
-226.45588902581494
-206.04304701223225
-193.48108577324456
-179.22410272900120
-169.13038051883933
-171.75651454169218
-172.16674552135908
-167.56120094537943
-178.99203137478978
-157.46490530838861
-140.05977578420953
-136.34211263870651
-130.85379569486494
-143.26808429112725
-134.34279153683704
-135.70103540847350
-130.27729720867461
-126.84720574423778
-117.24303858879861
-108.24576123655302
-113.33430271453435
-107.74248013473891
-94.71530996932272
-81.62133312504535
-72.37288347589784
-69.69852626111148
-61.98942125428731
-52.38878750398877
-44.25088063481380
-42.53240470269340
-37.18937632868680
-25.61988048101136
-24.02992365069255
-23.35717480620200
-19.28738714942563
-16.84166092794628
-10.18979114492665
-0.41342468180651
10.26795234381395
16.25901372910035
17.90810738551728
10.13108113318119
8.36914540034301
9.51548996922342
10.78924450277439
14.77470145128143
12.53170843724123
12.62010844769737
14.72241462401125
13.75345378917334
11.57948813098342
3.34694291883813
-0.50505542520021
-2.59454496288747
-4.89403189312585
-11.82618258843964
-17.08136814731118
-14.71502398168370
-20.81413519112556
-21.73976777938909
-21.94156029893216
-20.66983613379264
-22.07108597891428
-27.61880089649556
-32.34673117600405
-28.83327425687273
-30.54553954187090
-35.78937419452866
-30.54101815159448
-28.91609559381029
-31.15505566709789
-31.37614810720630
-31.88809604000195
-31.20687648091021
-28.31667409866279
-24.36908600282834
-25.10693125137538
-21.33482007978651
-23.44303708038891
-22.66701074165048
-17.47496995501282
-17.14784249698207
-17.26253932631722
-16.70604549764390
-16.35247410546161
-12.00217682804795
-9.16057580840691
-11.15308736827482
-12.60310399303946
-12.12739621828002
-13.51483899863546
-13.12713745382432
-11.77895926182027
-11.82633178887092
-11.47350606156746
-8.58505554313588
-5.27419077409568
-0.54178768253492
3.72294933484533
4.54214955132528
1.51956523146457
3.11873175177470
2.83747777712773
2.14485304213720
3.24057512783948
2.03101973423135
1.64638987814262
4.88811962991841
8.32254798402461
7.53720644679867
10.58884180312925
10.00641390021393
11.90717175865766
11.32067355058768
9.78367837288028
11.38563211369553
12.02195652572635
10.84117509954348
10.48911123052499
8.60461237029095
5.00234049188776
4.60695397527171
2.89109478924137
6.14657845617564
4.22990285251530
9.43762328293094
15.49330028690408
16.78049283425089
20.00577725032876
20.77640440631600
20.87187092458343
22.99435322514859
24.89095716258630
25.58658251221774
25.83125181098781
19.76939455678789
17.12543517270288
17.13594205530591
18.79399862817979
15.42948603589329
13.18996233021514
8.59999426915476
7.21752758594833
-0.13848302769590
-2.96341085522374
-6.77584257146339
-10.09051636154111
-8.37568489192081
-8.00940398350019
-12.03507682787486
-8.63445579393075
-8.72814052283472
-7.87697194709475
-8.05626949389397
-7.89892973324122
-5.19921994135125
-6.10520959559669
-5.92040795631401
8.75465244396902
8.20748010095364
11.54703738309255
12.66025898049576
15.13013214905458
13.62720368974958
15.99663779019574
16.01052597235400
25.92829979100093
24.20089746797780
16.43321042517510
15.06408575424957
15.27271315848732
32.07090573500937
28.04771507129114
31.15393862879284
38.18568813388433
44.41344303144893
37.80355320229857
39.55892425463379
39.66916239700788
38.84006432441484
46.95089233216392
38.87802661525319
39.13560816472572
33.31577759296746
34.28455673683466
47.36954448562103
38.81985106030756
36.93573306559279
29.30444920847345
52.71028229330648
41.24121723471082
62.85061245517025
50.88263926027178
39.31641558438000
33.05980009678338
24.70613119321449
45.41661996283572
65.10048169014007
70.88901145591767
66.14270834433599
80.35853793350037
69.48127615181021
85.67650300687571
79.92997418750984
95.45407261966763
112.28213984795815
101.30323101332365
86.18463967835780
106.62592484376739
93.78475001195726
85.68955306099450
78.14683031055651
72.24650941220541
93.79060063235545
111.10945805480850
122.37582443829820
109.21529907503418
121.01910934794419
102.57612275443329
97.13942041325691
89.00948165533839
67.81370571181495
79.32148763699428
100.24449360860639
112.94141572628205
129.11316142094040
138.66966537421786
128.78495410569761
138.07399491845558
149.28767008802387
157.15452343883101
166.72206666670979
173.77195837569150
162.01926846431309
169.84928026648973
159.32415147763498
173.13253047240323
161.88239482054260
149.85116369114610
135.29347002167026
144.19815551541802
131.36063168635371
120.56298267384716
110.18576262275033
129.15388159013517
119.52681616058888
132.26583229717883
121.32671296615439
133.77655259323919
135.28241329860970
124.96956550074952
110.10457127102609
111.81123893257427
99.05602414211590
104.99405488306257
91.56260174526044
97.18989634875612
103.68084652330187
80.34358224906578
84.49426467389438
100.59458617814744
106.53743489509297
94.40764714906666
84.88078113240002
92.70591660710744
110.04704017894744
114.24960767996993
128.24726281202587
134.37781610631532
145.14716163429745
132.01317558206046
140.46228426102704
124.24057418770262
112.03719248649185
123.62228350743769
135.74950660993886
125.83709946932103
136.51427903718161
126.39313580211009
117.13755763283551
136.61340744761009
151.01774986424681
138.94003919471373
128.89561613743641
115.66587631852062
107.40043096783785
97.64551761562622
83.20516334620078
90.14528669531987
83.92976484024160
105.64230637052644
122.61874343796552
137.95255835529801
149.77278510393120
159.31866891888527
168.31913289493929
153.73570649314939
164.49640957456009
147.01487080319524
154.21274757118348
165.39509013751777
171.75475341533092
176.56552450308047
159.93695952228779
141.68806470069487
148.22197505354396
133.59087245023022
147.52884706140358
158.89644561374257
168.47129702094145
153.53072317872619
137.30159260995612
152.35765116976285
165.44771840659428
145.78843917382645
129.66285176906678
115.33280827176738
105.51039578165755
98.03120258185558
71.37741889948418
64.04625237375004
60.10609416417719
76.90490948050255
71.38164323779787
94.29192792937774
114.60317322481428
129.52590202802622
141.64193870185929
129.26458270606969
137.72198890988628
152.68146183541083
161.11669474614160
173.36368432893730
178.58706641233746
164.31231103642011
174.16022969968827
160.07343774843099
144.97761044676648
159.35658249671468
171.12382613823019
172.96918899108007
181.66966507021255
180.84334111327615
163.63452426714753
173.94638290871549
183.14567980488135
191.20350766947541
198.05124753722424
199.89110257021750
206.75571196534210
211.16277640699093
208.80784111170908
191.52115984225219
185.43098259091471
167.06451496521129
176.35385042207650
187.14197040009736
193.98345937936887
200.48133454575708
185.00445615017631
169.81875443073679
180.42330206009274
166.92675483736676
151.43403824750831
134.73141981022192
121.21697034779713
138.54065524853115
147.84456084267120
160.07959059835397
169.85477468313235
180.08255537647511
165.68570303453626
149.14361233090878
159.76548886995289
167.77623641270230
151.83932416073068
155.35311887937084
162.12562354257901
169.96407232596204
177.27069959626073
180.21073786598217
158.24131261408937
165.20130431867261
169.35523173529174
177.83989161394999
155.82012543864016
158.38982425448901
166.49279985851823
175.58976089604283
180.25386610031956
179.98159073240390
184.35010038637870
185.61188938064618
168.15843863267736
140.83926653678139
151.48041192918481
160.12938820080743
171.78668235696458
177.81390517632838
182.23553554379419
187.27812617664102
197.91739420131410
201.29438637510759
202.30628713616258
207.08583992613873
189.41307240192225
172.66791915129537
153.97831225411400
138.00317602069944
125.78554818493836
135.97236093526431
153.91112658090310
140.02509439277827
152.11875726031525
163.30525721277809
150.20407493349992
157.78178030531942
143.76693201713758
148.10276525365745
133.36401800372579
140.50363918238983
130.81117595038157
116.67678390288933
131.80440835486783
146.02160684950962
133.25476525571236
123.11829557626822
136.49031661947319
124.62421670684090
114.08792942019011
99.99224062319549
92.57364787123439
108.41659630488694
101.03411119497005
117.36766766370630
132.78920881362583
120.88331974274504
110.14024080822023
120.88294972472944
134.12717818754524
147.19669143199300
155.97790274234021
144.38639924661305
131.82558564416834
147.30036129334366
156.47893671334754
165.42635118888819
173.54367383384118
183.53401709516555
193.08031740685661
178.63911495233322
187.98157212175076
161.56729367148941
169.53264738143449
153.72745818678061
159.31876673919965
169.17178618214749
177.11592574059608
158.25221492227465
142.09846228067030
154.11936153347634
141.59114687924460
125.31060987552931
116.73647992816015
105.28526240998238
120.26368417707458
110.05668113306571
106.04375504833267
98.26206662286474
113.92840559811920
100.78040290504816
120.05652520171395
132.66926149544688
143.61005772131654
131.21831934658880
122.49643334436021
138.46182606710607
150.48482524202370
162.45995337522072
173.79235431936499
181.96326300927959
166.20892780244665
174.67301754822608
182.85336518391739
166.15433721992673
178.45869227831943
164.24946730298092
151.75357623215143
165.26953911403751
147.82265492851124
137.95704458208422
127.28129793688268
111.14749957014234
126.16018754929286
118.72780957761030
109.40710645097407
117.67447685481069
111.34199653855148
128.40413881019137
118.29536271242289
105.55185513184665
121.97234302417634
139.25892741342730
153.21890970462567
137.36863123418664
127.31944626331830
143.04676409365868
128.34502134670038
143.77681803723377
157.22591384218987
168.45017361140796
174.10466037553650
185.29315491252501
182.08861463408078
191.13185267028950
195.75331025888957
202.89122149100083
184.53994640641000
193.28201700552654
197.41981198489498
179.60204148304794
168.40976169607427
150.40868015335920
166.60641976909852
152.01493980300822
140.84395368169197
153.07089546583404
133.62542469509771
147.91307659695119
155.37504591629926
169.65415287323583
179.06155862793344
161.78884921103295
170.61306521286789
180.04930376221336
163.24507225097912
151.20354934664294
136.27382783924773
146.56515873833919
148.58844468212970
132.85395593155167
146.55867015341471
160.10473354299475
143.72782709545945
154.67627023445647
167.77285049483095
179.52093281319921
191.20390899580849
198.25620867798986
203.47974629056094
209.55152989624807
193.28929081332745
202.00393697544331
209.28442759640004
190.35578607513665
199.84473787067643
178.28127683211952
188.00683214920781
195.32816847761629
205.08382672594959
172.31932810941382
156.00595916498051
165.48232962767463
176.42820004661147
