-106.08522699776964
-127.17158088384629
-146.91303552682515
-214.54940261836464
-203.29179524360512
-231.72271736506963
-260.07225404038797
-290.61367833719754
-306.05201585756731
-342.00681119262833
-336.92335307064138
-307.88528548027296
-326.39208676304679
-346.56983363177437
-313.97733499075616
-306.49563601134275
-336.00209837620406
-310.14772870171959
-308.98339639895875
-303.82241546378822
-319.63461521675430
-292.53244894724651
-279.54926450766510
-276.70016565742310
-259.35989517313902
-249.34646110131737
-234.26815402138905
-219.08814741774086
-227.47714421592281
-222.97648166730698
-218.57150336390188
-209.63685203231205
-198.14285972682615
-190.01632773077549
-182.71072828948877
-179.55443676608695
-173.62266971128150
-166.29755496011106
-162.31102434672894
-161.15747681954079
-148.15174577504149
-146.93633240186287
-140.94971985351361
-140.06223621933236
-137.64078093227857
-142.85944126108180
-136.15627278600462
-132.31090559723640
-134.65784874762738
-132.70183681186074
-132.71769568338095
-130.96383186611368
-131.48470461264867
-133.27309053321912
-131.74698874991324
-128.40632799383678
-126.36060651762739
-122.27373296353035
-111.16223283195308
-108.61822147392807
-106.80468147668307
-113.66682107805480
-121.74499048798050
-141.95353779328764
-138.69985805873924
-134.53951217454897
-125.50084711247196
-123.49939092169629
-122.13467025008427
-122.57756428462125
-120.59310349856320
-127.94764520643622
-127.98608478367494
-133.88798490505923
-130.32827431734484
-140.71469491582496
-134.93598484256330
-135.43804797323509
-130.78686172557951
-128.66223819831686
-132.72744322865782
-129.81672171237284
-125.69837796964417
-121.77638227391164
-117.31226182709941
-113.74699605225321
-103.87725840202113
-106.75999065590432
-100.02195558634153
-95.29992185369848
-93.31301272783651
-90.54788025334442
-87.58571143505766
-90.15073895718477
-91.98333377932153
-106.44168513182699
-119.61084841618784
-109.66506752511590
-97.62014257657167
-109.44616681804452
-102.92204010994932
-103.33930114537903
-133.99422642408734
-146.13370592576456
-154.51369093725742
-146.07945342466689
-144.98251693570595
-152.32384749177928
-149.60356445092148
-157.51560898181089
-168.28543333469980
-166.44158265055941
-185.13226964629465
-184.48096537884231
-181.13267382414830
-195.80681405400753
-203.59153199927044
-188.50800209498794
-179.90854413409033
-169.50862608954449
-158.03322273621589
-142.58453135580464
-147.94118241997973
-168.67428553301701
-160.81016576731048
-157.29943412668834
-166.34527616257810
-158.01768434664939
-152.94947449886882
-151.10190622308605
-149.05405870910749
-150.10136910612403
-141.49284506738596
-143.87439100452858
-135.64377357232885
-136.65129234613443
-135.11316293076754
-130.94394835266149
-138.00452104088282
-134.92212631568771
-132.14321282718348
-131.98096108395288
-129.20523914441605
-121.95860806706567
-121.45355202298086
-121.26665460065827
-117.94812845590381
-121.73024565329648
-119.24203154015480
-116.95402437426077
-115.43696807223637
-115.13722808747552
-124.46161539192028
-123.95485773021075
-119.78989137511093
-119.41729990868933
-114.16462921225460
-129.25557636961193
-128.38753136486415
-144.59008727474836
-136.01539739276350
-127.02237390037051
-126.69521860881076
-125.62462008218385
-125.51602538321241
-122.67246171294629
-117.37179671615299
-113.16796545252544
-109.18156726474115
-101.34573317863224
-94.73612646171749
-108.40048637180121
-103.36509117527321
-100.46391777555399
-96.11763681522704
-90.27971255471340
-89.08439606521280
-99.79315630555992
-103.19052203014770
-105.96230436844944
-98.11689170546651
-94.15527451807976
-103.05687987780721
-97.90925677529320
-90.53264638597174
-84.76281401717731
-96.49536979841912
-94.99968470527683
-93.65940607120832
-88.88348413012508
-81.06915122757127
-99.49051038202123
-91.02661497780133
-86.36732455670750
-83.92499263759923
-85.72798616064588
-114.73368296566514
-132.96514126497706
-134.02527477753236
-122.19634995174509
-110.93979243201721
-96.58091600469002
-93.02708573219503
-98.21663706794196
-94.62603644808721
-97.65850946969259
-104.78728618864163
-116.71862852855377
-104.48163583360548
-94.62318921300322
-94.12634598283445
-106.28340381454856
-101.47938363501102
-96.77742586176355
-95.41668293328219
-93.78529765460362
-92.33377967671142
-85.11349015911584
-98.29529094332547
-101.56739076534978
-99.21530146737022
-93.15216505082786
-88.95341362740290
-91.75610953129929
-89.88647837994917
-89.96366402059779
-91.78415930262524
-110.33071384832984
-108.22852612033796
-108.31550733637700
-101.50403725348015
-109.10905309238530
-104.40926236901358
-110.10864554783544
-102.11785944183652
-112.39187413581743
-116.72359021143454
-104.04548128254274
-96.95277213367055
-87.16714317431742
-77.02493175439034
-69.32285106220759
-67.76091667328689
-64.56776001139772
-55.40583269351032
-49.08589202202186
-42.63593773245402
-47.03181969548027
-46.69986098555106
-41.71218926008984
-60.79915847195323
-54.06187088313382
-46.27273646784305
-58.92419677733847
-58.33042315144341
-63.08292602826978
-64.15507959393300
-55.13591817971763
-62.20972939581328
-58.19994295491751
-77.20902869413803
-81.95373973975512
-93.67958802296474
-86.94905666645397
-86.91500832800148
-97.26806641537044
-87.12973561562711
-81.10371671404060
-86.84478783176640
-85.50941520917500
-79.60870871828847
-79.08974008943886
-80.94670670781292
-83.29870244682054
-83.60843897724081
-84.48893960963973
-73.91427962471901
-71.37926538772035
-68.79595227462949
-49.06839371002348
-16.74668323805898
-20.92514841316760
-23.57709559502671
-35.68407077149831
-62.23264057109175
-63.40249269878524
-67.98565912390515
-41.70175244266029
-37.07089644204510
-53.03261221996561
-47.65528537592500
-48.91749845392898
-44.38959645881305
-46.71972704592380
-49.51457282380625
-50.42472774652426
-50.04412274433527
-43.48224172640203
-51.56193914421716
-56.75794664399488
-57.09678846614850
-59.69672333152320
-52.59891899403386
-49.06165780907421
-50.41115408631627
-54.29376279891645
-55.82546675612434
-56.01143316285301
-62.65938509934265
-71.47343119952176
-44.36862384907460
-42.60053327019332
-51.31247008338540
-73.92070604233037
-89.87744745269828
-85.45632603216912
-95.98214154371537
-84.86274744167690
-83.78606186734142
-75.68121642794169
-69.97518929455217
-37.24676548562436
-36.00838236755612
-35.07063379611968
-39.36715639279065
-38.51985161774704
-40.92089851309115
-46.71430653435724
-38.26738256831348
-42.77196080394970
-46.70947414333830
-20.78871732143160
-15.40450335894226
-24.60371733302403
-23.18713015853693
-27.36213314578395
-30.78700110454452
-39.27972464921326
-53.89897149189138
-50.47607733215845
-51.67242287270811
-53.59681727395486
-50.36301885867489
-44.54008685817968
-57.98584269483237
-53.84511406532311
-46.01162932350092
-51.13553755801052
-54.29520987433644
-46.88037716216220
-51.74142440608305
-53.37762456129150
-66.04116215471539
-68.67876450406359
-62.52189815869649
-53.14394334425328
-56.89032059534494
-55.83707956580908
-57.38221674155338
-61.56636305659337
-61.57668792310763
-62.13225664248016
-77.69456332438470
-90.29515424124024
-95.97658244407187
-100.03679040670259
-138.07323747028983
-139.36286033373361
-147.65943427073435
-136.53585668765052
-117.07164553701784
-107.32329139958048
-98.73970268815575
-103.34149126772421
-111.32738712304375
-108.14031008463405
-100.35287457299737
-93.66594704174102
-87.59804837810367
-88.11289663217146
-84.19509460750091
-88.83411751835375
-83.42787957615964
-91.07389532219121
-102.38783033940724
-99.23778074728308
-100.17310789447986
-109.98794518794681
-113.76179857573891
-112.54635583137994
-119.62331657329732
-128.17007542562277
-137.80007509544089
-150.73862263314837
-168.47076745712181
-165.83690591319510
-167.89790265153994
-169.68216171213436
-185.51341782589503
-186.12600140957994
-193.67760234291802
-195.17910385614681
-191.94752460725778
-220.06591104977184
-210.91374093482233
-219.75909682012832
-221.63115098162331
-206.85573344456375
-201.07445680390865
-202.68323599685928
-187.29866082246858
-175.97806275782099
-175.98375197779711
-169.54598713981648
-166.93800616705914
-172.14073461138281
-169.22479516814573
-156.12202458230368
-158.90034895613587
-160.95550588910734
-164.22899313105958
-161.27862892927178
-170.36511097734120
-162.54112274970930
-158.73252762862100
-149.12738141456356
-135.68635143928776
-133.94213288801399
-127.33677414573022
-117.70486834002136
-104.48775634696199
-96.94481911097651
-85.56687271152383
-86.42304402259583
-101.74490138408157
-89.50907469592171
-78.10865837290241
-73.10036624901454
-69.45575997780570
-66.30635560524385
-65.80309508760584
-63.67536137213536
-57.03648751168389
-56.13243784976230
-51.09840318347178
-46.86619457490140
-39.04872305415279
-38.83274608078066
-40.18252262525007
-31.87396441842382
-26.65406629306523
-20.93605377764796
-15.75809753629675
-11.86682930391931
-9.19156112413002
-2.58158726852973
-3.49089285759131
-9.21611590920771
-7.86992476308679
-8.35545737196933
-16.36664446511065
-30.31141113174025
-54.16146269152550
-73.28987934981517
-72.86988800523271
-92.41244599731080
-84.14532915604366
-82.76449790811300
-79.17146005539180
-65.84519991651942
-76.94671109489465
-71.62970430521925
-68.19744214910099
-65.40751928511551
-60.96022090155926
-61.28814348069956
-56.09426630060315
-51.96443254457770
-55.54209025995999
-70.79233784525638
-67.93466984809410
-64.05511872602840
-58.99354461010289
-59.54847454488514
-63.09228515100729
-62.46903809830037
-62.83457467975342
-61.41149730430855
-60.24384054185266
-61.28258758725820
-61.01172392195347
-54.65818219594832
-52.14012555080899
-49.50982983451659
-50.60087254621203
-50.34089023674878
-53.65202587328392
-52.47689021765134
-49.57821819854779
-46.76528927886122
-50.22997809456056
-49.23544123598123
-44.08349680375991
-40.69251158720230
-40.87037335732535
-35.58101098327055
-33.79787299542689
-37.95518013588008
-36.34597628457051
-40.96004064409190
-40.69443239570657
-37.03956667800094
-34.30989630962003
-36.80802111184703
-35.93934262647360
-35.95105497217990
-29.78539908966632
-25.94202556580244
-27.27427401847734
-24.21667657610911
-19.91125863734048
-22.17155858111103
-24.38218320080045
-17.40618129819135
-11.28336980887076
-9.80246262280403
-10.53359891306862
-8.25438705762844
-4.62564389075274
-2.41405044761575
-0.99558916478075
1.25130276902195
5.09965972937570
6.87229408583990
13.09024640547128
12.09289145623357
16.12806658772037
16.48607881767638
5.26832635029971
11.12205063830648
13.50285281069909
13.23692298822098
9.13027387507406
8.47970008936588
5.97031469071520
-9.05026696555665
-7.32773527181050
-8.68004031400409
-7.16577871927732
-7.89139290263342
0.95528443272246
3.94135312533068
5.88574189757007
3.61022262090632
0.36009785289139
3.22727535694470
10.46637044496332
13.54213549540497
12.69751777178411
2.80160484726683
6.47081506584658
1.87412802794541
-5.74606016906730
-0.23262503450018
-19.09753058492303
-12.85783015722496
-6.46926656026308
-8.75597695503505
-33.97029293291795
-32.00570638350811
-30.36206873043460
-24.53143629861627
-25.22850786945680
-22.33747661147345
-20.39959356740819
-19.48477211995461
-19.25895758875324
-9.61145814477220
-7.62886211469005
-10.21363311128164
-13.31544610724340
-15.62087497199750
-13.24436462205503
-5.89574033892157
-7.13644195722025
-1.12084834078647
3.99739533739131
3.14097910041885
8.75254519431799
11.60410840952934
1.43272190485678
-2.55481920791536
6.84933930760287
8.63555525434218
14.56643066924867
6.51943729286761
23.60457309467467
33.56853644002741
41.89753225662530
58.33442249144099
42.18039667918175
62.69710764786964
49.62874267890013
38.75641789716423
34.49121271498838
45.40305875550933
34.58116684177377
32.84785358871551
20.19317666152808
17.37737096197359
10.29982334222768
-2.61786253182806
-20.28476430597476
-30.03663362109402
-44.66600828154344
-55.16054896137501
-69.39082951708374
-72.43778735001800
-82.61661847528082
-89.56375057600499
-94.07678047611503
-100.78467296141706
-104.49238296371051
-107.45968650711825
-110.74082723502795
-102.42528997781908
-104.04506329911902
-98.31913640912973
-88.31571963769559
-81.65716675991590
-74.35980294375329
-72.43186616864629
-64.98023546396378
-60.56478105482791
-52.13830083249236
-46.17514863609157
-42.03989820038139
-35.20585545968656
-28.45110231638260
1.44203088711780
3.51794108439128
5.18746045765978
0.33044484364690
-15.95889072921114
9.90433179799421
7.73205208789365
1.33621318872341
25.10812688330846
15.80911730227395
14.14380839418183
10.16032280545392
36.12739159698295
31.08455732227240
58.16643486068828
53.59394138733486
67.22270095865477
92.11332124260274
80.44182357927968
71.94765586655672
88.45942519442013
77.13511110118883
70.26614370877159
65.72311434244128
72.50888519825754
63.58184795211458
61.82049552744618
82.60256215736715
71.64692540935093
62.27779370000082
83.15012593971721
79.81208742999210
74.17989515250407
64.58760224889386
58.22666114035239
54.85373039486151
48.25886181899620
38.76660925925774
61.31504771401126
59.23242613531372
55.22493329757130
71.32574521571851
85.04003734060484
100.43873299837342
109.79632982303893
94.92672834033600
109.11304553592441
113.45698904277738
126.07028979075115
102.96244324448180
72.45376242474158
87.57695428763284
50.01974045412985
66.19758680871837
81.03607416842975
72.00214334540689
84.33484754735854
96.09988509880289
71.86323516017063
92.24183665665555
81.73923904968794
70.87373431174670
70.57005676499570
88.01867462339062
94.39337845936639
113.06473391358391
96.43503907946372
109.60707111361512
124.09649262065118
114.52634673189208
132.02282897060002
144.01683908288857
133.73806665261986
146.36544571113444
123.25271539845784
113.36794562833060
102.34975729439401
97.03712183726894
89.90530383699220
84.43422285505333
99.73735842619331
84.79442081269104
77.69356365291139
69.31514579831259
90.09735492775721
83.86661325851546
75.33563847621541
70.19037751699669
87.51551948428047
82.00478182172542
74.94721821921252
69.79692364042990
90.87311065686120
79.34514442542411
97.15355112289549
81.61260034190363
88.25621573118478
73.79532122400992
65.35956808198785
59.51926491906671
80.33559001542386
96.75771082665753
107.70506002091092
124.23616808157708
136.44281677257234
150.02303358885908
162.35143090419513
170.38157618994467
181.83473197636138
189.12619807578821
198.85191409116098
205.41386285919828
210.36589184565190
187.56787324522742
193.68852421692986
199.90088240794449
206.01041065137437
209.07023111556401
213.15685594891386
