-106.08522699776964
-107.23158314615050
-108.78931395290086
-148.51161073487339
-195.97650043365519
-230.69335694169445
-263.21647598979359
-301.36819326888434
-340.94015740416171
-363.16345152489009
-399.72590790934316
-485.00551643174242
-460.52238382495671
-456.43764749810254
-466.38580664046384
-434.94595721596869
-432.16015178280315
-416.41451151593890
-395.75087330417153
-400.54214834407526
-383.70211243215715
-390.94656221258163
-363.56209299613704
-336.38906944686033
-330.27340837506068
-335.44961935320293
-340.38792684073508
-315.03353558977420
-345.61772735047384
-323.47739907979638
-310.42792817341564
-289.18005168296327
-268.31909765517412
-271.54508771707793
-287.23494683997745
-284.16708943673876
-297.77893808450034
-291.61150451342155
-276.29099668975510
-302.54798753073902
-311.47055771563930
-322.35014588069464
-335.73355300442677
-318.26323081240292
-319.85451015265488
-300.87393082629910
-296.98474375601427
-303.47017911989713
-283.94671837008059
-264.06460685896275
-262.83912895541738
-255.59475346114348
-252.83952800879095
-257.50894569678337
-240.52043810759591
-230.24955954725448
-229.58583918732958
-216.86194000298056
-196.44428560621338
-194.54307586527975
-187.35070404609465
-179.69234976034497
-172.84336728103949
-169.34918116375366
-164.00430416414508
-161.70236885499085
-160.79671419342293
-156.84931289921809
-151.16590224717578
-146.20301494742469
-140.86388826637358
-137.14599249192895
-133.80474612229798
-131.30653258183210
-124.76086973110408
-142.59424902720377
-167.88690521975394
-179.74224702258243
-235.30927385010108
-242.21248549599775
-327.48876665092456
-359.25970940927209
-370.53117076906096
-366.93939803340959
-364.98567023126913
-360.54321300776456
-338.73081722064290
-325.71149672023193
-331.72275014056828
-324.76269182142954
-317.93095789980987
-319.28306308008911
-307.75579591351527
-296.78259140446761
-292.56567428488273
-270.04417635260427
-245.66870578529696
-238.03360281675643
-220.15606479091466
-209.72855745047150
-197.13700435027982
-183.83090483183301
-212.32985973647607
-198.93034420261222
-184.22786974995722
-175.28802917093392
-171.65427409978358
-159.76164911957173
-162.90598399551953
-159.40733332569462
-153.48930716945370
-147.07418981145125
-156.76455753265171
-145.68540901011698
-137.04107682418223
-162.21502483504142
-152.90251455890328
-151.95221584020246
-168.14959170031577
-193.50703732533009
-207.73913924686195
-217.46291949826562
-265.25145264081527
-265.09533713920541
-287.91570152111751
-288.27432863995125
-301.63831105239518
-295.13608623402979
-306.93619782034909
-314.21002271814029
-307.46946987515963
-313.21924091505770
-305.71750069331802
-308.60551095082508
-314.11689164464241
-322.92701394072094
-317.20997580524141
-326.17581348423170
-334.81288003043755
-339.14873574137658
-327.58076821896952
-338.23761076106547
-340.23884585664746
-366.58624963063363
-361.79407386240308
-346.69165737987640
-351.45789090348012
-338.17421118600049
-336.29640369296226
-328.48616991901508
-339.86009967848355
-344.21907359924728
-356.00961803112392
-356.06378768428897
-351.43724134255979
-348.46027415538748
-346.08786668144302
-346.52326188431726
-333.35833977059110
-313.58073381356468
-314.30956404666296
-314.48362477622146
-310.85787928139371
-332.53573879143579
-314.55948246530716
-309.26330844073681
-285.67419260466716
-258.95220183768441
-288.00792851950359
-288.19935221681317
-289.79813716244360
-264.11341083156168
-243.98384880026140
-232.97506846570161
-222.16536191892439
-217.26305782470448
-209.09868109460356
-200.26184397375380
-186.28832417635999
-186.16225300823129
-216.16530477084481
-200.44905839373095
-209.67841479142965
-197.65025792668791
-190.59543630016728
-180.54982040224178
-183.89838718857925
-205.87464330805281
-188.35969480864614
-177.70506286557585
-173.36941061204411
-153.06851449713670
-137.84499721156629
-134.88921165788918
-124.50283925156867
-122.76896333419425
-148.55760872190376
-146.74092325852499
-130.16420546878840
-138.69837526853468
-170.47654792715184
-150.85175041839847
-138.67226741308977
-128.97055518749411
-120.31716731214181
-108.17886250941193
-97.46739608770440
-98.01203001319199
-146.72854790794975
-160.21101411961058
-160.40837599126220
-157.97921984890775
-149.87017140110999
-140.46328309026376
-129.70785984704716
-137.21981217194059
-127.88033138125829
-134.68058919109285
-131.06557438680588
-121.05187098689028
-102.33244542892450
-89.24112481129993
-93.81854252426631
-94.64730796150283
-93.21573199016944
-83.69539843907395
-135.05880756229396
-123.41003658820684
-134.03185471627702
-127.14915142386876
-125.36126735187203
-113.04536423954748
-108.31988399848342
-136.35191913963610
-123.75974794619064
-115.46365895602239
-120.96014065449685
-108.08506977960320
-105.99361799894830
-99.19264278659328
-89.14623886032257
-82.03004081823489
-82.92809106424242
-75.69572693649357
-93.41629933854986
-83.56882986027851
-75.18285874530345
-46.34669996958691
-47.67501971338189
-44.77047355491383
-48.18780202781836
-79.00030790232051
-73.01833272472962
-73.75140508974322
-77.08318703675594
-78.66567252079271
-69.36419132624522
-62.35185792890206
-63.95348833269684
-56.43465874176864
-49.17781744786549
-56.26414641321640
-42.68564670665735
-45.28642405399495
-56.34799638079311
-55.40230200590806
-53.18557551069627
-41.32715644129529
-40.31929490965917
-45.71460447653682
-76.88027859312299
-80.95885282837509
-74.69047537245407
-70.02593014790526
-69.15947883740482
-68.94189767331711
-70.64055401446336
-63.30740837418843
-71.83132633770737
-69.33987559175836
-100.01943236008444
-112.59851061613250
-97.41112112961758
-128.03714151182606
-146.79818303677547
-140.72533408776880
-123.38096264902570
-110.92021333442437
-136.60109118568323
-166.85636685368235
-168.38488089424794
-180.69553359200603
-177.77231962665653
-177.69779400378312
-170.14533432997627
-152.78805509821308
-164.65580928721670
-159.36622444772351
-174.31390690511029
-190.32708080260852
-184.44273536580533
-173.47449600356609
-195.14155790375946
-221.00219178995209
-210.50749577171743
-212.87151013835438
-202.07200714740279
-216.31267616893345
-251.27489311680989
-255.91368307532125
-262.85470739399835
-271.89730715889476
-290.68335732370599
-262.59866082354364
-253.80920543141207
-257.94894997003206
-255.48083900715164
-252.83698203365989
-239.90242959000435
-215.04054377012756
-204.04760684503958
-187.43483157530548
-194.34569193741996
-181.46348172415679
-157.66445840735585
-151.37566748720141
-137.89398548819622
-143.67081297592938
-133.52836313537355
-126.14782346730253
-114.05126140668008
-108.90351349801735
-104.85248509606740
-103.50279968610781
-93.43086078583670
-84.92754598739940
-74.92125917436336
-64.47599711585235
-60.95748243351746
-56.97151606848180
-74.61075348478420
-65.25130508379962
-77.01601323417168
-80.95274904216150
-84.93848001591823
-84.47867638694321
-86.55291659161755
-90.53468037487454
-90.84148015491152
-88.39294668087837
-79.81745395652078
-77.42547383993023
-92.78586747222565
-85.95406157039302
-78.47404037578335
-79.74795514885042
-89.63065286380024
-84.55433706810469
-101.60732615592822
-91.24466423062022
-96.68317491808519
-99.70994562175396
-123.45959432933670
-113.56505064474892
-107.72675382971022
-114.32153715309801
-106.95983315818147
-105.22039507991559
-106.01426260919312
-121.36717262612747
-118.09805595268762
-133.65567793203269
-120.94406422888535
-107.80167457618117
-137.94548995901215
-131.25215381218655
-134.43695324641558
-119.70860733067602
-109.99892684516783
-100.16207500946699
-115.73309298633880
-104.67314522526871
-92.36732290563145
-87.72344831449578
-74.78067009105412
-61.06562222739901
-52.42530075620815
-46.87194671285052
-45.33975306319850
-46.56403573327567
-49.19348801394295
-42.77149835353301
-34.44072946406581
-42.38403031784333
-38.43615223666713
-32.83372629031798
-27.84936541750458
-23.86798592848962
-23.73688411838875
-19.67526323164176
-17.14604857591979
-15.00442631632705
-16.88962934979131
-12.92640696250563
-14.53359553892203
-12.58261424976248
-18.16563119055238
-12.98177843317788
-5.18937455670171
-16.69929117326102
-17.96485199221158
-14.15409760233678
-20.20410828253016
-13.47095416244957
-34.52662742733217
-38.07941625089641
-30.82172656974655
-43.43354493467366
-36.84645653272200
-48.58814125519396
-44.55936855144873
-64.62427857671783
-50.73188402483423
-56.56542287290772
-45.29442056033545
-38.58053329259859
-45.10180615550132
-54.04353426123214
-55.77926925349646
-66.12215139224193
-59.24558609592658
-69.80195569621549
-70.50363115020350
-75.06464618969468
-103.71635205930900
-90.99881287314568
-101.95449000635055
-107.31083655001996
-79.64729462301943
-93.56832299621072
-103.34292662021709
-125.39023958471407
-136.51315805723652
-100.18189427028754
-90.92180625198930
-80.66172477172753
-110.47432545527320
-96.24701922399228
-105.48832586096995
-122.24854541866263
-110.44945312168278
-98.64766970051981
-89.18001068321527
-84.60248780715425
-75.28998438025000
-76.58323686044207
-49.41049859427817
-41.03643589189305
-38.99120821819157
-34.43393891133239
-32.35788518318004
-2.30639383491427
-0.76777842763671
-1.62993115267448
-3.48275688785410
-3.57842573590768
-9.32921307983260
-4.09973398443779
-5.65362695448346
-5.52274874227609
-6.10507843372393
-13.22650837238148
-15.11478627572378
-11.53329765831287
-10.77043599804600
-11.76222601996525
-8.73057083873027
-4.05114991994424
-2.54435906138210
-20.02034528479516
-20.21751524699198
-24.17387924587774
-20.89907465836048
-19.31322900215958
-18.77949099922561
-14.99131203995442
7.51523527876654
4.21197475739469
1.37922615243502
22.85300469545843
42.79338139498523
38.93184979081744
-10.00132969583810
-9.91170471352058
-18.03731167499812
2.39574763146799
-1.11831056591694
-1.54626553649653
22.44522916306763
-6.50331638637673
-11.04959173681488
-32.42955632929741
-29.38446124578811
-30.71036029492484
-33.97885959110605
-55.63204349235841
-51.98365615195300
-27.51067903776719
-33.05687356610664
-72.46998036235286
-38.81516305162025
-46.16638641611238
-51.39915100772309
-60.27078770748339
-67.82163609392327
-45.59375939833802
-54.57762218794393
-51.53038682937598
-50.14630827444205
-44.92039226424979
-43.55651496346410
-44.58107660144658
-59.74154951663446
-53.74363902780981
-45.42313535571041
-74.98426859748585
-68.30120729654305
-56.96894835328670
-53.80818979288953
-62.21212564656417
-91.16311222825134
-88.31113595695695
-87.58964102292148
-82.29825342297092
-53.66929607757314
-48.40341122342647
-43.01656593532314
-48.90576859992862
-40.57355207202993
-48.35070196911925
-22.35812722883448
2.21677073009837
5.15574108287785
21.58026588015747
19.67874654512531
18.75816057152729
18.35140224652531
16.35010440608319
15.14506976846599
13.28096402563789
13.20725368074673
15.56525356992552
17.47945726172152
17.02613725977056
14.47079380589778
12.34092805034092
3.80325898383797
22.63730637719937
19.51327745885975
42.90563120020742
35.65924619124222
26.77568141542737
22.86993332170374
25.86933841615508
27.69063109454314
9.11592849701730
22.69784844626442
22.41210132249589
21.63164703484414
20.35521230783418
6.31084609730880
9.33441348042301
8.41550266996053
9.32398577633715
9.59527999139550
14.75804383313659
11.14709451183093
13.56381577563033
7.94734772281972
29.40780027829811
27.12875514203395
23.82978618275346
27.05960480772911
27.07555150210333
26.90711415502322
28.49435034011032
25.25097516407287
9.79847108056759
13.26493479004310
12.32804936532250
14.00958419737142
8.30720700932937
2.73915574640095
0.52803328238876
-0.81806279858559
1.33318974404417
1.66048956728429
0.49323606020549
1.07431870188597
-2.70635433627898
-6.64177909834938
-7.77434417898564
-1.71151551601668
8.75047473297389
9.06347637189911
5.29186698125526
7.09993608611876
7.03119339239534
17.32728832316359
6.89876513893682
10.80764059309051
14.21825210811262
20.42248107950433
11.01588879968294
25.37284306491232
31.11526934975595
14.15046001212864
-3.05090067270274
3.40397729823161
-6.49335038247362
12.27276350458696
6.61147575976664
19.94036996869657
25.89922169644483
25.45187939447735
17.05369637437325
12.02886465249105
19.10033760939534
36.24215757061960
-17.67103924254218
-48.31258588521093
-26.90898877055936
-24.96840937027273
-18.46378297314794
-14.93065661642765
-19.08292390940169
-31.21461989482577
-32.06530302383488
-25.96552826292628
-15.28438401070111
8.31876533159264
3.10661949195770
29.58883377159038
46.14608108992478
-12.41101931878606
12.56141748556250
10.43806551643181
8.28796827686214
23.04272227173437
20.36828472320856
19.85939369988425
41.35575820496360
41.13818902934242
33.71588344537187
33.78260866025814
35.73736724726786
32.20839528395296
29.94205035132297
12.74986304787715
11.02450046807462
10.09278412507026
10.12837559539186
5.03060997011410
3.00000825638736
-42.08148047594881
-35.46573893424458
-4.94374426582350
-0.83590263962945
2.43437633939439
16.96469575233829
14.40277818496626
34.11003668012277
31.63354263217758
25.37426670790484
27.53534902773911
24.71884351545118
25.79945672811580
28.85932875032212
34.46208066505459
46.66805298382953
66.96139750804710
73.62142269791644
67.88270132192906
62.99444334152998
52.76304487610494
46.94454389229746
35.14186269224562
30.32105516889640
34.89154614995607
29.38724707657037
27.87117128886401
21.73454315631451
20.54187086681657
13.73237832153805
11.42505932213049
5.48964797594332
8.59570913208328
12.12087438521122
7.99808718089365
3.60923879287590
6.96049626005253
23.69342792450824
24.74511499867415
22.94789726287592
22.90893757016158
24.01649810542010
14.80168623318200
18.94410152229824
18.76501790384621
15.01488757516077
9.17775695007698
10.71838437725328
9.03463478654544
9.29333807819787
7.26687211764601
9.86849898738777
5.99728908745815
3.56905009636354
-5.63266330983790
-3.56802476845519
-5.07113099702322
-4.18364192400372
-3.10703205371758
-6.10888383576510
-4.13196307199985
-7.54600847271353
-2.77968314885618
-2.10156661524489
-0.03856924953632
-5.21516991939412
-2.55282168957969
11.34235875695947
9.50430004820053
7.65519313168884
23.58374221816936
-22.26968278400840
-19.84144021131852
-53.88578560564234
-98.35655397378957
-102.55875849349150
-84.85522298928910
-76.44926886515437
-68.03625644005376
-47.54763103522516
-40.35876819210117
-31.41807683039349
-25.33885517145013
-18.98841244230572
-20.15834586179528
-12.07002643094163
6.26144595285669
-0.40626114121695
2.01610770222400
-4.29938634187458
-0.65020076948261
17.91470670135202
13.11035068831973
29.93378512393544
23.44971060295644
30.15979179662904
48.78335961301633
45.33136417771219
44.50061571174538
32.74766425933158
29.35703191572502
18.27094993275471
19.46668591033427
-7.17433738665251
-13.15999208486827
-16.80443276046458
-20.66831883896232
-23.98793285170960
-11.21987661043013
-13.49711962849696
-15.10172292033975
-8.92117998643649
-10.64102681014258
-16.81675101554759
5.05091406553230
21.81157728436852
-15.66369605145908
6.95144392783830
25.83083102849056
24.44727017380774
27.41316939572751
28.73099847074644
24.45438112975475
28.21303261543349
12.64850905715814
10.13900354036672
2.22076939378707
-1.92247568291196
1.68943596066505
-6.19090118139251
16.03497552645187
8.27320581151165
-31.61315426124400
-29.80361519742357
-46.55719638830478
-56.06345087063851
-58.62970856656600
-35.98921032893897
-35.32199965266790
-13.80618869698992
5.18836033765177
-1.74002949435696
12.44580384942225
9.32798422898462
10.41441533607684
17.58553095177566
20.04642758487394
1.40098070295096
-0.91309306814798
-5.26146021115338
-6.69171279866644
10.05226119314995
-12.58339244820258
-9.90399081157772
13.30732323469857
3.35134996264828
-1.67082598857121
-4.80826930032159
-19.31750576977296
-20.74089527470866
-24.43917379539540
-24.48341662308244
-39.58189960364584
-59.02329481482343
-96.13176920552745
-107.73092910795697
-126.40569981732284
-135.33678248757565
-101.34507560074404
-97.16369661406455
-99.47703967549921
-122.07378522425947
-123.68980814248349
-109.41343121324361
-100.24406659195706
-108.53895849764523
-83.23314383740534
-93.58187514256272
-99.93715539505168
-108.53086884104530
-104.62889869186957
-104.36368706710348
-75.86430569346028
-120.18148898504144
-119.55142186284873
-123.93187718180420
-134.48273010927238
-128.29733360937581
-124.54793989939138
-175.74569111741479
-167.97085569425914
-158.67783444876218
-157.50450088576611
-203.92256575686841
-189.15209392479275
-175.86765509920400
-170.47755941793804
-145.74049197141633
-151.45820358760389
-153.73473817896601
-154.23313147293183
-162.16427134741525
-161.13240253793677
-126.53725735485348
-104.17174885936092
-74.82407634659923
-92.47589213678940
-91.84976931781651
-93.85219570977341
-97.83588888848972
-93.04935042183138
-91.41111605933528
-83.41004739697993
-67.01982883133921
-44.09387734731219
-58.11949085925530
-51.54799329689743
-25.11490468056466
-2.41595447709200
14.68480455052612
22.12461325901330
40.58438048427112
58.07863718929829
13.71917565260424
10.67771617052420
11.10798243568235
-20.34382255733815
-59.04210952786539
-33.30393211286432
-27.56506071705087
-56.63416769336752
-30.61685805280531
-4.35423115757059
11.57247105811349
30.50732399353551
25.16978579501698
42.37534302082423
64.25775202302641
57.46918024048841
45.47301434807803
14.19815986436207
17.24999971854571
36.97874359781139
53.17429558110791
44.03038004622253
61.62097541131006
24.61166095118033
12.28408530917463
1.71060334105145
17.94597664447535
31.61777353264339
47.55411757861576
35.50461118393407
21.52470672886815
29.75683865511640
17.62793649474459
0.04925556091636
24.32937265105012
4.68394579298286
18.68179688227600
-31.30790272792960
-40.52411233690742
-55.90916384395806
-69.77053185688683
-104.27977400835817
-102.34656154344343
-75.15270983543110
-80.66614973778962
-82.15722738631892
-82.33417751186782
-94.28044953081589
-90.96437771736429
-66.76988182003018
-66.76253357755104
-63.06339995652318
-77.29997974818764
-44.33793242128780
-100.06941365144800
-81.52780180226503
-84.64547302499507
-53.14738653400696
-54.90098785928599
-49.15597804622710
-46.49819560251252
-43.73977637213093
-45.94367649093143
-51.99479998471602
-58.67914115391237
-74.51374012829913
-67.82177009963361
-45.40534003036997
-32.66739981257881
-4.49723501927111
19.56770953811581
22.98125649850056
5.24226808773087
-25.25364332216945
-25.68838779288694
0.92395792419277
1.92946057593079
23.64168724203196
27.92495210041800
31.22279918010140
28.73674856151030
24.13580913904714
23.24240292579617
21.08476833477398
17.04359376827813
15.24955768859925
16.32743126757052
17.13540761547814
17.37051554418866
15.86276621693174
11.73695500448359
10.39061244282037
8.28557729919454
9.01929114320201
8.55428834829423
2.67699096083317
5.14334330326176
-3.93374662073190
-5.55638597431583
-3.44375989902436
-0.56870644872182
1.86075573050818
3.32200931572799
-7.93988805189192
-5.53464647249170
5.30469627370641
3.40518511861988
22.85448366867052
29.36954217430753
25.98289475868601
26.67852775814839
21.28244945402709
27.24979884526423
35.41602325160355
34.44611566943353
53.29170837458308
60.01199330352611
76.64090835446284
79.80384089906637
80.69412126251126
77.99991916862619
74.15978940572951
59.07233869128745
56.49062217780043
45.39350704356892
63.73410435198100
46.96570946054642
39.95572492332590
45.37153588305540
48.29000005537921
45.14724150245615
30.36918645816910
19.89514179736894
27.55461078267712
28.88217742150009
15.97881250073360
2.26491002480065
16.21104889410400
33.17556680620471
41.82156656233777
18.04424649116223
38.69338664001329
52.03171993872931
50.62885280198022
64.47162354135625
69.00553552828477
53.20235987494877
63.23563815568895
57.66009949584186
46.58887577971232
51.71645585367066
40.83367606104915
56.15122446018560
65.44112169483282
76.00908038743985
77.33385028822869
77.79452360954281
69.35337528573517
73.19952174703208
84.40436789289024
98.54333742315950
100.07090602222280
78.08601127388489
63.15193807264146
73.47235892126508
88.36900463045276
72.28356172950275
75.48290946476806
90.09526742993768
74.25651960342609
76.20292081623816
92.41257399733435
78.52432483615104
69.18349678228417
84.52150501014813
66.17323274309398
84.54556173146801
69.74154144243190
87.19719049311468
104.34872854471229
93.96226154851094
112.06247597639748
101.70312108401779
98.58587398095898
112.06008061502452
121.21415412420268
126.87858512645624
129.56273399229448
135.72070421293310
132.06323180477338
123.60718631003206
127.74918663912970
132.90501986156329
136.57030345556174
147.21830922856935
142.61289182797330
143.15178941523413
146.92642214760087
132.62284045423056
129.27576158172874
116.13081938777223
105.18903461621296
94.62700339046584
80.73125378907891
67.38974944448779
63.31227803867385
51.09994545613177
42.83947612395772
35.77774968444703
53.07098031247000
43.95391385386788
60.79383414088353
55.19438093833869
54.27002655305155
47.24687394821594
67.77291368541961
82.42747595384805
72.43739945265781
64.57788245220294
58.96604351825577
77.49494288573423
82.89586535662843
83.82660346501564
78.64367118727955
74.80919633975412
80.12768941325432
71.89263019855326
67.82677298334606
63.30104666917487
57.34918998656260
78.02154159771942
92.80104442220633
84.03904137393226
92.78573001011645
89.84122327147695
76.31573621830579
83.33731763739635
86.83139791838948
74.74610137720555
66.28345070749448
82.26585971132018
90.77942816673286
99.35064194836797
85.47134286001324
74.39219690037714
85.03091184455589
102.31886714698953
117.12051571026399
112.09671632669681
127.58509974126481
138.87346336537288
128.38965107434228
138.27268751803194
132.72105997810843
117.89781499301721
109.28887958889653
107.57467208263040
102.94710719851045
118.09907308169271
116.82761894007177
127.22550314137203
114.58860458014050
101.47962726594288
111.90389275155145
115.03343377059520
127.05989547416603
135.03373973477747
144.23546782671929
127.41453890461472
134.81619743641809
145.11214424523487
124.99670838035297
125.10512737639985
134.11438104566909
143.57643609942977
125.58168477792321
115.77033419030145
118.31904249326556
131.65322592675614
123.06358738996535
109.57117956309715
97.24003406719450
112.94523865317467
100.05907553912311
107.25527893029681
102.09569075732558
85.67384339624836
77.01536986910787
73.43480176971222
89.97851067732496
98.20345477001243
85.21495104055231
78.43646372257628
63.89939425997295
61.18470026649890
74.64318770904313
64.99161396277164
76.78340351018304
68.73912102726577
34.11107670559915
49.16019220598243
34.53291890096529
49.33895811997706
57.86514206960609
78.30515614472468
62.11641915724957
80.77842470944236
84.65243035616847
94.27293946580630
103.04019295753390
111.28012040643758
120.52948671818771
104.80917172424859
114.70522595059016
124.46764331302450
125.88287458064815
137.65711968807744
139.74863526623429
147.37668340045855
139.29546508757321
152.42455820985853
148.69224541419621
154.87696778365071
156.78296017581661
162.25673917078592
172.30383547673318
180.59893135735913
183.49397584563641
175.15882758465204
153.79177427421513
156.39058775746335
164.83837731458462
170.56197057662035
173.71614699589779
166.59713686724740
170.00434629058611
143.22550906209347
155.28197071387174
141.16959427574014
150.63646001287287
130.23233588214021
140.68019213253086
154.31925946520039
146.06424710225249
152.79995195379024
134.11987565284477
135.39474403291140
147.31713506238887
152.70057762117688
149.19395258981743
151.71268714173527
131.67485731040546
140.58711572318182
83.90964539867323
64.98372638839450
83.05840584751240
78.75418529180520
88.22179181725615
75.92681166862567
70.74633358609108
59.36679533875289
77.58661799092329
89.87440527728776
89.01538332933293
87.20707114114893
78.75561282775627
72.20704815861227
84.20563800596835
83.27244749751065
73.24568178345550
65.66211678069574
80.92394572328099
67.02391470781342
73.82392078750948
73.88239337874009
68.01351244908717
69.25748431862439
64.40081193549806
71.30004953322292
85.35837383321190
85.29646090863818
79.78974872430581
95.89597980229212
114.12155122832471
125.33431382112960
118.06937761559068
115.96154205255181
122.17037960282995
133.04790489223390
123.00265168972886
132.77994425880627
118.08159532169481
124.62897869085701
111.72774794017363
126.81496073097394
137.40013132328008
127.10304633172171
137.87064247336289
143.80026284331009
152.53101013519557
155.02977857821188
164.29633146956917
147.09006072970533
154.41364739907067
139.90824082959085
148.47225557102036
136.71393110071634
129.57540602781873
139.61893459377717
127.69133389567688
134.75264638389817
120.14266260608564
129.18832566685219
115.92358456906788
113.32559439983902
108.15596313743879
93.86187580339703
102.88402419257581
90.62878374854039
105.58105223442634
98.57568028877662
97.52287725459229
88.61128285328500
86.04790348868070
76.48437669948032
76.78477287252433
79.73591607596649
75.62518922679321
69.06098477099547
77.24024143725075
88.96295392207783
104.86889591581303
89.17178877947910
78.22031397453840
92.90571492356123
110.55368832235936
98.93557381288460
113.00970948947905
100.05129614073314
84.88823951674914
97.46474572508114
107.10384602999355
94.53665727335134
108.76229765878696
117.18947581520035
127.63442586869297
137.84185568660797
143.63265067039620
150.41310312585608
156.22535029634062
139.07169986772166
135.89232472384248
143.72224987666795
142.53144386218401
154.08538258107211
162.89576020869399
170.44871849759983
162.60424433539669
156.03151136313426
154.04523998167440
154.79911608052254
138.43005306783917
146.44019674359743
142.76963910550168
139.08997080035280
147.09656169234077
141.28158134849159
129.36349264177278
92.81465116941226
81.25364932921256
83.12451177227550
101.42169285257418
88.64695433392046
94.23659140378953
82.17467489372599
89.30330001088169
105.42342329019277
121.86352516691642
130.17181938039559
121.85399605492304
112.55329468804756
105.33554328689121
105.59920295753881
108.94371272702909
98.28872603380094
102.11209562506785
103.29835098232465
115.15173895059891
127.77402705276526
126.46848852730633
124.05256580725023
112.40594653625880
103.39037041800248
111.01178069829193
115.79033059793835
125.75986227598970
135.47886578056784
131.70747902779488
130.09020202389200
129.65441318103709
140.20501413920624
136.58407699454952
120.30554541473505
125.12497195305663
125.15392832050635
106.62568626550956
109.10975542833430
105.93948112925773
104.66386374054665
115.98337133755068
103.38275571953027
103.36234958049582
104.76090078485483
99.65580087149819
82.31618326605687
72.99384845118828
68.59570915439616
51.64580358742052
45.35136865847706
49.92721650841357
55.28194074135139
43.55395613631470
48.37617101112778
55.32263122096898
70.98116417764874
74.66501117705559
81.67828404391086
85.00843666028322
81.45602352348186
80.24269674837853
85.36581199642507
86.56442642287236
89.18203733836725
97.12866182722267
97.32645394661191
99.88292634212603
106.21596349851222
115.61548368326524
99.85061314393040
99.79582454213519
105.55102284957633
118.06231764468289
107.06371326758408
118.61578979267260
119.41852624586102
121.79701471181617
121.40631827826485
125.40859662631824
124.10166825584443
109.62297347928661
98.00690498002869
100.76294063481843
113.33427680282847
109.54870723365951
120.71697920852660
115.15941506243824
124.38961208911516
113.16582300118672
114.40542301371080
117.53620813865007
118.37085385298195
121.31269885562902
107.78815867515711
110.78075194966364
94.56550663492847
84.93093551321688
93.98606711320461
95.66738760378060
100.20607236239636
110.03320546428682
106.47845464561748
111.90335966478028
110.46624096344910
102.38969032497670
92.66928214842791
95.59594231914373
84.86521025287369
92.78798692815256
79.62544459664815
82.24200444937175
84.20481427108702
75.16973859432653
87.40222275759899
95.28727312058308
106.10328684680347
92.81458076439267
107.32439585756620
108.08166962779143
113.25235758700047
117.26849989212592
107.08712501545862
97.93423402877001
97.03031755867684
101.06949456221565
102.24546196626726
101.62434397749477
110.44133228865186
101.90849572021689
115.45178218642113
125.53735284806655
116.70741903820107
106.06746828269384
114.63349505097347
102.02974469926437
114.51181459698941
127.51456034646318
123.22124419772661
126.13106644488329
132.01052835946533
140.39193755663587
150.13772631553252
142.38485240934344
146.81910718481214
128.79339743496701
112.95675569975306
110.05234273691181
93.98220373429363
103.68895030768445
110.22672185407373
122.40089924701763
108.04841176479582
117.80267105337533
116.88949150195215
105.42989254353300
102.86221945216346
118.39342509959889
127.50295842460514
140.44331980371612
146.22681058236324
156.60173223817381
140.22358224264033
149.45935530805258
136.65892833538413
125.63019191517586
136.49790588300502
135.73108139468815
135.63240312020326
146.04539156150585
153.02569322428647
153.29068596089067
160.48372696556302
148.29544271984696
142.32699672943178
151.24832173305262
150.37504779804561
140.39411018378948
137.46577979454622
123.98624200957100
123.21160057624920
129.55635156097773
139.57495353030794
145.54987313184927
129.21837212953031
131.69805611655960
135.27834533647666
133.25353763141678
138.95025796207113
135.93911415103926
140.66027709376564
137.20884315849037
105.96130818069238
118.30234109142006
117.66834096357211
116.46638310262396
120.03525730073110
130.75360460571429
131.41307170446368
142.58437974097413
149.05690569943442
158.06009010343800
152.90882046934942
151.17467126435088
147.06131470591313
129.85427701672219
122.35216439809128
122.58285068954677
124.42542536799681
132.16469274784845
120.86594739263590
116.94585140510829
116.55544602070668
120.19734894532645
120.73704642493047
118.63521767153662
117.94572491841393
115.97255925238203
115.08801689227133
119.91265100786322
118.52498539758994
122.67341585909021
126.47541876139613
127.93204329075334
133.97055282433928
133.99800183158533
131.31439925630394
136.72818131173676
135.77720543524765
132.03016794934021
134.10748037983359
135.00489330443003
135.78248376086495
147.08608092505753
144.83718029168750
142.10029387845793
145.42803894402590
133.62709555277200
134.23258543188143
146.02744636074917
146.02642994060264
134.49077625086025
125.29948268984161
109.87565272858421
101.57428725646145
115.30343842544099
104.49569921051682
96.54202151568697
87.08218758814046
76.56221109972282
74.36552917770818
82.98337187243820
88.38587459455093
92.04597145831409
97.08939972278634
100.39417094024560
103.55972226417776
115.52523645585892
116.74040001605641
100.68127720016086
103.21798545733310
78.45183778397912
79.73482154660707
84.41301263980196
91.84924831080752
95.88751014147140
107.45725246608494
109.46613114151354
113.24012299993605
117.83386353184594
118.94829707276823
119.15587831182398
135.59214815178802
137.75385627489882
139.44148116776927
136.80048139643031
135.19283614304933
143.40787253811573
151.55987350626336
150.05420053409043
146.35773617913802
148.17838097296786
147.04384427702558
153.17658849944840
147.24077323674817
153.09230785497024
152.51114148827273
160.99112617841820
160.54145259471545
166.37107642985953
166.45270457547818
160.65281074561688
141.46599900748893
141.92015527798600
151.98458548334250
149.47861815980312
145.30989624478093
145.73097411474569
148.18521772655691
154.59376611478029
155.89692595124353
145.06077259359995
145.64833920828056
146.36856329147898
150.44979867387971
147.71907507108725
146.97296968069102
156.52559046370789
164.33983185855180
178.25515565465548
174.88408029943403
174.90595722066129
170.70974761685980
174.29900627599574
172.30136709288800
181.49142817115575
166.20375500978304
153.10879711473268
161.34982859304935
158.17431250900916
145.26200911601018
134.11992910413042
134.28049389002445
135.83751001039474
139.79258755570510
136.98305956229478
137.51882540757128
138.58870867580697
138.75151646482010
126.81493912349006
125.90079979329479
124.82974189413058
134.82751424770487
136.72402907829331
138.58640887601970
135.98473936885458
134.43682502708904
133.16093794225813
131.84415162300988
135.25790988622535
121.14564714552463
133.16157101050317
130.73178226345956
120.66011801814861
132.40854726643991
133.74859256188972
136.56692194445003
126.64401153315470
129.52865856549042
133.34521551484426
121.86024976552751
94.02187613681760
98.80586559238270
102.77929239522642
93.80597673213397
90.22161956559309
84.19878020695575
103.31487609759311
92.40342285973590
110.49795386302517
103.72164220897233
97.11716842353526
90.30334443268467
86.85397226196341
94.13282232489260
88.00182386152989
84.28426935861042
80.34510082437743
63.65283516370246
70.72016981455261
66.31006799963114
52.05294173246521
44.38389475811817
44.98071499027448
55.21019549051294
66.57812827068322
59.15903594708723
48.41053371240193
54.71126983204636
68.54232754900379
76.75101354572996
68.04007303678155
75.16926699235992
68.05789286884720
81.10945231847995
85.15102783941467
78.33841024248676
73.03858149648153
84.20352426959741
80.63323358856690
72.29773614383413
65.32637465214616
72.23047970532305
59.05193197376091
75.33271270997621
64.91976765522398
80.39733983607107
89.27050903411525
90.04889965492823
104.59924773735020
111.72351767405416
95.82588718363259
69.82222351531696
64.34020052655150
49.90487431350032
34.86753906748429
27.29449243222865
22.03737236612278
32.59838223011644
20.92756826999375
-9.48895226830916
3.40387068843673
0.65342658761943
-9.01139751429810
11.25614809662079
-9.42765531595421
8.20081622633173
24.77752150347500
45.71685441523834
59.11649682865810
76.65938018762691
91.97771831918635
102.10419893125079
109.51523086816323
109.93605706357958
116.85693222981796
117.21452914239188
119.45502459553664
102.34054281306607
87.89182642594443
75.33429416199337
68.00495545909752
34.03017355213970
21.90502246027659
22.89002230969942
20.94540152662664
18.78959325303734
7.82205089614399
20.17268654985761
13.71217884384981
4.03007315102496
-2.03184348613318
-24.48479078334411
-20.49284707916020
-18.18018505336829
-15.36610471268411
1.77926725804784
4.04717082907910
-14.16870836234342
-11.85548749254257
-11.80907901047975
-13.40596726186521
-7.77033903250100
-29.74262230390128
-33.89399582796865
-32.90931304545504
-29.44523717293070
-41.89666342031111
-43.44048143382761
-46.28934714959803
-41.65101912751381
-38.89214953477464
-39.52406150604644
-36.14434623641019
-35.39934442539033
-36.64013776423948
-41.30271500341228
-42.16468682947691
-37.44713169795690
-41.91489070113215
-41.19575794795657
-45.37297827001772
-56.80275999197239
-60.54169961254479
-56.25625759847306
-52.54994463969214
-53.15034757094875
-50.87793682718891
-50.25325249208885
-53.21399461266486
-48.06214400152482
-41.95579665509756
-45.49353888554865
-57.04124439254883
-67.35963787285840
-69.29026743566624
-70.57636430512338
-65.60444257027865
-66.40826495316190
-65.37062026288150
-68.14309158431121
-63.62445407952292
-58.83628358121916
-62.94023928714675
-68.22427862562805
-79.01123828506699
-74.62292258622453
-72.81367158299314
-72.45356221986022
-64.75850812200588
-63.19795934312751
-64.09442478962920
-73.95449550338864
-67.54287854959857
-63.88847515143812
-63.29599196559070
-61.34713179912535
-60.55603289809316
-55.29138248189662
-48.94028940815037
-47.61198801071755
-51.71221801422876
-50.02269914680809
-42.95378548021737
-54.61540724137502
-51.59867647432998
-48.18101061661574
-47.89000896929831
-51.09946605993298
-48.99204976052442
-52.32478665998053
-48.24664118303306
-53.91961186708525
-48.59029359071800
-42.80567126302375
-44.51646044624002
-43.59131293137100
-45.27050627746612
-54.88743328397734
-50.75201863741215
-46.61929616752217
-46.03041301637934
-54.45183417014141
-55.79520524747854
-54.33386224185374
-59.82149284762090
-60.93037710634767
-68.89850053317494
-64.41285924789665
-55.68926910557956
-52.10594167763287
-47.00728540453855
-47.36073790681889
-55.81017069328647
-59.22889735057585
-52.84510289810603
-50.12123402951017
-45.97559612399073
-46.35633748704259
-46.51823322720733
-49.74086181478286
-47.94428386484680
-41.20575969204118
-38.76759623672211
-39.63984929021329
-39.45405777804798
-43.68769241071926
-43.84761810289899
-44.42588008687363
-50.73585534534107
-47.81316356909672
-43.39918762398946
-36.80326768015919
-44.82889027755014
-45.05492878155110
-44.57851747868211
-38.16087139010493
-39.60487944683099
-37.57309840292228
-38.14277505761419
-39.28969565496927
-34.62139438320170
-35.40982258241498
-38.47330241592095
-34.66359532055985
-35.83378722424638
-32.44367027645455
-30.93480849879375
-27.62491067237665
-33.12297310047038
-31.53208116683242
-27.00503703249058
-31.14938187975434
-36.03194193908343
-34.57801891416483
-34.09403688686147
-32.76351132614987
-30.49711966153522
-26.80285019684635
-29.86207145438752
-33.28717757750040
-30.36115753324761
-31.78489511509412
-28.36344169441060
-35.67801757656325
-32.10793051010297
-39.49004603951832
-38.85212407837251
-38.13346184165329
-40.41857399265893
-39.53089789466212
-39.04649674325933
-36.92531263709510
-39.36725213966078
-38.37369521020474
-34.10016565906039
-32.40419999971777
-29.41716054428756
-30.32998940934887
-33.56225199539126
-37.48069143079323
-27.62384948021101
-23.66407879474962
-24.30532258712089
-21.92051920507420
-18.00816515190683
-15.81364568411006
-10.69144029265658
-4.96106865497992
-2.25302813143588
1.77103700383057
-1.28346301543014
-0.45985230189280
4.08057070028920
4.62099278907448
4.26965456055744
7.71096274601218
10.33140728231703
11.91776853456316
11.62602650437172
10.21075000450254
3.26692254289051
4.80027930610353
1.46288945555083
0.84973507291345
2.19769912731685
-3.25956004462367
-6.54458136399305
-5.21435303706796
-8.67436077405612
-10.86709017787628
-9.63339569082843
-7.48139021810070
-9.98606338262810
7.53646595631048
8.72325546472251
2.25253646688298
3.91516243346538
-1.61298566821589
10.62399036626901
26.22531210258698
46.62651501529004
40.13720109208778
36.74472384359498
27.23230516722201
45.91792910601377
39.60898568702800
47.26116973097542
42.27113561036151
34.75775071631546
26.71285040731139
13.85176038611413
14.33076174909526
14.01272467136767
20.74698830559559
19.06731647964413
40.33340578887130
38.47096376407574
42.81115038922987
39.07959806241472
37.38921719063831
33.86971697627875
38.20942588430525
40.95944248725613
33.07319257822962
34.97620904675770
31.18382483019138
32.87132983769476
29.77662010637859
28.98839452054856
24.92682815251345
24.03526556831490
21.43810589148935
20.10436083843666
20.08220735021250
15.46499846512367
15.06703939541311
12.27085862436831
15.04168925555937
16.27572273768063
13.60378632346531
7.26164664748159
11.95906384190194
11.60476915156002
15.31591079646066
18.12362732571911
15.84159326098439
14.31062060486241
4.68256157335033
5.85476495483390
11.06481080922520
1.57254560670975
3.97087078995338
4.02110530764133
0.89138828218154
1.28146788388381
0.60062654943530
-0.22425580603142
-3.79060200559772
-9.52062611774939
-5.97272480491919
-11.41766114769563
-12.98455524277838
-19.20356327547690
-17.98594114717436
-24.68947926484695
-19.03202857881751
-16.29551168841612
-15.84192112461075
-14.78712747880611
-11.58663612372168
-3.11286991230149
-4.14590336543815
-5.26553821094678
-4.54983729971624
-5.17787381047914
-4.02080102687558
-8.55735583813345
-6.48759847937035
4.84691134969365
6.10200424317195
3.80057520020760
2.16646896214955
-0.16479453883495
-7.45376375084450
-2.05200068237994
-2.89528597062056
1.85276839997380
2.87650052646831
5.57088893217291
2.72187716123435
5.25837780550091
17.50174528729341
19.47611854879744
22.87763005194950
32.95012739623304
33.74051662414089
55.49314079334552
54.92477478674182
48.31734025748656
38.28995352213994
35.77045703147031
31.91803684514314
31.62106504092697
27.55275238185345
21.57457517094049
17.33352254888045
20.06068714521252
19.64708504489757
20.01801110312626
21.06583918097417
23.42534654957483
38.86305781625265
49.07206885925740
46.07530549151659
46.52865961807132
57.68831914711789
65.77841419434451
64.94736655779332
75.66707135205468
70.95891043571011
63.67020825747150
69.18708404011578
75.50098133053471
93.73301535333363
87.54992339273768
79.12006954431895
73.08463756654875
72.77111335693854
91.07317093868147
93.86296919876708
89.40608816556966
83.69137231881292
89.44818855023019
95.53349067259168
86.15647105332113
76.93795396920085
83.31266906572867
97.80572214330269
87.91089570177780
81.79845114827927
86.98682729303023
92.12300502370411
99.41333094208207
101.60699005662676
88.57787325288353
92.49949729702797
97.66832707252577
105.48606446177484
109.45497081121262
118.71711542392283
119.73177741245574
128.67917630703943
136.47233550741419
140.60676776992477
140.50820374922219
122.46830274662575
105.62688752187643
111.92435176040273
115.20034822829663
114.12909430983515
97.61034446110634
102.33419650425078
114.15381659174705
96.39638204352912
86.28444480850045
87.73657573586091
96.38225546015636
86.22925012429168
99.21080803994980
104.83367708030804
98.67874764436236
100.81576612262171
92.71242915577190
89.79378985833087
84.60346133219053
91.27511249385766
87.16583725502574
92.46395014590726
93.86748357718824
83.92595147887420
78.79727203729973
72.23876870215065
64.29652109061348
61.43355549482470
77.12596805826689
72.32674647470024
68.53004732571310
75.78197133613155
83.74221933354760
86.02849180984069
94.71770360024878
101.09396654407917
103.59516510871045
95.27601903353765
89.11507461329539
97.06387046318883
101.74547878914478
91.11504144513604
108.27743033669256
110.02638817324971
110.38944059602946
115.04423274957117
105.74717367086264
116.97199683892809
129.56098340089241
141.82761481732996
142.25778932123336
140.24442586299216
144.81233209280492
134.29617763573660
125.26836327181765
127.73118984361781
133.33847087697177
143.06098759305928
138.98225146289369
123.98312149661695
123.91408821246100
114.14384194452296
125.00963262946541
127.75263493124676
116.74799197226649
107.03032274188966
107.54904236946373
113.54387538301265
104.47898279337458
105.67634184746269
97.50480469182119
99.86711543359803
102.27400921438934
105.37408007701782
106.63729436451963
111.63013995874195
114.45970336417707
124.82746540470637
121.15806230735708
123.99013473640684
99.58883412942471
104.80827718394941
95.42181978300364
91.00628096225429
97.77185810531546
97.84699369171726
88.35358821176035
92.57857641426922
93.67861651448727
98.46778414718116
104.16983070565523
100.92803684026387
89.12647198978763
84.98403329004583
91.36683364526201
99.43253322506958
105.08749696452895
106.17809600043847
106.91596584042793
110.43435855456281
115.47096261950169
119.02249501606892
120.34683379906878
124.35202808277546
125.59785090526495
125.52991035576594
127.28870951264447
129.93682974434171
140.66781458637158
139.36920470491572
126.90571767708528
126.78544723679235
130.72014749871011
136.43691375712544
133.19016852342043
135.99363489326527
134.29595796179854
133.52750167403067
136.26210571047918
124.68107835288201
124.07358951955808
127.12008495293040
130.48168858555292
125.26789281984972
125.96300471746405
123.06376118630398
127.32925175737967
134.02963788985249
126.87858303845479
125.40719373259859
124.62399436225820
120.13750374289495
118.00844423946947
118.35176364292275
105.76153642018367
117.82690127925741
104.16552911441494
105.08808167018007
109.48929295595204
96.02130584295634
98.21524619102208
115.62087477913391
119.53384177434408
120.55697675863678
123.55823848070398
104.08730167803448
115.07993238493664
113.04842220832666
113.78340821168186
114.89392308738687
124.25117583706192
107.57436293572111
118.16417130654051
118.03510277278406
125.54977456378388
136.56053250205966
136.69344071206712
145.94612916081837
157.53381525499952
166.26968353194653
175.82121926312792
178.52070519358094
172.37566607487707
168.70312631440669
159.59423943871587
162.89888828809484
158.02128282390419
170.20585690358169
160.50307763456038
171.75692328668566
176.05841953503648
167.97890388359082
161.24477620644757
156.13743359283310
142.04239419364259
149.18858411804840
157.03392939476066
168.77597583389644
159.66141316623873
155.55512195870853
147.58386521254036
156.83845651540273
153.04450777610401
156.40523253363909
151.34644200963646
155.65674239152156
161.34725387432698
154.08738161922625
147.45575310215634
158.72899270345721
163.61081631743536
171.18662179603788
166.64636528342936
161.78756947480494
160.19340648626309
158.16509971715652
156.97982469900808
152.76464186110934
151.32700400156759
135.72651512919006
143.58562950121404
128.12930585607370
128.78005435339571
130.15985669867067
135.69438981255706
144.51738586086250
140.10758366077050
128.31525837883726
120.09331139409181
107.21070088965828
100.28907286864063
104.60078067275298
110.72285858587966
115.78430169023356
121.13158711735962
108.87172344117427
123.60720019206440
109.30997055604735
101.52690505029459
113.08249304638113
103.56864232399818
97.67529819424125
111.83599215911480
98.10378041294670
92.38585673591912
107.29380239859103
120.30705035102088
111.77500224049152
113.29092642662596
105.48227381025779
93.38339938646000
87.61774100998642
81.64730219084643
99.95773002002133
104.55238767347188
105.17088219003791
99.22602692842904
114.25908087283915
115.38404952582236
130.53249814061849
130.81897076132228
131.38125437134232
140.45281374008786
136.75497544917172
133.52411123892017
138.94704858333932
137.46415752448132
120.14980144406744
110.48309335612026
113.41897491746083
120.35457907234311
122.79245495656390
123.74240353785729
121.86463231559622
125.84256412962191
125.10708594079186
130.20633590222184
132.54612976791014
112.18480917447258
97.08249299925171
89.68508617888315
82.17063003425466
86.73987054097137
98.83265287448666
104.53744566228919
110.08257172919076
112.82703152042367
113.11529980029574
113.92330678880771
115.69553234234455
119.35569053614141
116.77132261642080
106.15041809987092
98.51925291104810
104.53501727291135
109.04311076065792
99.70683253953943
102.34703007289059
108.22662342432091
113.43970160946776
115.59974041995737
114.77871007703234
116.26951662130308
121.26771087710883
122.19455409726258
109.35032851521609
98.12752376096030
101.26386407515795
114.77988962932270
114.13626390011257
108.78563138388786
111.37441269024124
112.70529579733557
104.31138263380505
111.82144300593315
111.96384367880333
113.97929835100501
104.65123078983444
107.35480295755974
111.30285314385090
111.91174390976678
100.56894888111951
99.97408275951803
100.53285919028585
90.27713115245693
92.37979145964678
93.28453820493144
94.91600051266359
110.68154437877860
123.15334466359506
127.63409306064432
128.81446529372150
127.29727055707743
124.37855041992782
126.14277399187135
122.63163378536053
113.65063893918739
118.11220567324713
131.28848060294490
134.91639803507999
138.55131612938382
137.21810675553786
137.47274874774345
138.95003943964107
142.08737963885795
151.78453919590382
139.29044563132362
140.71578669952956
141.38342381411474
144.61886077411742
143.50244538038152
143.18310546183346
143.60833243708251
145.25114382554258
145.10786405220571
135.18626158213479
135.76415720783743
135.32333866565585
149.02358662610925
147.28507978413771
144.84844603998698
147.12217390479935
146.90198488884963
149.20919156951243
150.68841967025909
147.06000756583489
146.50605412239381
142.62952850052355
141.95994032910971
138.90496290935587
142.27807110037108
144.14156556496761
145.25856138552146
141.93581461354989
139.77028535576216
140.42742827381119
136.06159984374557
138.96649529576914
137.88474057304128
138.90488060678300
135.75711268625363
137.92880306183304
136.34672794238071
133.14816569059681
132.10903434272322
131.09522621673250
121.72225834728918
119.10210014151646
127.80406357914991
133.39583709769349
131.14675100065733
128.77512945624738
133.39950999800766
123.85402290713846
126.52149995236212
125.09953514461428
116.42599335397941
124.58432342877376
115.20608492598785
119.72873805729208
122.82013871716715
125.09952333345656
125.00522316582651
127.75680995385360
130.19246405847042
123.08055335559324
126.02009617792169
124.16536490855829
139.03074747288204
137.43958411005394
140.29618366321597
141.78964658947910
143.59472764926230
145.92023771428879
144.04854627859382
140.08136686543807
140.93503642637492
143.85194188171801
144.76708474358858
147.15110408886574
135.39371656318676
134.33599651849323
134.53688081828795
138.30983911186803
139.57911824064163
140.19305260461624
142.77131828975538
146.08559741042899
144.08989509067359
142.46076044737387
143.09582710477940
140.79638984820917
139.35992414701946
140.40945663845253
138.90126191337353
135.67851067901984
134.99303214583912
130.60535710167869
129.61054476359163
129.87261516780930
129.14814239001043
130.28879936002423
136.06920187419570
133.57440273963400
134.94277959730982
131.23857322761489
135.62901537273532
132.56912175096619
133.09308078789743
131.33159028382434
132.47482838605364
133.28163429343999
133.80193546178242
132.10398397773770
132.33405261385380
131.63821722033515
134.00486885871575
137.66252369998816
139.21323819841822
139.07650206386558
142.00817645421790
144.46067132073284
147.93032465470350
149.45630978157516
148.32938760830831
146.44568641994874
142.01408752837389
143.67225194634162
143.75771789706624
142.36396847133301
142.36680408275780
137.82422469216192
137.24058951431641
136.89983104563370
138.32308658727575
134.25396736108149
138.30505865745801
141.83615849942976
139.98145284927872
142.75180638889378
140.16173865347517
134.73503776133609
131.06894791680088
132.81006407462053
130.80827508295042
135.53904849424734
138.16065039582878
133.96106157684665
132.71555586574831
131.80310185425913
131.39297545338570
134.12019536247439
134.58803044299518
139.14365978081139
140.38542595304762
144.50885510190773
146.88270735408938
141.86917200054279
142.16293641916846
157.02578258816067
154.18890621631743
152.59163081602932
154.80925430604145
153.06527644480190
155.75052385058399
153.91863305125361
155.73231125398661
151.15340990118941
147.01112220101240
147.87394546811234
144.19977619299524
144.84752746463204
142.44142793130700
142.55828704840451
146.14561966177808
149.75150512254473
147.74752688204737
147.75140610448173
145.22302603340287
144.66556513990119
143.76200550821864
144.65108156493488
146.38670627025036
145.87407783389145
142.09435674521194
141.91886465920709
144.28989363766834
143.47977220582180
141.62126968680298
143.31312094773904
142.97434047785501
145.05378036320161
146.91970323026638
150.34324593159161
146.35444474252711
149.71319771703224
152.90262621859566
153.24043789723552
152.87570869911491
149.67479364788863
151.00297951922519
151.24378672241818
154.53835450687748
156.52851163985190
156.44958005527880
158.30611826129922
153.38349306385444
148.23735713288153
146.95154379431739
148.35047068996511
146.34956114907561
148.98895425652717
147.66725680650703
149.67084366004681
145.38054997944170
144.78891783190431
147.24622733648440
149.25778092234091
149.03468085302882
147.63463465688565
147.51937946979172
147.78414660560068
149.45932038535261
150.15237527680907
152.37014450691382
150.66754601400737
147.54436620426657
151.20307255599289
153.72069264962539
148.64945764091624
152.13603711985084
148.64023599421725
148.52464642506155
150.48478345209261
152.31658684529634
156.04499328561099
162.73820136612403
160.40411843374397
158.55361485300674
157.38111654742079
158.12415153988115
159.68879415480970
160.00887944777944
159.52453455777288
155.09721115850724
156.75500839555289
156.77278279900997
158.96024036890904
156.57078713854690
153.35998662167231
153.21823457494162
156.03028538247753
154.65345941928456
141.88158614755898
140.78748002238643
140.09774918106049
150.67393153954544
149.62757959680275
148.76709110414984
137.71149884425535
140.44505427614905
141.93629043353630
141.68488192618710
145.98976828137603
145.22875187065682
149.05769503210846
149.11456009440514
146.57567123732520
146.78962858551205
132.09343391155551
132.44146669347549
147.69576784942896
150.81115004908858
149.50135621555384
139.59848902659007
127.49058840918414
130.45645023061269
134.87423914855478
135.98716648698263
140.45244223541965
142.64197833730438
140.50708102092736
131.38150688583067
119.36268147558701
108.37529091471094
111.43172429875015
113.44737411392732
117.02357561263767
104.78269886982324
110.98914515781107
116.69228924790343
123.03114291556925
124.06163023636655
134.87176592235576
132.94961422323934
133.30211169276370
132.83495560837051
131.88332644951510
129.64611689515186
130.75437876385408
134.63081266454520
135.38603916105754
134.21334361380673
132.95994182143582
132.26633068086142
133.54089332721523
134.83356261966142
132.97041287385858
130.53752429199929
118.54851980516882
131.18126647646841
126.38032355566949
127.21464056441337
130.50448808162349
131.19717730351400
133.27707350031716
133.75710270474733
129.95163312269767
132.34156387254825
131.87472254030635
131.23286876493668
132.99761504469404
131.17642754232833
135.09864576631466
121.94836288044827
122.05841584668171
123.35948049511858
129.27514281212967
117.51680417856097
122.94991017205260
138.30159073967621
142.26158159863928
143.04357912241099
147.45667103400280
145.41631023733424
141.76854294000341
142.46093846116463
142.21150038617500
143.35928492812542
147.60943642402609
148.40375433705628
147.81872580332112
147.24583709053104
147.40117740683064
149.48413949439379
148.41723487641042
149.68424600870068
150.47980779875797
151.91692470942749
154.36283198467407
151.86823006492352
150.60451189655555
146.25109167704633
145.35270570420576
145.25145268795558
145.76008084610089
145.50815048066664
147.41334255008798
148.35809816331098
150.16364373370322
153.13903663553216
167.32204321087750
163.03696480216837
165.74439188492053
165.64725154810216
166.98688468621708
162.46651243052762
162.00086857763580
160.84520009304381
155.93216343455802
157.13757213761914
157.06837191142924
157.11141195953769
156.43392180462632
154.77193028700304
153.09863780685535
153.80609209480096
153.83380496695784
153.26250564141876
151.39949057046894
150.30175389808264
147.22041300945170
148.84595716940510
148.74676853721098
151.72114076445479
152.85620693394608
150.88111276658529
153.76430906282454
154.45171249084598
155.37110072803478
151.21396765400550
148.71103020805350
151.08236066133935
153.15961903691874
151.63625650969905
156.47386638486012
153.91557571370396
152.96439943487036
154.08934249801808
151.84612112272504
155.39939951519477
158.11061024334592
158.38287523677567
155.78768134987570
156.67045704181672
157.82130876182009
155.57602448107284
159.09766610318852
161.39895907153652
161.50652029794765
149.78986578235771
153.44769648559264
156.11100454741393
159.33605521357438
158.37488200889058
157.14546636508774
158.63886571654734
160.95285385369800
151.25263556437699
150.97119684586312
143.53648309735871
153.02510623900164
138.68302151765562
128.81891926889892
131.80974731792975
132.62738909779679
122.34466833032486
128.79767306558466
130.66690224566617
132.05928997836727
130.59704462024351
134.06415775470271
133.61782833121012
137.68631814356735
129.06234603819291
120.41922604479332
121.37426342110260
122.65918297305073
127.12847282937544
128.39929984914693
132.44875112369292
120.79487695684278
125.88032924702493
126.74348321873345
127.50924006253000
117.92665094354152
117.66210257530025
122.42682705223648
127.42727039414541
129.68345803639255
133.22670554378956
127.79189715287875
120.73301887141825
123.07047506154152
124.62612013462549
111.10744480347866
103.33090817720654
110.39151094116276
115.08610435210949
108.34222938603037
110.07110415828149
81.66181853179415
86.39411833629697
93.64406964352563
87.10854225156390
78.16565728810335
83.55020382407966
92.84475155662183
96.68870107555175
101.33719030555416
107.08170328529545
102.75300335617381
109.38453722371966
113.53036539091472
120.00096932254085
114.36018952555615
119.88899987078644
123.27050187834020
112.54993478870264
106.07816135479641
110.52393089206987
113.99152541348874
117.73342607371687
106.30979012660335
99.72075408236252
107.32412027173498
112.31459383611320
113.99450074614190
104.62617480811340
112.09383141627455
115.14844045977613
120.58770597212893
123.30220283681656
113.60339587199496
118.97520140184693
122.73070203858384
127.69713207245218
128.59007391917993
141.81189368493011
144.57649069192786
136.28470917075052
137.41445109722301
135.00536942130717
136.81759570471340
139.40025323677213
127.15069434391830
126.51824858901436
113.57520537224559
114.95020480690781
103.84733692282030
97.03437385649605
98.97418416251340
102.77741508316079
110.57003956721317
115.81098083537577
117.99882544359730
122.54513732281863
114.64450431519293
118.30556794409902
108.70751868199832
113.76849076615144
117.49102995351720
102.34972391419822
121.79037169901304
128.45808567429319
126.94426716641864
128.01736482473777
130.86975852241400
129.31103912081022
119.18215921346318
123.60286662993349
124.87418239482481
124.55682519199669
141.39435073001306
152.96240978626793
102.36157898954484
101.14349927040813
42.19676543854469
54.43976610452852
47.83171591520094
44.42432177610467
52.35500667512741
53.28429375503592
63.84290393121221
70.67346788708284
80.09684309709195
89.11724120563308
91.26075005632337
83.66445469649332
61.16823021314498
70.62184922055461
77.33539223884370
83.95581699518269
102.15264916688008
107.26750201872127
111.77433598051991
113.99337707462851
117.24116036027677
119.59808191193709
125.58552368667127
130.69801832883007
132.39869777732608
137.43499361485357
139.61078047262072
127.93316986408760
128.83970170438445
131.30963368864508
144.95797079355498
148.77940637332185
149.53477323876206
151.14052477061799
149.83450381146884
138.74762407708405
141.23164695807168
150.70289608591600
149.07175896244132
148.45570101239196
150.10891427484600
162.62448918548719
161.69325712485366
164.00644587743471
162.64454901265228
158.33566054452780
159.97427842031050
156.41244382112674
151.02195053278751
146.86374199313113
142.54870921351466
142.16931415524482
142.78302111289096
138.82827765099529
139.67982163741752
138.01115844511676
141.57664498039284
141.93999685603740
144.82254143116569
140.05526572892887
139.58694405461978
138.54228954304315
138.85081896630570
136.66795972133431
134.54055623558969
140.77430594679822
136.84893836250768
133.10662306898044
134.05571184642506
131.81411380641777
131.05669182230938
131.98017848791710
132.05941409257866
136.88919814098062
136.00457890820809
125.55251828596177
126.11054275108695
131.68536769128221
131.59220477893146
129.91547251724629
127.85613691574338
131.66994868220655
132.40664697395195
122.10589338556642
121.49158260856072
123.97683370818201
128.58544541519203
129.14809366845304
131.01266279520135
134.42080121494863
138.04898088596750
136.85590057015105
136.66516326943776
135.72775912586667
134.28666028440517
139.09948263759162
138.42767819280382
137.85398517915920
127.71766522689461
130.95397315203627
135.18962931425102
134.99873502319417
138.73966984323155
128.64151658783220
131.27226230802810
121.24678115760874
125.70665818774195
128.61144558611196
129.16746528890010
144.93800225619637
142.63104268207070
141.79799209374332
140.93403515026392
141.54008042944318
144.56658959188445
143.20735216339176
146.01307366943806
142.57982332472872
141.61663572160629
146.96255487526517
135.50764071306429
136.73814632649209
138.17291455217929
119.41086997844806
98.41067398629032
102.59324516028263
110.12346904316561
93.39207700928989
99.88822918818983
91.57517647962175
97.13551968352488
98.97937092243423
105.54410843706086
112.56437182404154
114.40098786762428
101.08506848505935
102.01539809047003
116.46296479527092
120.96167910533853
123.84878616032864
125.79550625865501
123.26964908117438
125.97236201984371
133.30654054361401
130.97577689060563
133.28340606550850
133.91304993710150
143.92079121612375
131.56321999648242
133.77269809489306
130.52890862767467
146.42141666341678
134.99136410842880
133.74455915678161
131.11849025023179
143.52982204483081
153.88640776210661
150.32288913863658
147.04099569636125
144.26632506417019
124.37893310561878
120.52212460716332
120.64858194379639
121.30398196758897
122.48087188044857
118.90952628581501
118.18757998963370
116.81228901594596
128.04676589021545
127.89887484964468
124.08885483980052
124.72303060429826
99.90006184408270
102.11046053520337
103.23443282277502
103.05920660324793
103.38883390302765
105.19094951957229
105.21005065062232
104.07343325287839
107.75954902624460
109.94483180845616
115.70868891427779
120.57514280810362
121.72243078727054
123.42240650371085
126.70856181168551
131.00953604093792
131.28037785523381
133.35079050832132
138.12960263139115
139.48811709180652
138.93592878377234
139.98643042248148
149.42464651233260
146.21063827304073
124.19880113391652
126.72118721001586
125.23921466515944
137.87080318603091
127.15740171450139
135.34565017731069
133.20281396187630
137.02396768353498
136.05027266861464
135.75173776438686
133.28526573665383
130.00984197934559
133.65438811590050
133.04449072654671
146.66790262522272
146.62953860797924
142.83853604715202
146.95031580094118
148.08430463215404
155.74315142286835
154.37434421209042
152.65926019668959
156.36165864358074
144.27002751908748
153.64438661572626
153.73420855619483
153.48698822944257
161.98955452738434
157.08591844420400
157.23793503840412
156.44955417057150
163.46226735272063
160.14780082734424
159.90397397675653
159.34170774285863
155.26452687472454
161.22607369422451
168.16048171664215
174.97071653888918
136.72358362306929
135.47602471119185
137.51656852104443
121.69182684552416
126.30462272176094
128.41984549448094
129.35788499723441
133.60187349701718
110.73995620793161
102.63855583475106
108.02575481243366
101.22681290552192
115.52581056176044
125.50201113522091
133.57110439098352
132.07400341397442
133.70694453316867
135.46546907177029
142.41653177730416
132.63055681459957
142.44178949901931
141.68746903568029
145.12207325419678
148.30092345781904
149.14506899144010
148.23654569119586
149.89820693129045
156.84386965612902
156.80958039830108
154.98950614875906
156.73833517822032
167.27964948473394
167.61646270715229
173.85215423217574
172.29692915290974
172.50479717332792
169.36228269837639
167.54189964419078
177.00444907784231
188.82780146175151
185.32779583936022
180.63891879892935
186.01846865505038
191.85998958551045
184.39938008729979
191.34665223984740
182.14083984728205
178.64859151966448
174.53693919423350
170.76070525357358
168.81591536787440
164.34136174760914
160.38611823110378
158.16619620317960
158.07459132434431
154.68139063852081
153.03821456676124
153.30136754493856
148.76013273320595
145.92999643301025
147.63087662975553
142.63165143368889
140.39908558465987
139.46691866542460
139.20675912217109
140.80940718762966
142.62473170516648
139.74414910484063
141.76541221975208
144.99407670819650
144.07287296661366
143.04633585884912
142.64450960824166
146.78529320618878
149.07749357621475
143.96304581445585
142.74909492900417
143.68081135921881
144.27583246568378
146.07242415106936
144.74602365193289
145.52719654639304
145.23616845650312
141.30994131361439
143.74577540577195
145.41694658612991
145.17639308615148
145.53692160490283
144.79005922814113
143.29981454315688
144.30531557525418
142.43824410693628
140.19418854412368
139.82914790639083
141.57973474425148
139.77565274879717
144.50969839993900
144.31274889547046
143.74408007398924
146.59831018252763
145.57131246589765
147.60238622851745
144.69509627023416
143.40305798863565
142.64437156281676
144.18539413061620
142.81992162002263
145.37519227040204
147.52386638206994
148.06098567268560
160.38351477034206
159.71030319147070
158.91012490281835
168.92129429002699
169.85726039308165
165.27977096329232
162.07669292431282
160.73898085428226
171.46267349436027
170.66860661180561
172.25587684080000
169.49453384351989
169.00664596580523
178.82209251561264
171.94962660522259
169.62514487034238
166.71102737675386
162.70782477200595
158.73218424176153
158.16124346411431
158.21507397383357
158.29224358806383
156.51513068880476
155.76598143902470
157.04589257091811
158.64163710919507
158.55151718622457
161.16080021614741
158.87356037018651
158.81280798815999
157.35651502899793
157.04469837171376
154.43690812811971
155.63509867666886
157.57413850236193
155.85731069508927
152.95069568513114
149.20656164801932
146.53623220060805
150.04182952220040
148.60657821709617
156.88363202728721
158.07165819312900
157.05358739079901
160.58883799064390
163.39628275116519
160.36892537797280
161.34902537883252
159.66814991406875
160.48511294612609
158.75141824338161
156.73577609720994
155.23967454227375
162.84177294367282
159.48708709760172
160.37957022632847
156.45143024870058
156.53732459300281
154.14954175308370
155.32205840079581
155.14156322880496
166.65770322856503
165.04066374139410
153.03834518109642
154.31272614052335
152.23967932942421
153.76604988759294
153.37283948691078
162.05234390661226
168.55503543915063
166.17643047291651
168.61659818726230
170.68300768870449
170.62351145626539
165.01429325529287
163.24920988459417
150.09594776544759
139.45721666143805
140.33312611390204
129.62968471356976
131.89334388231754
135.19756614507617
139.16444860018484
138.80899365548899
152.46709370796782
154.89152970854138
153.96326908685612
142.79070848781265
132.37784514184511
136.91278179200114
130.67024155448479
130.05523167057038
132.30644499247731
129.94491142946919
129.63226512513003
141.60108984354775
145.56946981600146
155.96766098853317
167.59946417812276
167.30962890647930
166.45768238837834
161.17006755900957
161.02721923166726
163.77308979354802
162.36275616024417
161.73340802791290
170.92045096078084
169.65902770185954
170.90245294463872
172.18439209927567
169.65080014151158
154.14314280854757
143.81218720370023
144.85569292182115
135.18830356898079
126.75166897972545
118.69044334956139
110.83220181092540
117.57778328156256
119.63126949550661
124.95044940435726
116.47136240869226
110.07438046107623
113.97474829834866
120.59336351824737
109.50993884972701
112.72002199474825
102.17449109801005
109.14407293147559
104.35689341239545
120.02458724737853
109.08084412936060
102.72339011122246
94.92768408404361
98.16142755635892
104.81150796323838
94.15148975696977
99.06179814516942
102.36519593940096
93.25822363373912
97.67485834751855
104.31673450515108
107.93320284929092
101.36950394075957
109.71584277101118
114.76032388409523
122.20306147681069
115.78880137098334
100.52234890960403
90.77864483976735
84.53586639129183
76.39734782475294
91.56775497637003
90.39586761173828
97.96866465561827
88.21320789232301
91.68388338459511
85.33620880400731
90.49418482914768
98.44238514965841
104.86295564607829
120.60590628095304
115.53177052300846
108.66767759948372
115.20961533631746
120.08561126681874
123.73613962561910
141.57305042989057
145.91187890285212
147.64463393124186
148.79963216396794
149.62323007038771
151.49189663702549
130.47911008013543
141.01049730300312
130.18950555110891
134.01113472210119
137.58462666216863
104.70893276514127
112.39483147768783
125.77269918844055
112.66406745231539
108.08578153083542
96.15923042542248
112.27957934941281
103.90962113361763
91.86161475768975
100.76745456201556
109.76413361482643
113.22898515147735
116.63637855608317
121.49195646104855
127.41409282589092
113.86754519864469
129.68299260713638
131.49287848477940
133.24080610262172
137.85171880831589
140.24747324190503
113.61582282715672
116.26904585305101
103.71424460896701
111.01263739522588
115.21803280052133
118.71790109631199
122.28042583726531
113.38638953165079
99.65824110202256
105.44300668392253
95.11776900639649
90.69266192981381
79.91905866139183
89.34461947057156
106.63800113183294
114.65900420907995
119.05141408412676
121.77696458197670
107.09560366946566
98.78216659398430
101.81020080761756
96.59856770038868
85.87252462248391
92.55857533243328
103.25116253518817
107.81280472255384
123.58384347666353
113.89525421031793
101.27511690598804
104.68617026024874
107.60926527195298
105.62172051346418
98.62371675834983
106.00412907966451
120.96226376965174
123.65790791125072
121.73036091656591
119.60094403016808
115.93237092905639
118.39282190732018
107.19201648989291
106.69125009177993
94.45388848192027
86.63248588345479
99.81196705946027
101.42242240664274
94.11120747925226
105.00588362914307
97.42686414858858
102.09569647161204
107.15943042306903
111.93869105785289
114.57120878550602
120.52975298163854
105.10572394401385
116.05317688302507
115.48541534022793
118.55648854654571
121.65721549579203
114.36634666170151
107.14646349626275
93.28365473385240
79.85164705062991
88.90699978709240
80.01649214028296
88.20766369066352
78.44539110656822
83.68739159525782
71.84307745938514
79.62197251461899
82.88385812888698
73.68203044317156
82.09263623990969
89.15882213459891
81.77196099295760
77.58738414693634
84.05114447308478
88.88085583037156
97.48849739691792
86.66501090347126
82.39322056699831
76.73601001356292
84.96116779020954
91.44857851460375
95.15305386128554
100.61120940619716
89.60902034218375
95.70553224278893
104.11300779821843
108.68228646715357
81.75789003879473
90.63385451022295
106.64053773037978
78.65589459371468
66.55734308222743
53.56590990761676
62.88736310675162
73.86922683578331
67.68089865510370
56.76904498836750
66.66608516373729
62.79985385480727
57.55912614263561
66.43485639970579
58.72695548220852
70.21872857881894
77.28626807264558
85.48598643274153
81.88753481567490
79.43953633857689
84.92879882172703
79.35410418058999
77.38661233889383
73.28864534568680
80.68964697275781
73.12500417781348
79.92520938186857
58.08114698018272
66.33332459105118
75.86094386622247
84.71887734966325
90.92481784429893
95.34876631257858
100.24937325103247
105.38682576940384
109.26136463070125
114.57584679723485
129.80735070408929
129.69536517880434
134.43361413733840
148.04825485210597
149.03941802919974
150.14354148714511
149.03536365436963
137.58555315272190
127.35062668829622
127.81586367425007
114.15854175794158
104.92900686643701
100.14148855424253
94.21712541645356
99.79075514609779
93.06381456746442
98.34775853904424
104.70191083635581
96.83048078771363
87.79845557692397
74.59241332969820
79.38689102651252
86.17060909703949
94.23609564164529
109.76272822334218
113.58091337357939
103.22717125117204
95.80974060905660
92.07752024481735
84.99752920653999
93.43317713066061
98.09132080737990
101.59839692400116
93.06919429451099
96.54931169131152
91.39551484829337
94.14704886968669
108.82552530909416
115.25413559304559
120.39861772090153
121.22544181921658
125.85768930990172
128.49279479474376
131.31799772109957
132.14962097211281
133.49436938445865
134.55503377552967
138.38043334129858
122.77642904248187
129.46983180948874
130.91509389743848
130.99877195325922
130.18889659478492
144.70119347330518
152.89786258622445
163.56455088872372
169.75060221744263
166.06835801638863
150.74291227763860
146.79570747950999
145.89887094491053
148.50241283415053
147.02666946512042
148.39099683802823
157.53729478205801
152.65135867067792
162.11347850292685
164.79919768912737
163.94857452809512
160.02632981039824
145.44637938905083
146.68935940299593
149.73556304889541
135.48844486024987
135.41438650086516
118.17565789359294
130.82343656724606
129.38841936341422
131.29082392890783
138.51487955355597
132.10420265450472
135.20288544321491
136.80572807571517
137.98252035573569
147.63001372355848
148.56449617172143
133.67995190221740
145.31047094081123
155.53549987292291
132.20629997573818
145.54414952993847
106.89116626292082
85.18638552959820
97.37974944597146
110.50077667458712
118.00756184276196
122.42607535473033
84.32585547233623
99.21560727779325
114.73901879164808
103.44001570128323
90.69346894348320
88.27801987084555
81.50724131401395
88.72664147843230
96.38763420434218
85.96731667656672
99.24398091733028
81.60355076834553
84.85231783239603
80.11042681528276
87.44984961777361
90.54748764236788
96.09822541220629
100.25927686546486
80.30348177955283
97.58361551564312
102.18797155564376
71.17961340483382
85.15450691804126
92.07330752156287
95.28798682071707
63.12581442078459
69.82648184388741
67.18697757048153
66.35149024694077
70.45318199555388
40.65556962683571
59.21759786006511
67.60587926909906
74.79730914490378
80.50260123008503
88.66856434682632
93.52636546644618
100.66699236974142
103.77585514826174
73.12255688662277
69.27141606637228
79.06261885835444
78.04982978590202
84.43445903058262
80.80026679460551
87.83284930323481
95.13386885989716
100.85935743660129
105.27224333078510
110.68986239323097
101.51092436125190
107.96324510645141
113.57352489028374
118.14059843440015
114.19119116396935
116.27173897176817
120.06021777378302
122.61367735450496
124.07959121788390
103.35937845677223
112.15920750898619
102.80754731255651
103.87088607740863
105.89403467360074
109.40895553012570
97.23486500199272
104.94027756296573
99.19534887811989
102.01827895101519
104.05151941426543
111.03995157748921
113.37545085270094
103.53106719565028
69.06676942424833
64.29511340668412
70.98051354659265
68.33151509471168
66.41128124899143
75.35749248879860
74.53819790971808
77.83616786298133
86.05291253710770
89.89195513184657
93.19590276393539
98.63715362250066
70.26078648022688
80.87254080864595
89.96998081367933
91.91314402103822
95.40394260071938
101.77824156058516
103.46669946032202
120.15348883818771
126.14470287695389
125.57704618715661
124.88675841048686
128.86415959795397
130.82248327010495
133.74497394461562
136.54581726187340
136.34467083599657
137.33959834612864
139.26576075660074
139.62677887250220
140.04056625725966
141.82770296223865
140.62239117886077
143.91915353642369
142.37697254775293
142.33710058205477
141.91516550828914
144.92380153892179
144.28284748460086
142.42730567991811
141.16030820745712
140.52338322355692
90.60897532242159
105.07099447042414
111.05718455699746
117.31446665577201
128.85775823763987
134.26323105852572
132.35871349818379
134.92297975322381
136.50747522627876
95.13076375881928
96.54565721102233
100.82239840519668
107.37366818014598
109.43465033632202
113.52747714689036
82.19769675458318
54.67711787122776
61.05460366468819
69.49497546626577
75.38247028146856
81.56901505631284
87.55054039082191
96.20064806526067
98.91068520818605
44.59594236662561
53.79722326324764
62.39910090663607
69.48296714480813
80.68979082548827
85.20853543928978
88.60810591547423
92.16422883541415
95.64628479868226
102.82756234593909
107.18627837682840
111.96078252620291
119.19886478498657
123.93690784956661
94.27224059748450
99.43257471853227
103.46915236801850
106.98599950322641
112.37462915633481
84.68159426873096
44.75456614407602
68.96472404065062
74.68716338227230
80.98579099085494
88.47167510457747
92.20404064973663
86.90847701203482
94.91492550161809
99.63071567585381
107.42697397925699
113.26983611140076
118.67999153951729
124.22428910199585
128.12231307470842
128.76646172569210
133.76307830158373
138.25957242035270
138.44472665393667
140.10375640786444
142.21796713842255
143.57822468480177
146.15786199724792
146.02071718463932
147.30146554902453
149.34305839709148
149.91132247078036
150.30865288553548
150.27510811993193
150.58057174412085
154.82806503631264
153.49714316272991
152.72570003452691
154.43990136111449
150.88653741175165
148.77886009667174
149.85287861556236
152.99238059776937
143.38375083681564
146.78633240098270
149.46248596319555
153.02437592179416
154.05126167293292
155.30308106423161
155.27651024445541
151.97306242371394
148.94200514772234
148.23642338146635
149.49395708569446
149.22314683465510
161.37282833777260
159.92369010286126
147.57785403248207
144.88520153992619
145.84241892411492
148.47674776991246
146.77436482954670
151.41264121568901
152.79145606320995
154.40290888551399
156.85421053909678
155.64898955419113
151.74827867801130
143.50161712380086
142.31051578437757
143.10814953976904
142.22586717192672
141.52839784885720
141.93467407174614
130.83326108662408
134.44646490825519
145.71389448099009
144.70733770394673
148.13080821587681
149.43154287161744
152.55679178541124
152.84661168659213
156.05763616996339
154.00043735446644
146.17033925404502
148.04141620608229
148.65821807441623
148.03753758762895
148.11590837632198
151.19006981037043
153.59888076733668
152.93851511213154
152.57049033668159
153.71024120018083
153.02403879965041
164.99451835850908
165.39108986815461
163.81203585112010
162.44343550759854
164.01931387214708
165.86281381757397
166.56318802586415
165.49856300345135
164.97274229456013
159.34528885812412
171.34089045588939
170.32981537346106
172.40875903916569
172.66354751974569
166.99538911935414
163.94837522916174
161.53736707763764
161.43727681531760
163.65243079465489
159.56327633644028
162.02151313958271
161.44516378607369
161.21426912390797
148.73645788009719
151.46336706895724
153.05721750878291
153.11695694772752
153.54908301977235
154.37270392998926
154.34040489611408
153.83244026915969
153.06622461478912
150.98449720408601
151.24006245464170
156.18904885938923
155.40379737431414
156.03940911430141
152.70566789116216
152.12195744399531
143.11824888569944
143.54124300164426
142.13874977643965
143.35919079667923
147.23676319329309
148.88758449187657
151.35230719495502
142.11080248415865
143.14099053159691
143.02016657693557
142.74214279413459
143.06056172711524
145.66306837528651
144.19939885472581
147.74843401500803
150.38314777653659
152.92103066603849
156.04776929016333
157.37211325443397
164.86918361701154
161.62592830901636
163.08422877012455
164.10118606709318
162.86931001293195
160.10657086445553
161.57571306777083
163.61484633589626
161.42815882285569
158.01693687282039
157.18508040083893
155.56223278563724
153.82659668836445
144.67039112709921
146.44905597830453
151.22580041528411
151.81406331181810
153.26462201222412
153.85203367696397
152.08203703137204
148.81464707293833
151.04084869764847
154.73493933803806
152.74589559432965
151.95961159512532
138.31386982213809
140.18802862751033
141.07263725134789
141.53620556396208
142.71238485195317
143.12031164219187
142.71714581842247
144.12175726408822
147.23516152468392
144.18492028044597
141.46242249203863
143.81026867317323
144.93122183736043
145.32202899592258
143.59371786284339
144.50575291825200
143.59220213087642
145.38489018663662
147.47284341737742
150.86730777726009
149.59629758760337
147.65988186430906
147.84386979410806
146.67422915461029
150.68890408785833
151.53877867244330
152.81738742991448
148.51644804312599
146.81843412711325
147.46366906091797
147.52442005683127
147.81686019992748
144.15206394614705
156.97648052658553
158.23283714396180
157.14659253157117
161.17970063959913
162.33535444023101
163.47671414625546
160.80928730010135
159.33137149758304
158.22959732835955
154.90922526849766
157.93287949215596
154.84608854786609
155.18897748806660
155.62412786008622
154.56773146994493
155.19454544557627
157.52703426781409
153.47220390161166
149.91769813166374
147.90951376820382
146.65728241343339
134.49257790835873
136.37234410368106
138.15221788785504
139.82784878518362
151.43320820772763
153.00626478373459
151.15975997266480
153.49224733402900
164.27810257555583
162.54866375155109
164.23015294787444
161.77728391685301
162.84700813514652
149.49834631304131
150.02957424059070
153.09616437891074
153.14498931956149
152.04292551110515
154.00542117822661
155.30722664252150
154.45699073379836
152.02251853660201
151.91273711599990
152.90608672469142
150.84204198486830
153.00713144528663
151.61066799919936
152.00774991166608
138.94626260709921
137.40028926415619
142.16543747077432
144.18521868010419
132.16451066624492
126.32193753425008
118.20539969122208
123.14960195411928
126.34179052450433
129.22231955579318
132.23429937073473
137.98754314993738
139.49090292846105
138.22666208557823
122.72017933923718
113.04466330381811
105.24630651967689
109.36049058570489
103.77129700945737
107.84830770755300
113.64187597623589
114.59815695703671
99.45039734708492
93.84410883975127
100.69170364635968
91.96000523587973
95.89753807630905
87.58149155812814
85.24228400676098
81.40218245633207
75.03007436788910
82.21342533797331
90.96760388633663
98.87353255049396
104.66869658410619
110.30277732431368
114.09886683168719
120.86439507207596
124.72183587489954
136.74215997804367
137.93949552396245
140.23679996275661
139.31884896400584
144.76388564102902
145.40681129931224
147.01316456926764
148.60526566846937
146.54941665040255
150.46632881640681
147.38566590080993
159.13027363474737
144.06863914227674
132.56431643515893
122.93053107575845
114.01881859522766
105.76839232847412
114.53687877467931
107.39407781267680
114.24567699344765
119.11219742914396
121.76667688262889
124.30673961925719
126.58683420975298
115.42728126166966
101.59368265080469
108.18506730256748
112.58821641931885
118.55957066930964
119.93292215988029
125.22013938853669
107.26250957039754
94.56787471280185
102.11170439007475
107.10595398044312
114.58528791999923
117.27007582876615
123.21889555160460
125.46438959011969
131.44983063492234
133.16698722014959
137.95537436599977
120.21107127157455
121.74147607223426
126.96421060048645
131.04200972752994
134.81683380663665
119.19326964565346
123.82575991837921
129.29948527719043
132.10980203308662
137.05418143969027
128.18880307615916
133.78546631257620
136.90300417322464
138.94806179067427
139.13664490085569
126.92228571927131
143.43535828341970
147.98263903985855
145.44036579101748
143.18427943041127
121.75782187701935
128.85297381951659
129.33824805545152
140.91584256148050
144.75991561552360
141.38563969803764
145.71547081928739
149.02270224727891
136.27081238697201
139.95487437685921
128.76806296112611
132.15541475857231
149.53509121026133
151.55315859355983
137.80518502536987
128.11435865586699
128.38238184539077
134.44446363447520
135.18400246099185
127.61583557367285
120.21926313433708
110.72334944438445
97.03552206073199
91.55035465700796
86.92408773823483
83.22224398376684
89.03601649221795
81.42199880203347
78.71402310373816
86.88430162897066
96.40281779174269
100.89100497395233
91.68570456721632
84.08616724925199
79.36504505118532
95.26489712173151
88.70393431339168
97.62436869113127
102.86013257981224
108.06546043948410
103.15671420465844
107.61637830148298
112.82706847405549
113.62656175579407
133.14283644227001
136.60735819778307
140.93373187187962
132.11392492062183
124.79645044961015
128.12507404027090
132.26471010207970
133.75550679554243
134.06595857965294
136.25289928058643
141.35436781293112
139.61285989045143
127.77447699513431
131.59937112039205
135.85831840333947
140.71342473173357
142.64494076199850
140.85029622084835
142.03934980920542
127.40086949695466
138.54860454239906
147.89991727055445
147.58016923922520
135.67647120912892
141.47385094572169
143.29822057081469
131.90252317139266
133.76429936793394
136.28723099387619
139.34605668496656
139.97255428151325
144.30776067951564
146.93680624719204
126.75485054734195
129.18865243261172
134.21394398661207
134.98089761388164
136.57478053359637
134.72525450914765
138.09175040560453
140.87000406435473
119.52901461742981
121.24606487110364
125.28559356444549
116.30995778584270
116.01262033309115
119.82786601235527
125.86339307491311
124.10572655087023
136.37198769331133
136.36653396510215
143.95369631225296
144.30166146237667
126.52455800967422
114.81114637970383
117.96952406603590
120.93453849311480
123.70023576996954
126.82325112620217
139.24426174603047
138.53417967667642
124.39327032158876
137.67639842589358
139.31438570308231
142.74436884526486
142.39934055645892
144.96163362432563
146.05308024423391
147.96579893013046
152.35380615010106
149.72412738333173
149.22298030732625
149.51738698146363
153.18212646088895
152.07653864307773
153.82405888878691
137.74809438538600
148.00992381182789
152.06728560526511
154.14955843134072
157.64948576615922
159.50360999678998
161.76072470411901
147.69356818314222
135.45345309775192
141.04497429729494
142.72145096808444
140.83457653920956
141.90846403780691
138.82610798501020
141.92384004138850
141.98086271628327
145.65240653467703
149.01455815252407
147.86510640378111
146.23781891255823
163.37451047738654
166.39421033160414
167.03087941231931
165.02839866748818
167.04451614785822
169.08148199150628
168.12112524129805
166.25714693452667
168.17853332131833
162.76929315317483
161.57985185733992
158.62942315143817
160.90391909681713
162.93272374160253
164.23578713697060
163.48046110439628
165.82691913181850
164.59059436778384
162.22762179195931
162.52397728650854
164.52227831616077
159.02276909914315
158.19836832640451
156.95763817085202
157.96881758398229
158.80830336916537
160.29026876099039
160.15414543005750
146.52476381601161
145.05276285242644
151.97270299232952
148.70642438999781
151.66210198125253
150.43285013385398
153.75931146114999
155.54476398782651
156.14251021073068
157.52316828909125
154.28089937555524
158.47021863299105
159.26171902636005
155.86641650564124
154.00733515725537
152.19879399965978
152.65528362410612
152.19261316315885
151.36943075728186
150.80208295872882
149.11864025804311
161.79687621750122
162.48013855977163
162.66597030047240
162.23095274279535
158.07420367060638
158.25928348465135
159.35167565715767
159.03349823651484
158.25070816423602
159.79433736462704
160.45171614214317
156.71710543195772
159.91880053322086
128.98165759368064
128.47242216571038
128.27973805865076
130.08108090529734
130.83057781735045
135.87456954097095
141.31378336267909
141.83754259989976
152.42634366654505
142.82100099443520
134.46622515261083
133.81138083924665
138.02083679565274
137.01838487306193
137.11489714765338
140.32787119994998
140.70842707974961
140.17610593355212
111.09972045802647
116.50570011245560
122.59942334087889
126.90579850893094
117.92092395307147
121.18635131329272
112.67259494007455
116.58228529769141
121.69945288801961
124.17792069593817
130.78142971470879
132.29003273327015
136.85241344902414
141.23972363742132
128.35451018651040
133.95804056824616
124.98683255035647
130.52508640079216
122.39264462149478
114.17350078380269
121.01227977364425
115.79881523989170
108.89104926194776
117.17097021145349
121.02706745672728
113.67504932420603
121.54004123583306
125.78439143509317
124.67613943522070
129.81449802379552
132.53984443533000
135.75219613967150
138.20508973871893
141.87869241261868
144.85667333315223
145.16205405810030
148.69290744550815
149.28919395201331
164.02012938958342
151.94436730377075
149.50436098906673
150.67607425410651
138.70121851450705
140.73545303287509
140.42224599429332
129.94318073231307
131.48427127699043
122.99351740508585
108.67498137051888
101.39592807348474
110.62747091215650
111.45256764371936
117.80219868734649
118.54208559201081
123.08728876847198
113.14292605375286
117.97622374566345
125.66339423578884
130.35325114566575
118.50099682172876
120.07143597451353
124.44509628789818
128.93993864691987
130.93007586863263
118.35846079576420
121.87305722111672
124.66947336330564
129.85649124681231
133.42276936311873
125.88806703061792
129.35950578371319
132.77446202214423
135.18865158289185
137.44863886758006
142.00346487994091
145.26556755164739
148.14124828240949
148.56828786298848
150.20072820138861
149.54931330061837
152.68597464114350
141.97472807523434
147.79639881481171
149.04957998091680
147.37221875322822
146.22193672196741
148.32018548843951
157.10133823659183
156.27020455374625
154.07336966718259
156.65351527121030
156.63657005852980
158.40965442273065
158.72920698622971
158.24107932022289
141.68145959397637
144.30854000447786
144.46122213229631
148.17929620015687
162.04776555705303
161.64756618886452
162.88402606584623
161.96364354056868
162.17104228248132
159.58826651619188
159.51895878944279
162.33344733917107
161.44705203144346
171.15570699589986
169.95889950321546
165.63307950500482
166.12761845743790
172.75451668431154
170.63193133278256
181.34551010792481
179.99123000296129
177.36712169652085
173.06056214593028
167.99097100038989
176.98497678763084
174.58275580778596
186.20435889932139
192.79773263625967
187.26885005611820
180.03361905087783
178.13761174090124
176.18871899533565
174.45595077700244
183.88330839404961
190.51327907940023
187.67247469793739
182.77327189369976
190.28756654436114
185.46324323197013
181.45372959622145
177.91077417510732
178.27441359725671
173.87335963679493
172.29005412042798
170.61223317872856
177.23138021066603
182.82454440469718
175.85368292659396
173.13790134019021
170.03826559838069
166.48085430776916
165.65616765324668
126.02494628554402
132.28302456669340
132.87350545316400
92.51808250571928
101.95759795591928
106.06250930676784
120.52358393806217
121.14462026127335
123.60867958423016
126.89862418081945
132.73024074862852
133.85001452809544
131.57246132134435
134.50891650747255
136.10940652543260
136.53198911616306
136.05495579843750
145.73298879919531
142.12917301376095
142.06303147019565
142.47122339679768
145.48746767787415
145.61992019812990
143.28209324596227
144.25863057417246
144.29825033614810
147.73836688670522
149.14420896059676
145.38169480324925
149.31495657621119
148.86545596956728
150.04339514045949
150.53178970165013
157.77862882410795
153.61275446926831
153.88888069734054
149.82964218625798
149.84423224870017
153.30005871773648
154.09453517191184
150.01593617966722
151.67361607890098
152.29937207074659
153.94961135798320
152.55811267541685
153.57544374040577
153.11474265557652
151.84313910433511
150.64769822372949
154.50246477720006
156.12201452248337
152.62607710319176
152.69634198281281
153.52895331180522
152.04098137562207
153.16399731798450
151.16758967077885
146.85929217650244
135.95898005486634
141.37112831253697
144.01075152875683
143.62208028760071
146.91562414817238
150.14189393054690
147.33667707700570
135.41651577604054
140.36676949884799
152.79703027684513
152.53762685090646
150.94178606739038
154.50450280739113
152.26139578139194
152.40983175487045
152.71775888647204
154.12093523754800
152.83981221528069
150.67685909391273
152.01289517711467
162.86124216331740
165.22336795629178
164.24864195448583
162.09963031479626
161.08851177105163
161.91809910424431
159.84815785467987
158.82201708290336
156.77545766100488
156.06588501340144
155.58043146125925
158.00334236993572
170.03329597475127
165.84607438444593
165.28517590589465
161.60461022752349
161.00236761140027
160.51260190405642
160.12670227250379
166.02450171091874
147.45381543835259
143.81498361002861
142.95614611013164
146.15512039068744
147.97017385649764
149.61556085868602
149.64403584979107
153.27877387381420
154.30857876258071
156.40560176104884
155.42539550587762
164.60249798235429
165.26642908010953
164.63539893063501
165.99856622683598
167.41818953508979
165.74890618350685
149.77273761533237
163.70410627391493
150.04706362875831
139.01041736576923
143.08199552491863
143.20609613584614
145.68201221150380
147.57373392767494
148.34536773367171
145.71067418844729
145.76579910869120
144.74818096210498
145.71495514646242
146.08355659353160
145.93323460878247
156.70120848888874
156.03751046086185
158.15688139388072
154.68313389622611
156.60474373447502
157.20289726998172
147.93702794103322
146.72314050849144
146.52129335070686
149.26914897143874
149.24342496934682
152.92437970545853
138.28086798110621
140.99977676076736
143.24882256836807
145.29243572676279
147.64085031751529
148.90566195287198
149.62592467521551
148.48214474668566
147.71167124098449
135.92348644400781
141.56242400766649
143.66832955274401
146.33729819193906
148.43060291858416
147.00192029233946
154.64933602655236
155.83655332749152
159.53493290837986
155.72073485359803
155.48301530757794
155.49972255136194
158.97997026143636
156.78831699605877
153.81139360161470
153.54748382296643
153.18997992856782
150.12171008135607
153.56609266571635
154.14762815541070
157.47816777536690
157.96734135874209
160.61843487439862
156.85970102395225
155.26535736439953
153.18551145723828
151.64101032915406
150.01623033680303
146.19426119471348
158.30154300975767
160.00227368600653
162.77129900230278
162.18801893499386
162.86197214002442
163.90549689210246
165.45409430688213
165.66839064174883
162.16556124060079
159.26336473382156
156.09659857990286
157.46717875392250
156.83545974176360
156.47862282015288
156.73754977575720
160.06050969584226
159.01719948299572
157.68215737740002
158.47649785534261
154.69258293263280
151.37952761222101
151.05482216274865
151.64887328906511
149.96622622635752
151.09380876953637
152.44717707334934
155.52896906201252
155.70485766668403
159.24273226702744
160.12886416903240
158.61308802714845
161.16907559514073
149.90339420410999
150.46527954910272
152.39204391620964
149.93680208272150
140.44119846316732
144.27517651966147
146.48511163477713
151.13814522616354
151.23374858414331
161.97195187088957
160.75954086761999
161.20502456981123
160.61968695468153
161.24230581032464
160.52138298557821
161.80169491030998
160.14798928414709
157.89675664813069
138.00982502834825
139.30398220894347
143.47629019692073
146.40530784031000
144.19847466879045
121.81245273618306
126.87345396814095
132.76438301525806
134.36912592754379
132.30972074037260
136.19539993843404
139.73638313106844
142.92619378405132
144.37935396657460
148.22175067786819
150.54462745472324
162.53759213625753
163.74558634983447
161.21969981976864
156.98512756532995
154.65510278031016
152.21096984523820
150.94548939696662
151.42621744677933
154.95577774860735
158.22588380429951
159.26887121618111
158.57651049410157
158.41387500641045
154.93228938596704
158.07969976164671
159.52430244504421
162.50132346520854
161.66760820139777
162.50272439323356
158.73844382224857
158.92820536732123
158.50365321747154
162.84461545479274
161.10033111669421
158.54700818769334
161.41841756578717
161.65917291588897
163.22445573569428
150.24416208381541
154.13245495746924
144.58481346826528
136.34388545068734
140.48865752841226
142.09544925521840
147.73657807520482
158.33719763689464
160.91372811753683
149.39810870390014
151.57717270927645
154.42012096382479
153.24857772555410
157.40885382442417
158.13286234334601
168.02904526513231
167.31941995782208
166.67374465132946
166.42526848677329
150.99250573402750
155.55181492611760
150.61414788227981
149.68385614926814
152.18674607275923
154.07002866216990
151.96488940068059
163.20158360751776
163.75244456378388
175.39769681456477
169.97316070732973
155.47805525770065
159.29465591153502
157.64979086865358
155.03072573487785
155.74585329040312
165.05102900373117
170.06025688492167
170.57791566218023
170.94738850128681
168.56530663911283
174.71927174928362
175.64268311772571
170.31606356638639
165.42084260700884
159.54341365681631
168.36436906854323
167.48511402077725
167.61869535269423
171.01851187583998
168.09111145404648
174.32829792142110
170.76732433062580
180.34991341294710
172.26739460855947
173.23073958834462
181.86111098119045
178.52516831739476
171.75446240819980
171.79939494783213
168.99273850126883
179.04879645753354
177.59914113901669
178.10384586832220
185.27711714866911
195.98177807274456
202.72106908124280
200.84280693465422
191.43710534954155
195.55547341098671
202.50615657602697
192.61001489593494
198.26289298779375
200.46568572915970
200.40023160052598
204.75654744738767
197.37245187117904
202.71247574490164
177.89164209559962
186.62818984586153
194.59171431627533
171.73295044059091
177.20556506611598
182.11113128020375
156.03338560779994
164.18772852836435
144.70307829319015
116.69221301916014
87.31834317749954
98.02652129928620
101.66380410141176
106.75727377133022
92.97600256026772
78.71811022156150
66.67999429229648
69.62424226540365
89.24565089740112
108.38939625762482
127.17026815053138
140.49441089532300
153.59566914913066
164.66420813292612
177.83646917430957
188.18182392400897
197.34324235765754
205.40284663125652
215.05495617513864
219.46714652568303
221.75139496660256
227.30575280032605
231.19211299580215
235.69438280803183
241.06710789963529
243.24539345807989
