-10.00000000000000
-8.90000000000000
-7.71000000000000
-5.43900000000000
-5.29510000000000
-2.76559000000000
-3.38903100000000
-3.85012790000000
-1.96511511000000
-0.76860359900000
-0.49174323910000
-0.74256891519000
-0.26831202367100
-0.64148082130390
-1.77733273917351
-2.59959946525616
-1.93963951873054
-2.04567556685749
-2.24110801017174
-2.41699720915457
-2.97529748823911
-3.47776773941520
-2.02999096547368
-2.72699186892631
-2.95429268203368
-2.55886341383031
-2.90297707244728
-3.51267936520255
-3.86141142868230
-0.87527028581407
0.51225674276734
-0.03896893150940
-0.33507203835846
-0.50156483452261
-0.65140835107035
-0.68626751596331
2.68235923563302
4.71412331206972
3.74271098086274
3.36843988277647
2.53159589449882
6.47843630504894
5.23059267454405
5.00753340708964
3.40678006638068
2.16610205974261
1.24949185376835
1.02454266839151
0.22208840155236
-0.20012043860287
-0.08010839474259
-0.57209755526833
0.38511220025851
-0.55339901976735
-0.89805911779061
0.49174679398845
2.44257211458961
3.19831490313065
1.97848341281758
0.98063507153582
0.08257156438224
1.87431440794402
3.18688296714961
4.36819467043465
3.23137520339119
3.80823768305207
3.92741391474686
3.53467252327218
4.78120527094496
9.00308474385046
7.40277626946542
5.66249864251888
6.19624877826699
7.37662390044029
7.03896151039626
6.23506535935664
4.81155882342097
5.73040294107888
5.55736264697099
4.80162638227389
3.52146374404650
5.66931736964185
5.50238563267767
5.15214706940990
5.13693236246891
5.42323912622202
4.48091521359982
3.63282369223984
3.46954132301585
6.72258719071427
6.85032847164284
5.76529562447856
5.18876606203070
3.86988945582763
4.18290051024487
3.36461045922038
2.42814941329834
1.58533447196851
1.12680102477166
0.21412092229449
0.59270883006504
2.73343794705854
2.96009415235269
2.16408473711742
2.24767626340568
1.62290863706511
2.76061777335860
3.78455599602274
2.40610039642046
1.26549035677842
3.53894132110058
2.38504718899052
8.44654247009147
8.10188822308232
9.99169940077409
8.89252946069668
12.90327651462702
11.91294886316432
13.72165397684788
12.44948857916309
15.20453972124679
13.08408574912211
11.97567717420990
15.97810945678891
17.58029851111002
18.82226865999901
18.94004179399911
16.94603761459920
15.35143385313928
15.11629046782535
13.10466142104282
12.79419527893854
11.11477575104468
12.40329817594022
12.76296835834619
11.48667152251157
12.13800437026042
11.02420393323438
16.52178353991094
17.16960518591985
15.95264466732786
18.05738020059508
22.15164218053557
23.93647796248201
23.34283016623381
21.30854714961043
19.07769243464939
17.06992319118445
18.36293087206601
20.32663778485941
17.99397400637347
20.99457660573612
20.29511894516251
23.86560705064626
23.37904634558163
23.24114171102347
21.11702753992112
21.80532478592901
23.12479230733611
20.21231307660249
19.69108176894225
20.22197359204802
18.29977623284322
17.66979860955890
19.00281874860301
20.40253687374271
20.76228318636844
22.98605486773160
33.68744938095844
37.91870444286260
42.32683399857634
47.39415059871871
41.75473553884684
40.47926198496216
40.63133578646595
46.96820220781935
43.57138198703741
43.71424378833368
41.24281940950031
40.81853746855028
38.53668372169525
67.38301534952573
60.74471381457317
55.57024243311585
62.11321818980427
72.80189637082385
87.02170673374147
91.81953606036733
96.93758245433060
92.14382420889754
94.92944178800779
114.83649760920702
123.65284784828631
127.38756306345769
126.04880675711193
126.24392608140074
134.91953347326069
131.12758012593463
135.01482211334115
137.71333990200705
144.44200591180635
147.29780532062574
141.36802478856319
161.23122230970688
195.10810007873619
