-106.08522699776964
-138.88415686000829
-126.62652554195815
-156.46801634338064
-150.80029790729171
-143.39745694624031
-224.62723757653157
-264.52963393784967
-285.52047933157337
-264.28723919615720
-278.78991269313138
-297.40868846075591
-312.05189983008182
-307.27040533787317
-288.70586559720141
-266.45802118359887
-283.78717120746080
-296.32773419795143
-290.38145364609380
-283.53901750627819
-285.08036450781958
-283.19632030116242
-276.01834564512637
-260.72701477719437
-263.81942921350617
-247.76141928177131
-236.40359483185102
-221.94916562144235
-214.35619527947500
-205.18697987911668
-201.64845899414459
-200.12846814218543
-192.70881252920768
-205.39615874931167
-200.93814277701853
-194.25443317730739
-185.31478481048140
-184.01130154841169
-182.79992237068083
-171.88389103892615
-166.32771302429882
-167.58718887542798
-161.58121587906706
-163.58691632470115
-154.73406018478164
-144.55508907523796
-158.90447875623852
-156.63124637804813
-161.76400490230665
-152.89540831481361
-145.74821894325572
-137.28533074475908
-135.67880726687113
-135.15583459281547
-137.75516902264343
-144.01995873492146
-145.81013559537843
-137.13827749142996
-158.96692489475109
-153.87249049947314
-146.34827225467990
-146.97524053880599
-142.82309932691277
-136.34899980567212
-136.00189090367721
-135.21552366672466
-146.30362576540955
-139.93029490401855
-130.82849172685053
-129.26309559351606
-123.29353226529778
-116.25477374178696
-132.26137272741602
-146.27418046567186
-156.47189046678918
-143.70200022732854
-139.66907503864650
-127.87813981810527
-147.96397630974542
-139.20471204938266
-157.13776279144651
-141.42095095038619
-158.94593793081270
-163.40456405110646
-183.73429857672068
-195.59665920584251
-202.41010097337639
-220.52154694714380
-236.22252201245027
-249.78360059960755
-242.35389378611032
-220.27843135015868
-202.49267084352797
-198.69368578544871
-210.33026487389532
-222.90485308133424
-234.22306786801715
-227.59257169299212
-236.27802925370554
-216.93581964705169
-216.75620325196758
-221.40841151479458
-207.14237173283578
-187.25457811708785
-190.87461787347252
-195.79636545408746
-178.22078285252806
-188.42864961696418
-190.34462667112220
-190.84428895044002
-178.12423765350721
-168.07395055059982
-164.56316404137533
-173.98167674397976
-160.91025731890326
-160.50873000238369
-149.40388344785211
-148.06698247692972
-154.74770736778743
-150.14177124432217
-143.42815026745214
-140.12487582263086
-128.55213736129380
-125.85010478113283
-122.41832370146108
-122.88412953925096
-108.93902206071012
-111.85149335415414
-111.61108849936490
-98.03300679948578
-99.57627693669536
-98.84376854089811
-98.70815818728957
-101.89609321968921
-102.17449846761879
-100.74585339059428
-106.12054593493839
-102.35142496906211
-99.73562832016225
-97.59667015334412
-100.39984631889777
-99.91409353795873
-99.66004761786414
-109.41270096042183
-113.92175386722026
-134.84819855481572
-134.71982652480008
-138.81045013673889
-164.66738062466425
-171.61111498903469
-170.57578215593105
-164.40129762480254
-154.00676190498388
-145.34747350245595
-133.79075779335736
-122.68051455450312
-107.79203887297186
-105.82030061530151
-112.25324857119791
-108.56112581351309
-104.70594774359868
-97.91774380117431
-105.73306684756561
-105.90695449150510
-122.73433728181533
-124.97276766752398
-113.18377522036697
-110.94212694338940
-106.08878276326720
-109.25020912169705
-115.04834161761477
-113.05127781164117
-123.25198303660082
-123.56517848300908
-113.81865157886003
-109.75283245214465
-113.59467146753398
-119.77896802787146
-114.87074787441473
-101.72737159892272
-98.45747421956477
-105.06802710184138
-104.58424179486292
-89.63661036374236
-89.97915960572644
-93.68256486423611
-92.53553871691778
-102.42670373019726
-98.12976319956137
-101.30732687595456
-104.06187652567844
-107.09042057442169
-112.17129394294321
-111.02197085122593
-104.70768744093304
-103.72864356548814
-100.85533683601319
-107.44994176163006
-107.14854153199560
-105.97281661166782
-104.00860337329443
-103.00651763648743
-102.66743267731253
-103.99407369881769
-108.94472138900588
-106.40776687310699
-105.73643814830383
-100.92547570240829
-101.23926859046713
-103.32840584785387
-99.92172734469075
-95.09863876552430
-93.90338181634407
-97.43557880060449
-103.76426922227159
-106.15216192328013
-92.89853428920748
-97.39633671550312
-105.58830505225853
-99.35408334563577
-91.18411027887724
-88.65897200520290
-94.24064307414369
-111.22917140434288
-116.01545585060961
-129.83835156262825
-116.53210862686620
-113.41859555817619
-113.22980080672643
-123.97688598278899
-127.41627884151424
-128.10053192727693
-125.54719126167409
-122.43037501712075
-123.44623514388354
-113.77693655757400
-116.60303655640654
-117.70560333058422
-119.17009666569388
-126.51199873217210
-130.68676393553335
-116.94010791065736
-125.63507165823987
-125.51482469600057
-117.97253706121514
-109.42015802699372
-119.98000452687015
-128.82198770430236
-133.79014547213157
-133.86183693826791
-136.42385484982617
-142.29784772263272
-140.00423950984370
-132.40250954070876
-137.54549292943520
-137.63673750902146
-143.57947904959093
-153.91549417235640
-157.40542308348830
-160.80792672833303
-149.61863262477308
-149.85183571278654
-152.38418896406637
-152.36544274820662
-146.39751662174464
-146.02790479472361
-138.84311361625910
-139.72216454893234
-142.11917484858850
-143.05722824719803
-141.38356949800382
-134.72701369351452
-131.17396588199270
-133.24208397844205
-125.69392533951397
-126.07091808576939
-124.13055541280622
-119.87717572033428
-129.44489922927823
-122.69205495518523
-130.93668318129073
-140.78809422173390
-139.45717659534981
-133.31009581322792
-144.19051041941975
-141.57154557218624
-135.14365647346824
-137.52978564263870
-146.38868913526446
-138.26591703134019
-137.59908801035596
-132.15985128853458
-131.92979035678613
-132.14795444681019
-134.19102619301026
-155.58925796064952
-162.08686750714585
-161.84675152662209
-157.15954323233103
-155.46398476659922
-153.78457278473698
-154.26451884892549
-164.89976177789350
-153.75433232394440
-157.55087495868230
-154.08823229745079
-146.76982835796167
-147.63516845456661
-150.94129835854289
-149.93364616696860
-146.55241694682368
-144.90313603100446
-139.06985206001718
-140.88200738723057
-134.49233203459201
-131.39464198924063
-130.20510499312599
-120.94465813408382
-123.80979912543583
-124.02985081738143
-124.09652980809260
-124.32809158135952
-119.90791612597997
-117.95532056678843
-122.05689903683808
-122.14453882130445
-109.08394837998135
-115.82672195184233
-116.81239704176721
-118.95363750991731
-118.30054762076861
-118.58647285193562
-119.51139032501425
-121.90010253862449
-138.50144217937907
-134.05161055894155
-132.20798771305351
-147.46789910145338
-149.87451570737488
-141.31208522095866
-134.49347284043523
-136.18563593142295
-130.11633430888176
-143.42706325074300
-131.34949323365547
-133.30867663047593
-139.85693814362335
-136.13822703901982
-122.26021840233842
-116.68594549410614
-117.45185920414367
-119.50626341528223
-110.10519220453887
-109.66358606302583
-125.19543040235281
-118.64785170077960
-123.11126066454268
-155.73729727084341
-141.80512198389548
-170.93020777937124
-172.71587610232868
-205.64021716468903
-234.70825762125679
-296.59631590811625
-290.31498147957728
-298.22344555969914
-329.49636362795621
-351.43362319840082
-316.89568382012624
-309.30433429764486
-318.35359145950571
-301.91064316776283
-303.01388971845557
-320.59859206419844
-331.11672663702859
-300.53903906768738
-316.18127374397682
-332.76176846178282
-346.74994033399207
-360.28368435634439
-362.18049802584022
-361.02437981726848
-361.04025324835754
-363.05407151854365
-369.36633868945506
-379.16370753223447
-370.44393718444593
-375.13574069635411
-330.76685869308244
-340.25012506325601
-339.12703852736939
-314.53087408910721
-325.88262483663141
-330.37001372078021
-330.54451628619171
-327.91181146273726
-330.74287680228764
-327.59207764176381
-329.12784915632915
-308.57637008639153
-312.72443994720152
-311.63476536002150
-315.80243417369581
-324.72260991002690
-327.16241184685498
-325.37599828174729
-320.85662643101671
-317.51587324671755
-302.05054714480167
-314.51284250140804
-289.80720372514270
-297.71923868066574
-301.04718343864693
-296.52181572898655
-315.85291738753693
-329.07708056154195
-303.35799579196441
-324.05542602652110
-346.40567951101951
-372.51244183770365
-383.44238979163998
-389.28922871091834
-401.56967429550332
-417.02766144542102
-427.03035845508680
-433.14510890631249
-446.63870681701133
-438.82264116900882
-446.96649663826361
-463.26618303563464
-454.15767395736265
-464.61941172266512
-462.37889217743026
-454.90714785393351
-463.87496030034026
-466.21827464402537
-464.60650525628103
-458.33814639870059
-463.23809677872077
-452.69166295372054
-417.33897952234867
-425.96267027572867
-418.69670718883674
-389.96123654925793
-393.96688081511138
-376.03601351858464
-371.62304938690920
-360.92359165586015
-344.57702309624710
-343.14693769977447
-334.43372871266729
-343.97356243822856
-331.93699247025114
-336.81023063531529
-341.02856046016365
-343.77700409988427
-333.70051225448202
-337.69921122994913
-337.99004936754034
-336.88423745831756
-338.73459375121888
-329.91063314932023
-335.14153101011925
-332.54045534549954
-314.01581848142757
-307.49037695416325
-304.22712702639427
-296.47530297149325
-288.50884784925694
-269.27754515388256
-249.78614585002327
-249.19771000765638
-244.87176349568301
-247.22785292330124
-238.24921729952487
-243.34130731168932
-214.25846700802779
-196.85382327234180
-177.31304101457377
-166.15055899992788
-151.56657575210755
-137.85748957501741
-137.96499038624142
-124.46575763042301
-133.90195564625844
-137.81431531126429
-145.11084505578629
-158.78760350936702
-150.22670153958208
-137.97501410446856
-140.39454340690122
-149.12972082426700
-136.28134815719915
-126.20631272987382
-138.43461488941497
-135.20422106209824
-123.12712405743115
-113.80010343348177
-114.79169971164072
-105.49407501142757
-102.82979158351036
-120.89966677668167
-111.98576300954686
-108.50591044894759
-122.71064341348089
-145.69741195973546
-165.96473903503986
-176.76533754730883
-188.60814189062830
-164.92836231697896
-155.54481665017306
-166.29613848961418
-157.57457962694724
-154.64256485033417
-160.60215116345859
-171.28161716664005
-151.84833973063689
-168.05744832235615
-159.08275434560960
-159.58986420365659
-170.93246874571838
-152.25184048350789
-153.12326320757876
-159.71457436001546
-147.13692513372308
-129.52944124788635
-121.13229135332303
-111.48070507014995
-102.58124880642211
-95.96396516306800
-111.19574351352900
-114.98078749708947
-109.97345948399456
-100.44146547444446
-121.90609151577100
-123.40012548634708
-123.45704320341919
-123.46260861550246
-123.64808386969025
-120.76851127562443
-121.20631737511941
-121.90354141767590
-122.60006333708017
-124.13785386156677
-124.29328627580378
-128.21021492854894
-133.92276959168069
-142.55189660727683
-142.96547396347498
-146.52828434771945
-142.27471361128127
-136.30169990720754
-132.86030562424062
-127.62377767919847
-144.53502681717652
-143.57143857516536
-144.89713404962097
-140.42061192899257
-132.20239502205763
-135.56176738520591
-135.92920712086124
-138.79022344023525
-155.12810816356227
-149.83237580763372
-143.98804687419258
-142.58091689518847
-140.75372169322972
-134.76818239059534
-139.34568746953443
-132.47711430538070
-126.51981516070893
-119.86583247324572
-118.03458328807687
-115.45894537159845
-134.92977719849085
-127.54715854878603
-129.82991540549401
-130.09463569533631
-131.49203399485799
-132.19861406569726
-134.04318117248295
-125.62325729079477
-125.67653448147928
-121.95197773885148
-141.29407593972775
-132.63166477701313
-124.59098402493240
-138.79225154565196
-125.85343819321311
-122.00105558650691
-112.92214449360578
-101.42482608471759
-107.75458011247659
-127.61018801950243
-125.06819895204764
-122.57191273710147
-138.53869475713313
-128.61056213612636
-127.63447178987961
-142.92092744810213
-128.84688445991299
-124.05920549742616
-125.65538755344146
-120.37313496396274
-128.46701465591258
-125.71553167123788
-120.04665832161892
-115.49719327692259
-127.52285497252107
-122.46664425422082
-120.18917694948986
-111.78817327470051
-119.65192818324979
-107.50065421597463
-100.41179051752103
-93.72696928016171
-99.96341422352869
-95.33591445355947
-123.88478895682485
-122.51084403943213
-130.64715613012956
-120.98403753132020
-124.73965065681269
-123.58452895324733
-117.10389452340499
-110.12708872528023
-106.86100268959400
-109.69774388414265
-99.89538562336105
-99.84104488596846
-103.49669968070600
-98.27588869705062
-106.73118136457934
-110.48781706888352
-110.03453241670429
-99.35630178229376
-104.21299401016989
-114.88838616710767
-119.41941068804003
-129.28645705340409
-129.09018321736860
-120.28578732704089
-128.45053762637752
-135.77983922825558
-132.13618519455179
-123.13289612610396
-136.37611254363904
-125.33771857032690
-124.00034963095638
-115.68029902965526
-118.70980167224917
-111.19655758609314
-124.82621332739707
-118.52118344792683
-117.24325412311163
-120.34324689356575
-124.29324041122723
-116.80030036388516
-117.57929459460281
-111.56445955059701
-106.21673759273344
-102.96091520885498
-100.94570627848081
-92.98466700810096
-88.12743852440136
-84.91577779096502
-96.54483289480083
-94.32734733055391
-85.65164053377076
-91.56508755330613
-91.04255757890111
-78.07977556651052
-76.49398923830208
-76.70560783885139
-68.91741235422572
-99.49026828753884
-117.22264197483238
-110.96860551948267
-103.19619567413784
-104.06284685697915
-113.88939929593354
-116.69148993126784
-103.36387169414348
-95.05045717737366
-96.11369287891702
-90.32267616282950
-122.34701078102016
-124.34016909089459
-115.38173858812563
-116.23130772837241
-116.94046659744753
-112.96483605698207
-111.73036485422526
-96.80180441529193
-103.82994467961896
-95.45618273509118
-85.69093795495522
-106.71772178938747
-107.08407893646005
-103.23434169723427
-100.97090031064045
-98.67444643766903
-98.55105153226417
-108.38187929326342
-99.65457448587534
-97.59132540908949
-85.66574953290873
-90.49640220582407
-78.64334037529302
-78.48428599732411
-91.50545560630923
-98.95000877216692
-113.87918156264999
-109.73174893251914
-124.71320485271396
-118.39719091711194
-110.49930754151133
-104.82348149309426
-74.46818391042576
-64.98499305304856
-34.12345654991649
-41.38189082974667
-55.43546965281772
-62.79082700162088
-68.69572004491309
-66.92141113373239
-63.84824664611275
-87.31710666462357
-83.02262625321762
-93.28778211374413
-103.22010391778102
-96.56449033523729
-107.80951705817931
-98.95044091710618
-101.21411690298048
-92.54939973274517
-102.17788832256514
-112.83857044648866
-104.14723634959996
-101.20403894033565
-85.92879904000245
-104.21862821703245
-102.31807776528886
-95.44818961767024
-106.53982670622511
-102.84156933659301
-117.76060439799448
-80.28620977398862
-84.42689973734650
-77.09543790946765
-88.07630188818533
-111.68061002158419
-114.16739448790776
-132.11007426596876
-152.38683139030587
-163.93389052948586
-165.88731200458577
-177.75518845564071
-198.67690754093576
-209.30439616784821
-207.37689102517743
-218.02792422220017
-213.94231272858966
-214.70745765210214
-211.21721347422510
-216.47212353806589
-222.30509519350588
-238.77157833645518
-266.99699229580773
-270.22290310060731
-271.21680760775894
-274.68740542003059
-274.51111019114347
-284.39869716070768
-291.05820739365390
-305.32352954251587
-308.76643791065874
-307.05743060171181
-302.76162321700286
-304.26099580703072
-305.20208390434243
-320.51257844218583
-318.16519712136966
-310.10976224193718
-302.48626951126602
-304.90630575056474
-293.44907587470965
-294.78807706850330
-297.91913193304327
-301.32039814156866
-297.46408625285693
-270.98600132871508
-264.18680229861764
-255.65414610903616
-246.85318289438590
-256.72238846385466
-251.81108146264751
-245.58486214445983
-244.46558397791188
-238.88456054815958
-235.60954141245685
-241.56770757086636
-234.99282904048653
-218.25266987102722
-213.51685834688507
-208.94645564129905
-221.64273370923405
-220.56254930286923
-210.53948410032734
-208.69042271216310
-206.21804255233292
-208.41890717142812
-210.06373956894100
-211.51331971851886
-213.93670594799056
-209.07357439895935
-204.03062952239765
-206.87211410332372
-207.58524526102269
-205.26811284127609
-199.95213673896927
-206.41467175842951
-202.02372981004163
-211.50991331228607
-211.79737749959438
-214.72011768890377
-207.99003289373962
-211.66614428665952
-215.49409647626919
-208.81190458910049
-193.10084005488048
-184.32611903497124
-183.65890271266721
-178.78483923150645
-172.97862465393004
-173.97706147584793
-180.36838537676113
-181.75534397177159
-181.16818008382589
-177.34344283526468
-168.36892407114877
-152.72530647520290
-155.87496364531185
-142.56865043198925
-135.93234436757325
-127.61393230731028
-144.66110998431856
-147.34331473212498
-157.81392237072771
-166.30673125982790
-164.42744760972323
-171.45953163823020
-175.94273456970996
-176.59775038800097
-164.11840167825142
-177.69078195430308
-190.83934798034525
-182.86782311458256
-190.79376007132143
-175.18338145209404
-181.38670073215610
-172.51214021761729
-173.81396419528534
-176.41115985410519
-179.35467264126004
-173.10500367006614
-132.93073296007120
-130.60105933083238
-144.88192561936890
-141.30411362484173
-154.90879060907520
-145.69713122840946
-153.84583571532329
-152.15260117045386
-143.47995486848600
-152.28417644791921
-159.85737394993086
-164.88258797336559
-170.36188143093864
-178.22591438528386
-185.78877168884009
-229.95892500521003
-240.00842381181809
-249.95334134995827
-266.36063102944775
-265.23089217517719
-279.38046567466466
-289.49015416380172
-299.54242577480136
-299.61282242453461
-323.49398279275778
-313.10746299973187
-314.18136924950420
-318.01978492782592
-329.49963528719309
-327.26795623126986
-329.12446975370949
-324.59039663929337
-313.02987200121532
-315.33588730025139
-295.96505187355564
-300.53239034782433
-294.77590291301715
-307.95824573477267
-314.08701685203266
-286.19025910814219
-304.55851382019875
-313.79565990613912
-308.96735213373449
-315.01183401142072
-337.96257095993218
-376.91032990640616
-373.11718939844786
-362.54815537950526
-372.42840166298174
-372.95762264731775
-344.59512090711291
-349.69125309253718
-340.29001607361693
-343.34120079832536
-361.32900164907414
-348.10577347628714
-354.51766936149255
-358.14238018462652
-376.82728086329234
-401.97975070191785
-373.62755729120425
-372.79612037398482
-356.53394410960726
-355.09483423103245
-362.57716202182547
-357.17365363941678
-349.96315675187054
-346.20069439626633
-349.51914037502320
-357.34667717099774
-377.12329028084741
-352.25417549717372
-350.92865786645990
-348.69906712678517
-339.82943137391572
-339.31798080265668
-287.61323996861955
-309.83229953683292
-343.13643301125387
-364.06363902179680
-368.04819706909444
-362.43977491854918
-377.41717362400351
-377.04550560081452
-365.29715769165773
-378.14374982065124
-352.99582941462813
-391.91924239192497
-409.07185254503509
-409.63854385164052
-346.47364489646509
-345.74441575730776
-348.51122323749144
-332.92066741415925
-317.72332447198841
-306.50794209667146
-298.54212650368828
-278.48072328354567
-279.17903757091534
-265.22937044246305
-250.22954348460451
-256.02661926094567
-253.09195229097082
-228.27145815264041
-226.04470757988048
-228.70595873006698
-239.31267822500678
-254.02354285015281
-253.06482828768213
-250.65081841254010
-258.71129425008826
-257.17936338515563
-256.20644992711289
-257.67346481204794
-252.69848910913197
-252.17528561280761
-230.17608892423647
-209.33270033280232
-190.81366370452230
-175.93117164852592
-140.65110247073028
-144.72560308697336
-146.22482338812958
-143.30777134159149
-137.31949982649402
-145.86568693988272
-159.24270284764160
-153.20138116248376
-118.77627052602288
-124.19089526506980
-127.71522226695122
-141.99512162803921
-144.27558725629888
-161.43220902471637
-150.36356307784840
-145.72746248722774
-117.03013694961132
-109.71850416174244
-102.51770755835852
-98.15515395468097
-99.42146753741078
-95.06066554038897
-122.27326455054603
-113.16699906677410
-141.07746011906659
-109.41029509113160
-112.43579665180299
-107.95043829725941
-124.04857146742819
-125.45047979755779
-133.95112841065932
-135.06871489468290
-98.20956274509685
-92.37390556906035
-109.12297822387258
-104.92753253244435
-107.73072278966444
-90.89814309449689
-80.64041541264575
-49.94439326724795
-55.04883577699915
-80.54196872713428
-109.71866778798264
-133.41741736553593
-144.56306295327329
-132.54432092765472
-133.76867221546848
-137.82960313395262
-139.64040697456551
-155.26668136989144
-136.88750227131155
-160.42857843365326
-138.27076422967320
-122.97000325699287
-114.42619621281912
-103.00100788816817
-90.63951746757147
-81.42207032308713
-82.40825014846423
-76.15829121698694
-65.25468828165646
-62.92190344148601
-70.05292133929591
-61.98937937765018
-69.40456790046585
-70.24933231697956
-65.72114438644743
-56.93069729159468
-58.08169567543344
-54.77656486110710
-52.06126080034849
-55.69327891070265
-55.29822914664462
-58.29385590965359
-49.56636356052183
-28.30688697509210
-31.89236885661856
-31.94009310659656
-26.46178045472781
-25.93168494154720
-24.99803687247076
-26.48737473693454
-11.98832907194735
4.49311867393301
8.06067178797096
8.16974463116411
4.28307415930593
-7.00528736976445
-12.72177719330051
5.88149649275805
10.91008254484840
3.12412483284829
1.21149128229040
-19.29725385999856
-25.51259853260239
-24.01487202707341
-26.56789122404387
-24.41983330088355
-28.07983651377056
-32.53768249192179
-36.02371351827016
-66.81525457172108
-62.27909920825392
-65.35655814414218
-67.52318778290092
-63.98489072600451
-62.46168434185613
-63.49382007785722
-66.25686950172512
-62.58829599818900
-60.09404866399036
-59.51092877535226
-58.51252186397907
-54.76047648449988
-53.82841709849293
-46.32676695722471
-55.12128103581779
-55.74914590249624
-48.79404307355526
-63.97414930182453
-57.39100875080111
-63.87732480696292
-57.52317144746302
-49.00106664951663
-42.42007320098534
-38.47683847939790
-30.71694404073297
-29.07671107324737
-23.66029073001043
-20.48268540095549
-20.79443658394611
-22.32641248025273
-17.24606746837166
-16.74664606223562
-14.76368839012931
-20.01036273615524
-15.44662214252664
-22.61689898369222
-17.05190092909164
-33.77343143266827
-82.74207406258071
-73.89638794263151
-66.60150666441044
-58.01308815562707
-50.83748419301925
-76.12432928386465
-39.81177567428364
-32.60144610956880
-40.39954427529261
-33.14576278036757
-35.84212957612796
-37.67034207023230
-32.36995037392872
-24.09908936923895
-54.65306719261280
-70.19630014635139
-97.05644138678450
-89.78798028532073
-90.77694348410853
-102.26721440251487
-90.37947971329305
-58.31503009485814
-49.67970086045284
-20.02376735454096
-16.89900661735372
7.66387378860147
-8.32787998776944
-47.64177005639745
-42.69887464872426
-69.64206618764256
-66.47586219119739
-65.13745861821198
-54.97258280079111
-80.02058062835357
-104.77828066407105
-100.49809110107144
-129.37254965025593
-131.82984376063047
-120.86886464117057
-133.72280414853347
-90.97660886693959
-122.91144740552448
-132.74475158004722
-120.26808915632012
-114.81158751001543
-129.44276946494244
-127.38911642744145
-152.93614815580455
-164.68779970025165
-122.72237374624648
-117.60419259673739
-108.69181211878694
-116.85154980282357
-115.65374836489946
-107.78305101366773
-72.84469764017264
-67.06271201617881
-77.99755891065146
-64.88322116639981
-36.96803189313556
-45.78895718584543
-14.32435155461596
-10.12516601630082
-10.68578368317159
-9.69277681635728
-12.66579763166668
-13.61258094414409
-10.98393889924240
-11.48248095527074
-11.83023257722036
-26.54620581279996
-23.91695944081506
-19.11499956396706
-23.54478933121237
-20.24669458458342
-23.67273955820772
-25.71707129600997
-32.73949851355905
-29.86462425947341
-27.07764686954173
-30.75120469158502
-32.17721367810276
-33.24600769640366
-23.03828733040197
0.32791449524401
-4.56075101667641
-7.42574047631629
17.10325797615483
10.60383995808062
2.40299377536132
-2.32204089515986
-2.85376828243167
-11.11327490606680
-15.45824757727598
7.62986021372295
5.49582853039839
1.03069122226769
-4.16306931968307
-10.08060876182591
-10.21840304715593
-5.85426270367042
19.59466034004785
46.33693633043035
69.69287147853046
64.04156154873215
83.91222878316455
96.95279565635386
109.21272737289033
88.06923306450551
75.88911248131731
64.48358563933385
59.52636173082125
37.59436475057756
22.96257897237057
16.51512730274383
15.08774658986800
8.28692546188306
-5.38499616933064
-3.36686703676830
-8.48336012116726
-5.38174543158111
18.42422056895600
21.83277139510162
24.51244911471365
12.94130129657567
2.57756713544287
0.53619330908554
-7.78844069157187
-9.59512653196608
-9.88342733578809
-10.76428356308104
-21.84204760882105
-19.15044473387105
-25.23086606954321
-21.83536827537979
1.90702107866819
4.71974486710676
4.40766171394918
14.66237223321574
21.50898373181993
41.93153268078510
35.97527052081078
34.18641311073836
28.79892293771272
24.01170422014569
43.24168018799509
40.88501468232980
38.08758265136650
26.00926594604357
14.37725971811883
8.92499339932519
0.58215695621393
-7.62454575744204
-14.51522246631158
-26.60209092614272
-39.85619847374989
-35.14317031470905
-45.40156528144686
-39.36826705279169
-46.90978381370314
-41.87626987453016
-45.42767448901766
-50.30145334771218
-62.37218241825460
-67.83312099318522
-59.78221291231647
-61.94726392843715
-56.94635967220000
-58.05389095304003
-54.84196918647721
-65.95491887797125
-80.24737357790445
-77.62956302912045
-73.51278244178418
-69.99577028632883
-61.04710472389110
-65.48909069720871
-65.21661623983903
-80.14320785681376
-51.92557879615514
-61.81911664984377
-34.90180587870049
-35.57682051529953
-39.78776416813785
-63.11640932082004
-85.09970505474057
-78.63649494856196
-56.07578693584623
-60.59394789610950
-63.39539439463381
-61.73333155675964
-31.43894054835563
-53.56247151493111
-27.50987600498814
-29.83372956233122
-3.77327818093631
-12.80586495197748
-34.89000678201052
-26.72076588401009
-29.59955974574657
-35.03737696038958
-38.83806289060651
-36.21240207612491
-13.83095932917720
-24.66314302535292
-6.46068997433327
17.79048718099751
-15.60501710398070
-18.44907528679608
-25.05803024120229
-1.21733384378494
-10.32109186046438
-10.58621285198195
-14.02116560936747
12.72579597832862
-12.67649486944682
-32.63483879689409
-1.80794242181210
-6.22256294985563
-12.41254167017585
-22.18904158155200
-3.99399405701847
12.98679516984241
34.40339922163933
48.87163613401622
37.13348814048279
50.75422947525331
44.15945892350150
63.10363536535587
78.95641923998053
64.57206557605208
77.99906602347913
86.37909057864442
79.50167136614456
68.61275726664539
80.18383528005212
62.90700883240036
56.00789299760737
80.53538235235689
95.98827627686092
85.92606767902942
98.40799343059652
111.44621398878932
123.07661833405867
109.60581483285894
99.07589847809255
113.44287218855256
125.76345477207860
132.37987939014175
143.46720182678206
156.09041429385138
139.54159928420574
124.50373173792713
105.20596255833581
85.16614803510983
101.28511319285019
87.73062655496858
86.74010184938349
68.22164910743523
49.76676563176269
37.10112833753561
35.96861787220325
20.04547100339881
18.72829883889890
0.38884542034253
-4.01222120735466
-17.01354564667805
-27.60096786065024
-35.98909588701755
-46.86500551909437
-28.33323910264865
-38.37875669648535
-35.77879713535093
-44.54824121163804
-43.34429762727790
-50.80854687660098
-20.87228346490060
-30.31240421272604
-10.85847053311952
8.86594349833964
11.83759249674979
2.57296882165740
-10.11167950734296
19.64985389805264
16.35451446411927
-9.45032613245806
3.38395270454505
25.63072951914710
42.98439790783144
37.17131217866450
64.65861642219949
83.58985026669799
88.62950097256856
101.07922404811829
89.52500011458193
76.03479549083421
63.99779186802163
54.21534599134810
77.36827561423500
91.88595096154603
104.98131183410645
88.43937699941557
81.19288629585064
78.04554204916560
47.97582314397908
68.97606288693137
82.42665806835362
95.05505531614082
110.99752097419383
95.07218950873239
114.78379812726165
108.47673362648108
124.19582533934327
105.41927517987460
92.82757925606158
107.61523346412801
126.55722513376271
133.18965197588548
115.28584091233391
104.63671149700886
122.01398617765733
101.09899622933627
116.56246649612305
101.85094769735792
87.42140681217039
104.06431090229341
120.97002722809583
137.81307488533565
145.93926907674273
148.55977028769405
157.12271280484174
124.03287478787225
95.21502082254240
70.63307221840145
50.23703445192348
68.50947955996939
86.13112750486808
102.67121587864098
73.84519030740829
93.24661439017336
101.33452216727187
72.58619541211297
91.35822178796181
81.23370953062542
76.59840576257936
96.36430157832808
110.51201605792345
97.31096522482062
88.79413963554870
77.41291967351444
72.89655089343844
71.59566546457953
60.14590843303089
57.47032614735051
73.96626974768060
64.14842442225529
62.84685875727791
58.90543900543328
52.01108343162538
69.43479350683977
52.39202503974660
48.95739314173723
46.81268084575333
47.14829298043315
39.95876245463771
40.75732818272773
41.36155607146562
40.84690249985146
40.69022645470809
65.28279367886100
56.20060517486632
52.82875314850272
48.86049000430940
48.81978697458013
71.50622789232497
90.10067698768808
110.81144347149680
123.13714798193404
139.57817760447728
126.01435063266415
117.04992091179091
135.75648233847204
124.83688855151590
112.02329747476271
118.74664275975667
128.85448487004939
120.98536426790002
136.87676571121688
111.78234750806445
102.99266169855309
97.92408901105824
115.42155587232043
131.15546088226921
140.72972347484088
124.40514094220690
137.38445378223042
145.31805346506286
156.21283927422925
139.48810433446340
114.83134791479833
106.48145152717250
115.46172391924664
131.77713077903806
117.79101403119319
102.23979663838568
119.57113341881110
132.42638986776115
143.16084000191410
112.09503816501923
120.78497280436052
129.15577522821405
141.16344111971054
128.29287682773122
120.57867451328593
110.40006108287371
121.59271185934274
102.53693780947675
115.81744115737256
102.73977645270800
78.74961008480136
97.20006284236000
113.43976820178443
98.64078277834444
106.74233388531803
86.89181170168459
100.34583364421366
87.95081919167244
62.13976592589556
77.52172986515353
99.01505683981206
113.15393809179176
122.77427991775119
133.96763435144749
141.81454191440594
118.16145339157214
92.28430686783966
101.44810595208671
114.52205449200272
99.60154920117279
112.90987142755435
131.24219571398584
100.70308108075065
112.20710107257457
100.94160919457309
113.45434528781746
132.46203266087574
115.48653298714102
105.43854973467511
124.13591941099881
136.43637446829911
118.25344912902843
107.74130847276801
119.95262439714011
107.44494792821419
85.94700222771812
105.52497782762542
97.79514019650739
117.04736874158716
129.88010049961898
140.36771112746615
155.34129281713766
144.42711878326202
128.36636154965325
110.98123391934008
103.00192684846952
118.88040429218313
107.29914137294205
123.66443918534731
137.37559584798993
124.23889126335814
109.79832467998611
122.88365702897838
110.09141508661925
97.18151935842282
87.66832994597704
105.83024701606527
121.08577396543453
129.30102160248637
144.00114750805008
125.11969775764373
136.87590933352337
150.30943293502929
136.62327870713622
118.35237043498930
132.35103375228329
102.92943105440149
115.73855206980431
102.13073177110167
116.19862242766459
131.19924659289674
120.10662358465189
133.33437549122561
140.01579908071079
117.07544660649515
103.72528456425846
113.59623303139540
101.70737626510629
117.77386031802241
110.37729690820210
122.86529411078558
109.62958154665971
120.65405269896542
131.94416614698559
115.73246075994047
122.61727176766946
138.75232831068027
150.31244685372718
133.67381860123933
115.02690985185117
105.43485557463617
94.02575254080689
109.60132958865044
88.88802567653903
73.48052669894128
81.36967685136278
95.38370947136588
75.48345631227228
94.06542137644121
103.92625265902778
93.00253235022173
104.43698352213713
92.59354097886430
84.23172101130342
66.32260992009661
65.79903026900109
59.62620541257125
72.57993680975909
64.19560690508922
57.08137170577253
49.47039015023262
44.57308399845945
66.98451150193377
86.31545939730469
103.03717727614912
119.82854779170304
131.60977446337000
146.87277790790461
156.04315661378527
168.54690368415049
177.27036909529033
159.95208166137013
145.85731673491745
128.05170829974873
140.27863268019962
123.67488317025801
139.75797857636601
125.31734349113171
115.17293680527587
126.80967902727379
140.26813266663714
124.00801842658558
107.59294452681566
122.07434891936325
102.28203364448756
87.95147293336889
77.00727477380624
86.99879601081324
105.21322458392591
121.44833799212657
107.57923187535614
122.21900472064955
135.20455846573503
114.10172230403306
107.84464517423042
95.82049274223129
88.98519491178965
103.97431248746368
89.53191230309693
84.67198963670927
102.34443730238587
90.59465755433101
86.62273738475261
105.80486469869899
99.16119024414955
111.18619006336925
101.35148941587241
89.50579422725345
106.55166936802580
99.89777227243374
118.47858473194573
107.00374428614560
92.67482373160058
80.33729190439411
76.19823460191844
70.35761479752071
66.34654438711091
63.23161336112666
82.89007155611111
102.08429001353353
92.07208438895942
84.74217103907891
75.43911958967571
65.27144017875074
59.55161284828298
55.64476244947846
49.29054002182757
68.80043691293274
87.89122722385662
82.67960860158685
71.06505763689796
69.29797287322155
64.13427539295031
84.38336196790551
98.37152282377123
87.81705550463981
103.01975428524273
94.12437117992192
77.62772805851009
67.30573993292279
61.50964687739862
82.13526580915014
53.11220606422697
51.87223980067784
36.02256346409103
36.35277865218115
55.25249492419481
48.58832363590538
38.25790441070968
31.27628470410258
49.43305433281402
38.04315091930868
61.02959414864266
54.73130379878182
46.85173148850625
42.46579740197052
38.02507600926567
35.42473556227722
34.23181714563479
19.71176181555851
19.73767108201269
19.45712234803535
12.84201777337757
10.12830605438102
6.74538635441213
4.19875680379690
28.62565845071479
51.97301542322884
65.45407159068125
81.41640035484741
67.10427697607528
61.34174565993151
50.11650929617832
44.23254762933363
63.33970392103636
75.10450675272780
59.23782993743297
74.37035632201301
86.11253581483948
56.70726080875458
47.53373679408593
21.44947365737359
44.87639960775581
67.10195597725927
89.06866197203156
79.18287688334915
65.44281268702308
58.78631853069144
79.58258199695034
68.35865508786698
68.81705454048229
62.98645297127320
52.01885566237073
75.32709154994930
94.62189309337003
83.49445864267054
74.97166899307490
73.12588247029430
65.76455957266137
57.05961333351921
53.55984285617924
47.30102616829625
42.27870465821197
39.95527435923123
63.46243548111637
81.42076941336573
72.52571809938831
92.42030143428572
84.75775879797861
77.94861398295645
69.17759352345871
56.13628583714079
48.15269724805202
41.04763784508085
41.56651972457004
39.81041152989494
55.45669690445155
51.33932642796042
41.80393441104344
36.91901533245053
35.31614956041572
58.77182452590189
57.17875752855775
55.11314204586083
75.07554679707523
65.41493848883397
57.60100388046094
44.05546130596969
60.64629353326126
47.35932865469152
58.45647853522983
53.87030111765541
70.75346897164962
87.28439728551109
76.47315309242698
98.01600229869206
110.51659233175249
100.42050267040787
116.57155987565721
108.18869967628561
99.20616623795873
94.76344403100339
108.89243452238327
99.06190365485561
86.76322844856590
79.71502696343354
71.88650074403374
85.99792804654766
81.20470842828635
69.37540508125316
66.14348878451392
61.20720677129551
58.06814759527491
80.19514927939306
69.56858310304978
63.36178911593755
54.12977775206299
49.60006441385073
46.85359697879769
44.71336329397582
41.46227920209159
34.35809467680666
36.59101711718894
36.76052915163564
58.62344169152064
55.49334060511152
46.95204566441968
42.62336641244230
62.89129083834139
57.24172009734102
47.16553141958343
40.92170149774161
35.37480720911436
35.83588328255971
34.73668091384445
53.79380381658915
50.40406502596333
41.85335194985787
36.80101999792890
54.03897176005179
50.89683009584518
69.38797538812037
44.96715637514787
64.34620416985526
55.75327656182899
78.98374041521571
67.50956013736585
82.65771856031712
74.28340822511838
65.80406982308260
62.87425030049118
52.69449251757898
45.16368553771368
31.43776548634267
29.39858785873352
25.76275236980738
19.14867995716076
18.42422976940787
14.68249906478416
27.16934434588353
20.39404213176162
14.99111234443595
11.76755135586249
37.66280146632491
29.41437810307870
23.05375285056582
46.39831918305434
28.01593268926705
28.74550721913344
24.12186238434222
20.12311509413681
39.79199787134137
40.36911503856603
33.05434883334987
31.55215177313581
24.78271723570996
44.36544195451459
65.44058398749037
83.66793229089463
94.08350302993875
80.01746385824308
96.54213906696941
111.20207659409242
122.08719497497201
125.49638748395373
140.83426244909455
143.58921185829712
156.39879992454749
140.60744039838869
149.78858021403425
158.51909241173675
139.94370366656625
151.43960799129235
165.15672913811770
147.35875549021983
129.36231868347517
116.46065012857426
104.09685646653071
92.45823816968337
103.73759794538984
90.22004270747566
106.52286856504753
97.25360749623692
81.41402485411983
73.81768625270558
69.53942949711502
57.82648254952748
49.64947118861275
62.91204821720574
54.02569029112112
67.48444410429205
63.21560833403015
57.11842254988023
77.45577746373027
71.48595031208411
65.64030677395604
81.29332185211766
71.57128958984197
59.89057214736378
51.20712855096089
66.42655497735770
85.87272181759616
67.39718551566864
60.10106494994336
55.24309241420827
53.02588248486965
33.12099154049249
28.91639425451692
4.83124082121439
34.82185652131058
30.52857559151104
29.53347927370305
27.70931430542079
27.09005267039529
17.68178042556872
41.74824705632812
41.47373583096359
63.24698361350907
56.15634295761785
46.30733760648908
64.13190884029106
81.18393960238535
91.47959745896708
84.67935371792025
80.35251673900788
71.52403648472300
65.23898466948684
79.09633577765103
72.79522889373466
61.88475237824109
41.69447291136458
38.40811729150922
31.31363850779913
32.66976017713493
17.15251038835128
12.07905145146295
8.35249132706710
12.33387576700438
6.35370780533739
6.32889886428070
5.48473272490869
29.16106706334919
25.66379715180412
19.00899302563494
44.03162753130506
64.05498388989140
53.88689705186807
71.63583417107358
64.96908754688030
56.35085964202314
40.52870087323191
40.81607220493795
33.63345863191731
54.14050545963050
75.82389334618549
71.60257111712768
85.65074218240574
101.65758881878595
90.84468032002299
78.72156149646793
98.02646539093381
114.00796897580040
103.80344155018207
92.71341465928141
78.28981474857842
65.79795175939454
53.30547475994317
48.53150311334399
42.39367392476774
39.16470064271081
35.95073580095757
34.12283235313823
32.36389588205249
30.06033475462812
47.01729127883131
30.43467709457564
47.37562370406407
39.55866331564361
50.68332677255873
43.76522596504899
37.81198163255380
58.97920952288791
49.92366972421269
45.97142772055592
29.99164247587220
26.98914142284928
47.98805477138850
60.67532712029976
46.15898041499928
33.59589729723677
23.03715523347017
38.43675183307518
58.28967897669048
45.65016530306340
40.96345395657908
33.34924187771772
53.17847117963110
42.06271198757717
32.72611984617105
20.02866142861700
16.06201473090819
6.72101382121955
-0.59236484816461
21.55287335115004
16.64991236364725
35.12940638986142
58.35479513388374
77.38697596385822
56.35711840854226
52.75704545215617
75.55050267523745
61.32818171091556
52.49185217227040
50.17117967844936
35.45735669571022
48.71653322734196
36.96872002706186
58.79402554847282
79.33780827738323
99.76836500375737
80.81279333527252
93.18721266269715
72.95434632389814
56.55555823421434
55.32837859938831
34.06701973729828
30.74199500440308
26.35711242872098
43.54023025043630
39.38627251792748
31.80493327812738
15.94103823046645
6.01724894289527
0.59155639115794
26.50981387911942
45.93873549635970
40.13707863933944
58.22958288718688
81.29662722315490
98.35804244244898
118.03767559250761
131.04986012697611
147.82550525489884
129.89374025747281
136.88889252955440
111.14734572597638
125.18428574463658
136.61351697303854
149.73022728933299
137.69974386014621
126.17215051868025
140.70710696723816
151.71182390434149
159.88700135614138
167.97370270216410
176.96128183351300
185.68951624131194
167.00149723288982
148.45658390335061
155.78796070614109
139.03197116009719
121.56986390158957
106.88837738784336
94.03019882637301
86.17011164357969
83.10841008268056
100.15759674402862
90.58611613683597
110.11354415168746
125.12043761708279
138.68575281452149
108.32581411200216
99.45856489270818
91.75974767535502
77.35156553881596
94.14971645242787
85.76336345191093
102.15374133107593
115.05941372213370
107.98018591015931
96.83895139343664
91.38554604774318
81.16662818395348
101.43388708975436
92.19090361960542
104.74273867974892
93.28451576164575
86.91027247845689
78.22128481971532
64.83721723025829
61.85072296607213
84.59457655704139
103.23357830165418
97.21554076146779
109.96260363131252
101.87530852812465
97.56234479454041
110.21006590384447
127.19948567282188
142.60207076771567
148.09193270793997
158.62196424336884
169.73030874984022
178.11375805285149
189.20072503845560
168.19530483643516
145.14519307988465
129.43731985242141
111.61145293928348
123.56794672359422
137.79648176481027
147.55449518210153
146.94594903226459
162.26269423290969
169.12630981755498
175.78287095941027
177.26781910268335
153.07494847054221
157.92571226300595
159.10649764922314
169.14714161333202
176.25247532521504
160.00248394020065
167.60154729448942
145.00940820975632
159.12813572018172
142.85334194135720
124.38572148507812
130.30776320045132
116.83103829898045
133.74162715205767
136.35914299061477
144.55506321862075
155.52835932602551
135.74252123599561
144.03136479486551
158.22374860689490
141.71424383404550
155.64619294451580
160.68111936398080
143.51267305808940
156.10096190825820
155.54020487558304
159.89257278280081
143.26358901104607
155.51233015771302
155.55986424206944
156.72336799019706
161.65476537007470
164.12072720577117
162.42129284100167
171.64119499035974
157.46295961922399
164.97779836390566
133.51234261971558
114.35955866449032
131.57461374287868
102.39416777958729
113.54672115185011
129.85965334986429
115.21913125045006
96.86515874308952
77.51355329094366
66.74812460266068
44.45912190690936
35.04544940790088
24.05961164657527
11.13541324432655
-4.28138176972922
-12.29363593584387
-25.45574684335967
-31.73167004044359
-14.26170161221152
6.88301926103397
22.11766586587429
11.05609673860229
0.20461376510049
-10.09316753357294
-24.54704610633631
-22.28660978312757
-5.60355696170236
-7.59291585937428
19.55769988752406
3.05077711368224
1.92806278465131
-4.77518485996999
-7.83278684361431
11.87165430460779
4.22493259127287
28.51305180088516
47.78761999992649
69.95235797961205
53.07873993970280
62.42934790075513
73.12494436835578
65.75435667383749
80.10013961449428
69.98815016853844
87.08912638834050
58.19600121707397
75.04758598211805
92.58184628862497
72.82220773630708
57.08682949145797
35.41270949565397
24.31763644513380
18.95010370646601
11.88054137311632
38.58770142119656
56.06506341363030
76.64674856619695
61.96909421548606
81.60403117112337
55.87900970053171
42.52854472355634
63.11255864369123
43.72861561399883
25.47097196200582
9.03558450286525
1.40490571833641
0.86995303044812
30.10993062172932
17.05425286898220
16.42157376848687
7.91058620593301
4.39498434700466
-1.71589071144272
-19.54281576443465
-19.32167693288538
-22.32576290016363
-25.35225732478942
-27.04429238324647
-40.31229376998562
-15.42323793993438
-14.12808839517180
-12.86761479193075
-32.72560521201060
-4.65567246412802
-9.53820600513193
-30.62183225877626
-43.42562089634825
-45.72242875071098
-54.27120688665460
-53.76712227938629
-53.86411170014644
-64.97884969427309
-70.71172391976978
-67.80096938946060
-65.95269361004453
-65.20497843803871
-39.30002571038397
-35.07074741130606
-38.83860316345732
-39.20273777467419
-41.53270263950300
-15.58445860943436
-2.27750444192762
-14.86732299598719
-22.34221342590422
-31.46880353295299
-5.14324796827518
-11.37331700118530
14.91234637374391
40.94160000592178
31.86027194094248
54.76364177454385
42.12378767911684
33.55480443770068
61.70978191055219
76.55686334212831
69.62690860363010
81.41592632209526
92.30689715785736
111.07540785408227
128.48091626920257
144.38723100596690
155.67385298298811
138.11713846945312
144.98083238774871
155.64012723988841
167.66610646906466
133.97952918263161
106.74941183304574
99.07959664983760
87.13860553497867
78.02509295158231
90.55394892437093
76.71091239627548
45.72609007150092
34.60037457571156
54.33724734854523
43.64568879615241
40.19888996132922
34.30445862890743
57.48827724981514
39.03729691316811
23.36991334460786
44.53972503761438
25.53047699766276
9.57842526721891
7.51748842585031
-0.54505872681214
23.34696952241875
14.94809321540800
11.23772574294001
4.96868636363797
32.58378994337531
23.10618276650396
49.88450154494079
71.05452571090515
91.91387954030286
104.13499937941009
89.37662488782537
80.03304794318851
98.00165010639162
81.65585376829301
94.32192594708745
79.72183910086044
70.13691254856263
47.85721255165471
48.01312422722127
39.07886741422641
31.13820716837453
22.72815819573627
19.01527797248509
41.71119295898295
38.24495488533835
30.40857890599023
23.24346171288570
-7.54724683778876
23.24041319180908
46.38714503968050
66.38599717869759
80.62782277909827
96.12476760569274
81.88789012004770
97.30562449497648
89.73753705308515
77.97823785205657
91.54539941233797
110.52530960439884
90.17327321273092
57.02212569245799
78.05644437963690
66.44111573523561
48.24105463662135
68.15023438638661
63.53307068917463
56.70319718084068
51.27172583889787
70.85454705788908
84.29719916948775
100.52138602980919
89.52662371472860
82.94186099076278
79.28009841495592
102.66635346745058
115.89617495372802
109.18900443930285
102.34952486272455
94.92770254374894
83.05618182183930
77.80241589296912
71.34879492335648
90.56682999635886
108.69167405128142
98.75030073724007
87.60711127279197
78.67656139476797
72.33505088036411
68.78480089770160
89.57004789795059
83.88855608403777
76.47303390519552
74.95013442498839
71.76169912107271
64.92904882504837
53.23469451739457
52.48988716973799
46.84876396158049
38.85154436708923
34.84203372688576
34.60807370418617
27.88585562751516
30.27288942406477
27.87763679677333
27.26113465535787
51.40601585438689
40.18094092805217
20.90297067553876
20.70910336486166
14.10622288605700
39.25163576829634
60.74481693912549
75.15896762365074
95.29691201133009
84.60986906360738
102.81007620391782
117.44406468247563
108.21599758015522
100.66469529685315
116.15661351449664
103.07937132429917
95.18497754081169
112.74490456337222
125.64933990059721
111.91608014347590
102.35693604892100
95.31928936193728
114.62563322719906
129.17036496768827
121.54888726144152
113.24672129725120
99.72460635976520
89.15214043857144
82.83251339285061
97.61404042740303
116.36065212401704
105.01081029588146
96.18875539571370
86.19019551603340
64.78406175360456
57.51957304874592
76.88583733309500
96.48598163623156
112.89769763670800
102.08437846974581
119.24981071434517
113.05899222029714
131.24432919309848
118.00787681230108
133.62195120083754
143.59029087831186
152.20888210706693
135.95435405077103
148.50296170551925
138.61611745175296
149.37929433116327
157.12095501323725
162.71409319162012
146.61672722299804
158.61809083814063
162.02283140936086
172.34701698745238
177.71294049398045
186.51684142224286
193.17393222213872
200.03224721802587
186.33278427665951
168.46350311446352
175.32605509674087
178.76766329310135
186.70442477566681
168.46577690192717
178.89865133080940
186.51394733570996
196.24573075676003
177.07671974338683
146.41222637969844
150.78204380908045
167.10796312495648
175.69055008010605
176.55792625426540
155.61428922316196
167.02487979127514
176.96443307405434
184.34479330436815
163.34562242791435
131.95436244391357
118.83850111589865
123.73271517489519
107.44629902970746
93.00388297051624
80.02492883413196
96.05990579771056
104.41754588330433
122.45048295524714
108.44416140042657
101.89523217044473
108.89173386829108
104.08471493166509
125.20372653342832
139.28209318732101
150.79799967978704
163.54328138465073
149.44739961130372
156.11679365022019
124.45343139241878
135.30189209835510
145.85627018025039
150.48538153019248
165.89251250544646
175.14042151887259
180.54877441033793
187.70348368619213
188.91671905231752
194.61177115954649
174.98525486810414
182.84932674269220
161.81190549899239
170.28479932400398
141.34355396898260
125.77577420997956
140.96770076317330
108.15161553935080
92.49173542206408
102.01621135387114
89.43974800131033
81.42980224672584
90.65727411402891
61.49702839120830
37.56955452016631
39.36041277724060
60.88158082060284
79.92143127893308
99.08973004121592
115.36925390219940
125.41911546222425
138.38644237465445
128.08809520213228
114.55841938883891
129.30174619463094
115.33271353910689
131.76492361779171
143.82058687029837
130.56909371033123
136.53347688793809
123.25563605792432
79.20538526932859
96.17864656709285
83.03936792702875
99.71049654917255
118.97919529396994
104.15861599823380
118.74751580444779
109.09717460471875
118.36850253258501
102.84157476639896
95.59893731511818
83.71762381902481
75.48775374438769
96.16620449811273
90.01687458839193
80.72394698788580
71.38703763543018
65.37121532293806
81.51462491853020
98.39967786838223
112.86649951359131
100.42542131415796
85.72070861884551
76.60885957156178
71.41353456446421
85.72481722890487
79.60500651225709
97.45722474667241
114.25013315874331
130.26696425499543
121.88541151721715
132.85817093304018
120.52252431284741
102.39989770948583
89.94120211150063
86.82870979841979
79.66535245453807
69.11094321565608
65.53614072133273
61.76131975494955
81.02440957553037
97.45666347968121
114.30302721101873
126.46831602673257
141.22834548131306
120.35968754561635
130.75117902555132
144.06839606008373
155.57229143787663
145.21025616625852
158.41755758759390
144.00567589724099
151.61572649382452
139.12851116299555
150.15956381404979
137.91898439369007
124.45238439348829
136.09759706512975
148.52476476603579
158.59788449502705
164.43721717791300
148.95036283908220
136.93923933022330
150.48123875646891
159.82312385898882
144.05676944945918
129.83439764429039
116.21075093675904
103.16075097615915
114.54443666275493
130.08759108200547
118.26164357668193
111.39045544633230
97.24828074721627
113.16553566820444
129.76691581869392
116.87378637902872
125.86597161215369
116.53479329687306
100.88969842822105
119.09004284067848
135.24824605299602
149.74619127164735
160.93293489515187
168.10560534194616
176.90920995806522
186.30109070135143
171.41896337293431
180.22613626685148
186.46224972689200
167.34447331173416
178.56283088656244
181.49490651369911
187.44144684328964
194.24381701044092
199.50596765734866
180.00626358067746
183.79825254461363
194.57790744278705
199.50225790195356
183.60770126517656
163.08296509828145
142.34373692643578
129.11313444614927
139.79670455520480
151.42314717895516
138.62657153481337
153.69706715812129
165.93894532604389
172.48535420095865
178.19353042673367
161.57357921497854
172.66599561401131
155.46001174832452
165.99061408353714
148.58512054914914
163.29494300848219
148.21365136805790
159.31097041872289
146.24322799155257
158.70641507625578
127.51832285872609
140.82702987756090
147.75505975554447
130.77632037826166
143.84318337883940
154.89673964992556
163.10383020447330
170.00092437768771
153.28723790652913
164.90265024773836
147.45840665934483
133.78603655423558
137.57119318615634
150.72525710307812
153.94989925959052
166.68574980057934
177.78193032471123
165.98610456761773
175.63525867686025
176.78607090902682
180.71576836351161
159.23713934419348
142.42686409072041
132.29576825784426
120.03264626626094
127.90541957693415
141.72603952454253
142.97837601479779
157.02604061511886
168.48750448668139
156.31945904166986
164.08270528731904
141.65208636281926
130.21663398648445
118.45367221907694
109.96681589106161
123.66763918119388
137.12458405036489
126.34724660062854
140.92083604171373
124.49599939436121
139.64987710912337
150.82580484785399
162.34217305130238
148.55520013508030
160.19241089676461
169.20548829631565
178.98222772760928
189.52399930926762
193.09250431039291
193.18729424173699
196.02002080886757
204.69428488592251
186.67455827873803
190.94425379166819
173.59820847430871
139.10379101582225
106.87971759710344
113.20817093507343
96.14040939614523
106.90785269772158
122.80844682704640
135.43079918401668
146.68641436910650
161.16415134875257
159.60954612030690
145.03696034077660
156.92093555564003
168.48394949001556
174.06771507874313
176.35364581814292
175.10064945685954
185.28121941809187
190.75382514158474
194.00573977182302
158.76091999494400
165.30890030495010
159.03958758831800
155.12630374701189
158.98557550184256
169.58164539060243
176.10235368341748
177.77932220718577
150.54630818242964
161.33571925526766
176.44212407891501
186.73177436782257
195.25146576386442
197.77834566903107
200.60846263233825
169.32038828076364
180.31704603625656
155.40967567260086
163.00214613140861
175.66019175420610
161.92287683367394
143.60335630496951
153.81263747950464
156.86032427778451
142.84522160098692
157.03053272466880
166.71523021549291
178.02872263915640
188.14413811451561
192.05845644639032
199.35549106935474
206.34261547524198
213.96663535248169
215.06453551452674
220.25759616559839
222.71688924893459
231.39414594156676
207.17592732366930
209.39071786023291
191.41442296127192
174.33592260782251
178.71969642478015
