-10.00000000000000
-8.00000000000000
-6.50000000000000
-6.65000000000000
-6.78500000000000
-6.80650000000000
-4.02585000000000
-4.12326500000000
-2.61093850000000
-2.64984465000000
-2.68486018500000
-0.11637416650000
-1.10473674985000
-1.09426307486500
0.21516323262150
-0.50635309064065
2.34428221842342
2.00985399658107
1.00886859692297
1.40798173723067
1.56718356350760
4.31046520715684
3.17941868644116
2.56147681779704
4.30532913601734
3.57479622241561
2.71731660017404
3.84558494015664
3.86102644614098
4.17492380152688
2.95743142137419
1.76168827923677
0.78551945131309
-0.19303249381822
-0.97372924443639
-0.57635631999275
3.08127931200652
2.27315138080587
1.74583624272528
2.27125261845275
1.94412735660748
2.34971462094673
1.51474315885206
6.66326884296685
6.19694195867017
5.67724776280315
4.70952298652284
5.03857068787055
4.23471361908350
6.31124225717515
4.88011803145763
3.19210622831187
4.47289560548068
6.92560604493261
5.03304544043935
3.22974089639542
2.10676680675588
1.69609012608029
1.52648111347226
2.27383300212503
1.24644970191253
1.62180473172128
2.05962425854915
1.85366183269423
3.96829564942481
4.47146608448233
2.92431947603410
1.53188752843069
0.87869877558762
0.69082889802886
0.82174600822597
0.83957140740337
0.55561426666304
0.40005283999673
1.56004755599706
1.90404280039735
1.51363852035762
1.56227466832186
4.40604720148967
2.96544248134070
2.56889823320663
1.51200840988597
0.96080756889737
0.26472681200764
1.23825413080687
0.81442871772618
0.93298584595357
1.33968726135821
0.60571853522239
3.64514668170015
5.48063201353014
6.33256881217712
12.19931193095941
11.07938073786347
10.07144266407712
11.76429839766941
10.78786855790247
8.90908170211222
7.41817353190100
7.07635617871090
9.36872056083981
8.53184850475583
7.57866365428025
8.22079728885222
9.49871755996700
10.74884580397030
10.27396122357327
11.94656510121595
11.55190859109435
16.19671773198492
15.87704595878643
20.48934136290778
22.34040722661700
20.70636650395531
19.33572985355977
19.40215686820380
20.26194118138342
21.63574706324508
22.07217235692057
31.56495512122851
34.40845960910566
30.46761364819510
28.92085228337559
30.72876705503803
28.85589034953423
34.67030131458080
34.40327118312273
32.96294406481046
39.66664965832941
38.39998469249647
37.65998622324683
35.69398760092215
34.62458884082994
31.86212995674694
31.17591696107225
29.65832526496503
31.19249273846852
33.87324346462167
35.78591911815951
36.40732720634357
38.66659448570921
38.89993503713829
42.40994153342447
45.96894738008201
46.87205264207381
45.48484737786643
45.73636264007979
46.26272637607181
52.23645373846463
50.91280836461817
50.02152752815636
52.01937477534073
51.11743729780665
49.70569356802599
48.13512421122339
49.42161179010105
48.77945061109094
48.70150554998185
49.93135499498366
51.83821949548530
47.35439754593677
54.11895779134309
49.50706201220878
50.35635581098791
56.92072022988912
64.42864820690021
70.78578338621018
79.50720504758917
104.05648454283025
104.15083608854722
96.53575247969250
111.88217723172326
112.49395950855093
118.24456355769584
138.72010720192625
131.94809648173364
152.85328683356028
152.16795815020424
150.85116233518383
136.96604610166543
124.36944149149888
120.93249734234900
119.33924760811409
113.10532284730269
103.69479056257242
105.72531150631519
108.95278035568367
110.05750232011530
116.55175208810378
116.69657687929340
115.22691919136406
115.50422727222765
116.25380454500488
118.82842409050440
116.34558168145396
113.21102351330858
121.88992116197772
123.20092904577996
129.78083614120197
157.00275252708178
161.90247727437361
158.71222954693624
152.24100659224263
150.91690593301837
157.22521533971656
156.10269380574491
154.09242442517041
146.88318198265335
137.19486378438802
130.37537740594922
119.13783966535431
116.02405569881887
114.62165012893699
114.15948511604330
115.04353660443897
118.53918294399507
122.68526464959557
152.91673818463602
158.02506436617242
163.22255792955517
166.20030213659967
162.08027192293972
154.97224473064574
152.07502025758117
144.06751823182304
137.06076640864075
133.35468976777668
133.11922079099901
134.60729871189912
145.34656884070921
143.11191195663829
140.10072076097447
138.79064868487703
136.61158381638933
132.85042543475041
129.76538289127535
127.18884460214782
129.06996014193305
128.76296412773976
127.38666771496580
123.44800094346921
120.20320084912228
116.28288076421005
115.35459268778905
109.01913341901015
103.31722007710914
98.68549806939824
97.21694826245842
95.99525343621258
96.29572809259133
96.16615528333220
102.34953975499899
104.81458577949910
118.23312720154919
121.70981448139428
120.33883303325484
123.60494972992936
121.14445475693643
119.63000928124279
118.66700835311852
117.10030751780667
134.29027676602601
142.46124908942340
154.91512418048109
162.72361176243299
167.45125058618970
200.70612552757075
