-106.14180223817962
-107.28250086251948
-108.50640950501443
-148.25699673177559
-195.65320291285184
-230.40238917297143
-262.95460499794285
-300.94967282478399
-340.56348900447142
-362.82444996516881
-402.19119912752814
-401.18668078605594
-416.85142138432889
-466.93850195772450
-461.59113646634933
-461.93146838050757
-449.88696826684503
-444.72924715050380
-457.36344499381374
-500.18175641263429
-496.68690872030726
-488.16056951625404
-532.12534534393069
-515.60529695104037
-472.25378387940827
-438.91198894485672
-431.62370099353632
-398.24684916722663
-373.63684083683813
-350.28172573939531
-356.78695339674567
-361.34953506610265
-348.87206413691462
-351.45728026387741
-334.24383917505378
-314.71296812437481
-298.23247888897129
-283.96453896584808
-277.38514807203961
-264.05672124953662
-261.72553250248092
-258.36819542830870
-242.94362581066903
-232.89482664303432
-225.10562128131338
-209.04096969488253
-195.19229575327662
-214.39009659377535
-202.04173979831984
-186.80746013613805
-196.94438769157682
-194.67980929411283
-211.49365856173196
-218.33510986811379
-202.08732673951150
-196.99278704798354
-191.20757730895824
-173.80695132139559
-173.52913999550364
-157.53293779444701
-159.78253090320499
-150.13627259899803
-145.79616258701117
-138.86823861487949
-134.38571693854118
-121.40168851704162
-125.45368551728910
-121.69757089107782
-126.96592571935376
-129.08858885840161
-126.69586143212699
-127.95631600160935
-124.16282730446845
-125.13813105456209
-118.39724144523431
-116.98416411276939
-117.22882513035482
-122.78524279384234
-119.32985457502522
-122.80090689073567
-113.90026945515903
-110.07162386289168
-105.66228242518090
-105.27359759588690
-114.90156467251605
-117.86917727660833
-121.12140114220185
-124.72089818324045
-118.95834042957148
-118.73881953155653
-121.94118413784572
-119.81009774165851
-116.44048974873850
-119.92838859373086
-118.08525242132295
-141.31327346201306
-142.18551371369750
-144.80043511090815
-157.22085887265231
-142.59061945033577
-130.45441450879338
-125.10871293291891
-121.85518150493442
-118.80773743589710
-119.31443450301877
-119.10112974262640
-106.60011504479738
-97.42248706491375
-98.55070973825626
-105.49096454913347
-105.13345923643149
-95.10908545401207
-91.90930250143580
-120.75981758906642
-112.68178192675259
-104.56335750163556
-103.61628105991059
-92.04307515922214
-83.52290777373146
-100.73365500085953
-89.72851086776922
-117.98024333903234
-134.79505094148271
-139.55075204084218
-131.58062961921092
-121.59209064970644
-134.66961543322248
-118.69370008415348
-107.95128180987602
-97.48515472479333
-85.99123081097477
-73.07581582395611
-67.95889356956877
-63.30295750225477
-58.26563617955576
-55.33614882908748
-48.79293786838488
-48.56989227090203
-44.25884420873907
-43.24542721261484
-48.59578226718091
-51.66903164078953
-52.17274973832651
-45.72373604595904
-43.71555628574783
-48.80524587993899
-49.70099284146787
-50.51722276400333
-56.15624563296863
-57.69005185153151
-59.36986191409802
-55.85245717256126
-52.66014600474423
-55.24559810767209
-57.70580633276276
-55.33394922824967
-57.56643387681201
-58.26391603471045
-57.30356980149182
-63.17935721959906
-60.47874212089791
-58.78594180931347
-51.42928567759728
-46.25555162187025
-43.31658922565496
-34.57494137881060
-39.46662415738318
-40.73382536728643
-36.86934431858143
-41.41014762185192
-40.13988873156686
-44.64355708035747
-59.18830806341519
-73.45336749177764
-95.09871412663171
-104.47511929675146
-101.13987640500471
-111.65073496245107
-112.75354868638334
-120.08732535043499
-121.62966631626266
-123.69644850009946
-123.02851198886206
-128.32289533109292
-151.77116077617563
-172.23924206569319
-163.89966498121126
-155.51082990464721
-169.58648710509485
-175.36195572423406
-194.00488923519225
-187.41801752057808
-175.98502059297343
-177.36107570174784
-168.12358235908968
-163.57728366350310
-150.76825128358186
-144.25617489083314
-145.29625179932097
-137.16585915530879
-143.27891062943212
-128.09278228270225
-113.89265917334338
-112.48268833586597
-102.13690617882774
-95.32431577162809
-87.24437924867212
-81.84546418699335
-104.25651541002972
-89.06268786100983
-83.94341220525421
-75.40179068699422
-71.14678782635330
-67.06504183592226
-56.88962297540346
-50.04660539444313
-46.48216600133946
-56.00394877063451
-54.29532074024406
-57.21488425680386
-50.36681484697181
-45.12709453751087
-40.40416322219698
-49.56239105745608
-47.53638900048659
-43.64451099617899
-43.31511672953148
-47.35715904307476
-42.70715325197872
-38.10915097008934
-37.76693755692021
-58.07493815921414
-60.36445429928403
-60.33477308066759
-62.44269184635118
-64.08365914791747
-65.33608435372881
-72.21007437693541
-69.21849012930866
-72.29938288603552
-71.60241369334284
-71.26618774621217
-70.65898157541433
-68.06907587513953
-64.85255537580655
-63.92156415369752
-64.59749759666482
-64.48578176966910
-60.61700903952222
-60.50426200292498
-66.40271014803955
-66.32294812195271
-61.32527984185972
-62.85712479406638
-65.64211826735902
-63.91788125198895
-63.18243885323756
-62.75819736153731
-66.25623172239499
-71.35403046012348
-65.61249978066363
-66.66159947849613
-66.88442396835211
-66.63495769490036
-66.05102540628373
-63.54393428725304
-65.85151501599434
-64.81208654130106
-63.07875043540117
-58.69368846755511
-55.40318371143740
-51.51989034728177
-49.58196142901018
-44.84192873522609
-47.70434876528955
-47.00257237258645
-42.75212248791552
-43.76904798240260
-47.88885519148460
-46.66819307980414
-41.28605935783089
-42.56321350127906
-35.40254504649001
-33.89398217689309
-32.49640805357390
-29.28411258175701
-31.38024944596860
-29.29952065785337
-28.56212946733029
-27.95136578691232
-39.71459877328901
-47.89562516718098
-46.30519089960955
-49.47640670790842
-47.22703302733367
-54.70940973825163
-48.77152288503589
-44.27765564342590
-40.28858073994174
-37.64813120618318
-34.57010611258694
-31.29554100371602
-28.61911096934681
-26.92535156952232
-25.53979462653774
-23.94862467759371
-20.75762059839872
-48.86894419690539
-50.56607008482406
-52.85827523087833
-47.87202724285172
-53.08494573471539
-59.41814702069910
-56.29544621483135
-50.05694223326469
-51.20534753782080
-50.95606170779460
-50.73838243119832
-49.40663765134558
-64.26417331184240
-62.49492422382004
-63.88462542909977
-62.13378087790062
-62.88686424334591
-63.85068883281354
-64.27829805375715
-64.70668917272928
-61.25703597214369
-57.28503928530019
-47.93939174783323
-43.11942275701373
-38.90340433238634
-56.38548826926087
-52.13190692983211
-49.52816695710396
-46.19267646154555
-39.16656655911749
-38.36813234952588
-43.18748186300132
-38.85355243238724
-35.78923072517313
-31.36856065981691
-27.07427115494031
-26.09468962792501
-21.34992351433688
-21.00832926198267
-19.70139868235329
-20.62282934019113
-26.06359406864658
-40.85268733950652
-40.18974331497937
-43.17230247026944
-53.06248379381346
-45.36545807634216
-44.65923347412319
-38.94471653669741
-29.95058940207723
-27.18804498136347
-38.68572693240347
-59.00878962510937
-58.02813284946429
-54.76508217543026
-44.50099927566311
-39.83435391589467
-37.81146019072305
-32.54064292174200
-57.03035595857467
-47.89514254002071
-42.23893345758760
-39.16176752239959
-48.43030306292231
-42.95602612506642
-38.59006839667992
-38.32916762624957
-30.75716572235264
-30.12012695080362
-27.18602806975771
-23.94101720228025
-36.64831357520260
-31.56886186778839
-26.05610996490178
-22.27179774559213
-22.32175488755092
-20.07454477931895
-35.81539956422169
-27.15612338126789
-22.87397777181553
-17.55510933499686
-22.10237402058643
-22.90739248225801
-17.87813350214540
-15.16529614052535
-17.61161653044558
-13.02378887781004
-9.24929694622640
-15.07295388260948
-9.38271256085375
-10.23176237343374
-11.88521138436744
-18.67858020349306
-21.97216306222091
-27.55295121806812
-20.64254855254218
-14.04013018703880
0.21724534045027
1.13332998536196
-0.68350321460454
-0.01192625371009
2.66041368230940
5.51023584713984
17.07522462547086
14.77137901093310
14.74566224499546
-4.73179780066040
-1.79277333923489
-24.33239403601229
-22.86849534602631
-24.00732032513808
-21.93455688281254
-26.05372205727047
-28.07702900024939
-27.45934088993001
-24.27542881779086
-18.36659406309181
-12.76018309243872
-15.08689332825326
-13.07030995763638
-11.64864122389025
-18.24510683917519
-20.01173416638207
-17.46427842843541
-11.36481354822739
-10.07048878763248
4.02898153045998
3.60081779452464
15.04493185877727
6.86037852066136
7.31839761524323
5.04623010065854
5.87492991470941
8.54884278897995
2.19142844291752
7.07290556937821
8.07023792413738
9.47617738271684
4.75540238713316
5.07792587467206
5.31655989771250
-0.08520506766810
0.76405101459902
4.83150607570730
5.04232503543869
4.64133743875703
6.28991097561421
4.16725134924212
0.79217689889519
-1.03377267966417
0.80940278203539
3.24304710782604
3.84176248327495
8.02249767008883
7.56529950633394
4.51874632275279
3.82905266899565
-0.80618163262100
-2.55859643344387
-3.05228315117663
-3.27462447900416
-20.80125710671285
-21.93561106514653
-24.44575984763056
-27.75632698331733
-23.77077438142688
-28.67766514584119
-26.22740787009684
-31.76970010324009
-20.65383725027187
-25.02968480913765
-30.48467362252918
-45.29160830123596
-39.41881861955741
-26.60262056715188
-29.72353344808240
-21.22300082629507
-19.86652543652152
-27.65693627571612
-26.62602099022137
-25.16694521737535
-15.80405380097451
-3.04163401359491
2.57149893593489
-3.42741758805978
-2.29408833754999
2.19206013152974
2.25206045548643
7.33763394249894
3.08993072379118
5.76515078549704
4.97201263283383
1.79011281082224
9.00528704230045
12.38599331295231
15.55903330172920
16.47251515882268
15.79433000813211
9.07852726076857
12.13262722238323
11.04231816407682
14.30181806845961
11.75728741804513
14.79791867802195
17.30203921442638
7.44923080437692
9.36492848777055
11.60755285100489
14.88423172150434
16.83021509294494
14.25894655729168
13.65285362868117
20.21349744859208
14.96457821686890
12.99026831415654
19.75603251572372
19.39234542006114
6.32679061695845
5.34831512617593
5.38387390690906
1.89442322694915
8.57986383144543
6.57852988544793
13.11843704406355
17.97144813537038
13.62364369762030
14.79188649716689
18.12030271365853
14.70396234767270
11.26444906519461
8.44901626932088
11.69470619403593
16.25993857434968
18.97462056492777
24.15559781182660
22.50593791728976
31.40731993610398
27.69329782888491
36.67290552965487
31.89298074537165
29.48667260468160
27.23187578030987
29.52423574764223
31.13126101950235
28.38311962929915
34.69987909209468
39.24878751593545
45.17441829076941
47.40621972913395
39.58098759999655
41.48882377222471
48.19368018389800
36.69024051836490
30.27345409734139
34.50006549228786
24.49341553475271
16.85697780041420
6.05258547686767
7.05969529246490
10.96174076579611
16.53760609446283
21.14894066182267
23.89224189892877
28.73699701136252
43.85222170481836
45.33232807874856
47.98969035586628
14.19148402650687
18.52660029089900
29.04794802324666
21.42509448750215
23.65707783943425
21.21897896693443
17.96473656361997
22.53026420325597
31.55732062354589
28.31444927328230
25.52499165590777
23.61417765468648
28.50424133774999
28.94536636890461
29.41656397357798
19.79913064913141
20.28690639172606
22.87478001510985
21.36209476509978
22.02751701301091
29.94334376649367
26.39503966139963
27.70735087582952
27.36325251577220
27.58494263924130
25.89639157503377
26.77890848843866
33.22185074413029
34.14806071905322
40.75125193491611
44.99176387367677
58.62595448033325
57.04549658202592
56.70852564489643
68.69802596552611
71.00694519316274
68.20429136383467
67.06537290946977
64.79230866470040
70.62841421485106
74.39066011444926
78.82160044282149
80.49638574881502
78.14032744426994
80.61406169484242
80.85794918079240
82.15636043242920
86.83523704981812
92.87600603578940
84.20671758416954
88.05347780604620
98.54379794648565
86.90974123434995
100.95834860666588
89.73098668553205
78.40888812310959
71.14795045591451
94.42657961369520
109.74780260590629
120.96661928539267
135.66286261011902
144.98803464492832
136.00337088696588
146.08420854366452
161.05336266976533
173.35437265223095
179.30359929901533
160.15025294517969
147.45461380914526
134.91592850828670
119.94609665412723
111.79583351181090
100.67776272928941
92.93083119095751
83.01446313196912
73.23564111350099
68.08540388336944
85.70626750169774
76.71739559735300
70.96027545876781
88.33657265638575
82.76648215171775
77.32731238848037
73.41455047475264
92.36178287214891
107.81138521221749
98.29946334347100
85.48297085061145
79.62243736881962
74.67826082101112
68.84170875879337
62.58015619714055
82.36720141496730
76.07221602792634
97.02435949878961
111.93769735198360
101.72825138957735
116.87950997060575
123.95758280353267
131.32191005705056
138.80265232661731
128.82477730104665
140.83816117658782
153.68631826668184
164.96403939174570
176.13617973245360
172.86273520176476
179.14513093491098
182.55813124700202
177.60951529719111
185.16922762613169
192.23445865306272
174.28467125080851
178.48135892591898
183.62200753448462
189.04585104067075
181.06361900453132
185.07127160027898
169.33000600884134
179.85033375956874
187.47855717773749
195.29187848273949
198.55249488938648
205.62696443018541
186.37818936409269
185.81496134356081
184.92156846455458
188.59719101233378
193.92437880335291
201.80993619854024
208.63852604103747
210.41159025573521
214.72658987858284
221.20661325903438
213.80832692543498
217.29325597218249
221.00251907982590
219.44396338567827
223.47341477954666
229.36919745237617
230.55932848200965
211.69555526824885
218.22383834996293
217.84749688727248
221.24012938582743
