-108.67085793655727
-56.49985509339291
-30.81568341435932
-15.72661854348972
-8.27443488222637
-4.34645700972670
-2.28758851339336
-1.20997250120235
-0.65356549431377
-0.33575444644885
-0.18158609819348
-0.09547484883082
-0.07529225749158
-0.04619737897698
-0.03550826034794
-0.02583898383248
-0.02159322085662
-0.01970674756705
-0.02079388363433
-901.41066347873380
-189.87990364235478
-1738.56722943150930
-383.62298457326710
-320.76563157462772
-264.02359491504484
-220.64826001914997
-186.97735305198876
-160.75348271227702
-149.47000973431068
-131.28904400806803
-129.68345708752005
-116.75962737516647
-107.06399355776057
-97.98669444733136
-88.60817349984694
-82.79966349540334
-74.89162507781150
-69.90998181816740
-67.09007999225523
-65.32770331778657
-62.62157370731893
-61.32519842340745
-58.78917568636356
-58.02593741757429
-1849.73421111647303
-1389.33878080848808
-1194.06726701581101
-744.10648322296424
-740.93463268883363
-610.11368242713002
-562.88906664380340
-534.43112307316346
-452.45953473134324
-426.43885138639581
-380.52370957526500
-354.66558679573620
-149.36578645574531
-219.17466354869731
-81.72563667581139
-200.79563900563807
-13.04590875224281
-231.50933832333936
-266.12439173954033
-267.34434232302107
-243.53773388212204
-196.75062011650314
-176.35164681372618
-166.25367036665713
-152.45504189752603
-135.37953435668422
-120.77166638899511
-45.85310471585927
-43.02832737178815
-10.37289870484950
-33.26244225077630
-22.34549391706186
-12.47737325728408
-4178.14249345076314
-20602.54501473798518
-16950.56272926419842
-14201.40282663516700
-11978.91923078706714
-10674.08805141624543
-9953.68436563869727
-8729.49524715593361
-7970.96965649300000
-7609.73370540365158
-6599.87803932708357
-6170.16132224482681
-6509.66691759096466
-6437.62188665731719
-6193.36356930871079
-5943.22771886745250
-6079.90843197847335
-6223.21312894624225
-6021.29724638189600
-6229.64942835518832
-6381.19743257806294
-5997.86138557351114
-4851.69906210968929
