-106.08522699776964
-107.23158314615050
-108.78931395290086
-148.51161073487339
-195.97650043365519
-230.69335694169445
-263.21647598979359
-301.36819326888434
-340.94015740416171
-365.96948433255977
-433.65396816708267
-400.77816301713580
-390.30526032744001
-406.21845685671713
-427.56138843564315
-447.70649316456053
-464.81248045457113
-461.14478383803902
-464.50513680667621
-473.93158665859227
-522.97270613298019
-534.12566271578419
-534.62357288955343
-519.33558372095763
-484.67239866324337
-485.73379006169091
-444.41181747259679
-414.21217757244625
-378.84302306277772
-409.21551332820883
-442.20010238821766
-431.81187510512609
-425.08200324521260
-465.39039499072561
-461.45687249579368
-454.13493590366147
-441.19934211982195
-424.18548850629799
-397.96868697909315
-387.02077884181756
-362.40719886719302
-344.16773502725823
-324.41862356928652
-304.46030871272785
-282.17235965985054
-269.08694090165062
-253.79594621338839
-261.84000377762521
-259.57867336560059
-240.43996911926348
-259.87864617133567
-251.88500310265275
-243.38953515452275
-245.02100661429290
-232.18166874525053
-219.22537201915799
-206.11175863652988
-187.74622572860193
-184.50336784764781
-203.07142581320460
-225.72529817811858
-222.44089385903825
-214.63327160761708
-220.57550168326048
-239.10051229585005
-214.06766399523690
-195.90253999428145
-257.27203020872690
-239.51936855131052
-290.78362255584551
-322.53697992806957
-312.19009809996317
-308.63988909327776
-326.89821106107740
-346.18242894736784
-338.02210370588523
-330.76479611616497
-304.69028797665186
-307.09924826448594
-282.81527720605089
-280.35353522328535
-273.94178665013931
-264.20108695451881
-246.26018288012818
-244.58116185481222
-253.71247567576094
-232.60091733115806
-215.23492090642506
-205.33059941962972
-188.73677919236519
-180.18745482579757
-183.08685465673821
-173.91548084614655
-169.80396854577566
-168.20335223488902
-163.04738100376949
-176.17107749312217
-201.83563869092941
-204.19080786295558
-228.68313135601488
-254.46260026556169
-255.39964754466223
-269.23443788960151
-269.17572431308650
-289.10237051574336
-295.81915014268105
-299.18579878521791
-308.55314993397457
-290.99744369525877
-284.04126976818782
-267.61727063792006
-265.57826271470134
-259.59932940979070
-256.66217806471218
-253.19926065480166
-255.62287219414819
-265.50626910606081
-281.58598934442693
-290.25918289017386
-294.80921410077462
-309.60299433618832
-305.35179449476300
-316.70362222487722
-324.17249598078826
-340.87496230364331
-348.57653699626547
-358.10859909863876
-355.20569489760197
-368.58918859845215
-378.27402989332478
-366.94216802843022
-381.85021104152537
-385.83672790572535
-396.17824067818947
-401.52973935447125
-393.65821998075495
-408.68645180723576
-414.49014154192491
-410.37472385851555
-415.79313437495159
-413.94988007353578
-409.05767110728203
-415.46533646981158
-425.81691871482104
-423.78029747666670
-409.80790531384548
-425.62127003836417
-447.27521018112407
-461.55655936852884
-446.27249466017605
-459.60332178676748
-467.68473294192114
-464.07555155146798
-464.34529248471142
-459.63448274785600
-450.88838680537816
-423.57266123768431
-410.05457044618754
-406.10192221844318
-375.47676393156894
-369.30029893428718
-358.51556466950171
-335.47407484307769
-343.01868495678860
-322.27856698007088
-301.63483915179211
-282.52391527746704
-267.04823505712511
-243.38934630856949
-221.97864538566188
-214.28586908861004
-203.09305394511600
-193.87426227772869
-187.13331930015173
-174.27605126893604
-176.52083874853693
-183.76387982589705
-167.33783025577381
-153.96741020861498
-157.33634732136846
-148.26252376425776
-138.80569945253512
-142.30608415039541
-124.91141126527076
-109.93401856520241
-99.89948388850887
-85.82029879827034
-93.28723026745789
-82.73746548905690
-81.77987277379260
-73.06127334116856
-74.39543051133322
-69.45869352656364
-64.43601822162810
-56.61261082276378
-77.33441766995239
-74.16510902856400
-98.74063854651818
-108.32085393539978
-96.26877991326108
-91.29919624041550
-117.74318406616931
-123.85559099868171
-129.47776025089445
-98.30799271978124
-104.79049711627438
-100.87335946701782
-119.01333193130918
-178.76381858779348
-166.49404262739793
-201.87882232654164
-186.14259896613689
-172.34276300696993
-206.93837451001417
-181.60989360277702
-172.75474873564946
-210.77030118018459
-204.51721994603858
-204.44521743884485
-186.42550296854904
-187.47301206287702
-186.91933433938706
-178.48314185704959
-138.24917195858717
-136.38139163293135
-129.92205171159486
-122.87111136096979
-126.04001074488221
-121.01252590884305
-126.36115613813907
-115.53354651605149
-112.03029703496719
-114.57548709890037
-138.61707843240208
-139.44606715112039
-139.53454273661140
-131.04033159721342
-118.42776032656465
-126.01220561175415
-141.81099524139211
-154.10877181747887
-181.72874782219657
-180.34610432717201
-198.12808890854137
-192.10662790455464
-195.18049161086552
-189.01954107332469
-174.66302039095081
-161.78164701761705
-149.09252497335135
-137.17259220954284
-127.58696885340790
-123.50373389947029
-116.75498294632456
-110.13632038159435
-99.23377555376828
-98.31185132319555
-89.05528448143934
-75.35277128210657
-69.90600306387046
-64.49797943751233
-58.24965533101474
-54.81263249618362
-48.95724653217182
-46.48180311783400
-46.62975212465921
-44.46146859896926
-40.97206287955276
-38.25945286027938
-35.26487480571011
-32.36449171317633
-30.33443995758602
-32.12968969305014
-31.85267335073771
-11.27730729598763
-9.12964318960945
10.86862406123915
9.50069156903675
3.18032310228956
4.80250365647498
0.96305055747651
-1.27468770373220
-8.20291222839893
-11.45668198872529
-14.36435037339915
-13.40709823403292
-22.12505446030713
-23.45856234410646
-28.41846603502081
-33.83768816531767
-40.19748740567280
-39.09194819511988
-35.93233950779283
-40.99424582901069
-36.27777602869372
-35.12315697854751
-38.57847871209601
-48.08964020633863
-43.82902990757621
-41.42210970110676
-43.39476039289167
-55.84748633127328
-55.30825514806524
-48.54354319662942
-63.43575650092636
-78.59588555664504
-87.05287203214473
-89.68777428209053
-112.64718491450141
-99.59464277669480
-109.81260249814328
-103.26190419683540
-125.50263675446180
-123.70565708816660
-115.24706292155412
-146.89569125562159
-137.44207840093677
-123.39351836441128
-136.39924413135657
-128.87038797481912
-123.34763345381963
-116.74254900957504
-141.86009329963019
-143.03127149606004
-135.00389975440103
-142.28059332492504
-134.80643769212122
-122.97536608170374
-114.40215504499432
-101.59874271199325
-115.64444993195053
-103.73194056284439
-123.55581309392090
-108.19484664711712
-98.98410240793342
-86.14393303373467
-112.56216065634155
-135.34756578566015
-124.08131843208170
-139.21547798747139
-121.14503591038000
-124.02251616476914
-139.81162212935322
-156.57757131744214
-174.28002227413288
-187.77337750356801
-244.27021865846956
-269.33698363099711
-260.20206841676435
-276.17799117480246
-280.33487730055134
-285.94884030863858
-307.32994164984086
-312.37805648261076
-337.24940348533050
-331.82154982937561
-333.74148270617729
-349.50622325298593
-347.58771841158699
-365.32702156926740
-326.89863142568305
-344.21243538769829
-310.46271822322865
-345.29186089590274
-345.62845630880014
-316.86292473392825
-301.66274745812632
-272.56074070809933
-272.25201195286866
-254.79603333222576
-236.73902156315390
-222.19608744320513
-211.29585025522698
-195.88130566669659
-177.21531663482054
-163.79461628903010
-151.53515352352323
-141.62878875765463
-158.78778666527597
-140.63965546605036
-125.51084626104983
-108.06950719194073
-101.18772816293634
-91.63690914603654
-117.10486930538667
-112.67482422614184
-100.34947455311166
-88.62255207552298
-96.88387403262426
-101.09666564063087
-95.81066461578057
-83.76554192682192
-79.75896815251761
-86.26048310057458
-88.83202777138303
-87.37931789323395
-89.59011667146466
-86.09914776230363
-85.76966072538123
-90.45515351990628
-77.98713946658245
-78.98242156865291
-67.81971387039741
-59.94250764511997
-51.24942055653553
-39.20834088830674
-33.13358299785214
-29.94191646577757
-28.48213600302460
-35.72471233915365
-33.23544833070884
-41.97024988822507
-52.13449716627387
-47.33039635664428
-54.39681817261832
-46.69663297320813
-51.03995013332798
-49.94987916053670
-55.61457890892009
-53.28126923608869
-60.12700877705661
-55.40929392882115
-48.65354458452934
-44.79582403586864
-43.29461198393881
-42.18610521936908
-34.54358029810021
-30.87164404330197
-29.45482987914543
-23.24220451651494
-22.34862056916561
-19.32412459270210
-17.67924124032279
-15.43594974850371
-16.71996187835723
-16.33661787607306
-15.44742551904200
-15.15148007796189
-15.39064056652189
-10.24049036389618
-11.46579222964119
-8.39662108983665
-7.35890977663196
-6.74209501393957
-12.62073657438485
-10.64073155026005
-8.32335219302725
-2.26190675309718
-1.68087538392580
2.24840034619858
-5.11124260196942
-2.29254217109562
-2.75896684173937
3.32464045587303
7.97626827495041
11.31064921872389
14.23445636007004
14.60557360927695
12.50600456660668
9.28131874736250
6.54296647561498
11.11880656018752
0.60001679156585
-0.31154928572811
3.72728815390899
2.82020806026485
2.06329272193397
7.54683236758573
7.63690920069316
12.10512805153272
12.70359153652945
17.79314962087732
12.30722427033164
11.51783844477209
8.30348591282349
4.79018281921822
0.14862514593933
10.38433690658449
3.68524570934855
3.71498138903511
13.40308476747318
13.44270523668387
17.77415890818317
9.18937966280087
9.19702538764176
11.48713127240640
20.57679972949162
19.84487535545815
15.98181398826922
21.68712934050260
19.65204371545526
21.66375060692439
23.27799288963002
22.65615035035107
20.14245589887763
18.50984151349316
16.43900074273801
17.85134123826701
21.56229029525435
19.52712749527629
16.86758559017626
17.76391302296802
15.24729011212840
15.84112072694447
16.20622691382917
14.74361432197828
7.12587535556737
9.97593400407458
11.12488014469611
15.19799579828238
-5.50673870833459
-2.82236694775693
1.05612267038294
4.32936642290951
4.84949652247346
2.90665719267178
4.74604501765505
-1.28340112172954
-1.37666420888848
-0.74973671997784
-10.84185407620411
-21.38242883528289
-21.14888396161200
-16.98182481595207
-32.08079117592062
-27.55394437674078
-44.10285023085076
-36.76564969244837
-29.47831965161093
-29.87746020907599
-27.96943597175477
-48.88829207669821
-42.18653699121558
-39.42642825886179
-65.29272029964065
-60.21540556756773
-70.75769117536005
-89.63211500878191
-78.88212694101610
-67.27982405153193
-57.75810876096966
-55.74567770405173
-59.56741515000783
-52.50739019186683
-46.83767106832758
-38.25445772649730
-44.75566474104501
-41.79831054184618
-54.17349841172989
-49.99783338361861
-56.02034313144274
-60.21239407810145
-56.03185258902098
-58.74854006320469
-49.34470019028285
-64.79432808714239
-83.34529561010076
-75.60702354177369
-65.49690837308897
-58.67047428792496
-75.67485740580662
-66.34215819295103
-62.75357014836698
-58.28124697457087
-56.89948054432266
-52.32204701696670
-47.61369717750726
-46.39340483471948
-41.88738473884648
-39.49771178704564
-36.19740604173381
-37.66268929138090
-56.55856720008401
-64.42919469841640
-67.27920228997706
-81.45787686968904
-76.67331804511164
-86.99502769378196
-104.62171130131250
-100.39464978127216
-97.56357955991031
-90.45041653189027
-85.82018880506338
-80.80016774876117
-84.74504812277846
-85.73168630638472
-92.96703680361944
-100.03494095433521
-100.99366771433074
-89.99990043144216
-80.07840257516600
-68.36621433089422
-61.52787351200671
-58.22274318560149
-83.25180460247824
-71.46394905799471
-77.00094594586415
-68.04877452516922
-61.91673472368216
-59.21954907684731
-78.84014639088689
-66.32805643267874
-63.22390236714168
-57.00029109676516
-73.11114368046907
-66.72851553963893
-65.73119748418766
-60.86290575859861
-71.36187790475081
-62.54506414075971
-107.44067841820343
-94.39524205093031
-80.95678834901707
-80.22447641784159
-69.28379259409097
-57.98914153349498
-74.94604385799303
-85.62153820493388
-74.72360495358397
-62.02495938485977
-52.34222609751679
-72.38347183297827
-67.73585930396486
-56.81424559009004
-69.14048007637453
-62.75731704557354
-76.10505718739044
-63.42372958315846
-59.88522801561522
-58.02993022647291
-55.46208210001397
-56.38785028590634
-51.36009380195488
-54.65653637817815
-47.51224554767124
-46.67717374885837
-42.64886698440861
-37.28139400353022
-27.41537965953394
-24.31351716505050
-20.51349681856162
-16.94084103519425
-12.41581181152158
-5.80322642398633
-6.13927941369600
-18.03661240468409
-11.41787922065646
-26.69929309015623
-24.70632871109074
-18.36860740745639
-22.18326410576624
-16.01214823719759
-10.88356202931383
-34.44278995042821
-30.37887923913247
-19.45340080408438
-19.40398374978199
-11.36513874648961
-17.11476560515224
-36.02273092047788
-28.04477140930657
-26.01029538653000
-53.24393337022704
-46.10116415981698
-53.34706645638877
-44.34179602859088
-38.10345114107324
-36.22561295438376
-28.00419757737788
-20.07366410438044
-13.61593356707636
-13.62662592293872
-13.85241600095989
-46.10915547105251
-57.29383738866559
-46.63435882756077
-41.98315307140783
-36.46714745564742
-47.24038825606969
-39.47765428643653
-33.98565480677667
-24.10863408939673
-24.69172662568993
-17.31512825383982
-15.91476967538897
-7.02378362466375
-8.17897530486634
-3.31183052866100
3.53969556631492
-26.91961559349280
-43.18244643473454
-38.72912000647732
-31.92816552803341
-31.35881096846125
-20.59883709632373
-14.42394766149649
-11.45551174625930
-13.38345793428813
-10.53338720335638
-24.82196540543470
-21.88738501341339
-18.43533076382790
-14.06887201946026
-11.45605717803359
-14.89429548880337
-11.85598319247208
-9.24880078166049
-6.16055280313100
-2.49729919979947
-3.06745798697593
-0.03657662245224
3.12790822091624
0.05699365658906
-2.52385940631270
0.79177450667510
2.41732722599364
3.25307563640184
5.91475482362237
6.50068533900193
7.12138467654950
8.54904412121429
12.15660279284367
8.60316083240027
2.26745453014009
6.72189026602065
11.88979490825945
18.36551317397399
24.35566069419165
22.99313086831549
26.04031558519102
28.44515097822848
35.99069027896061
37.76562115273843
38.60971291635529
42.79980934311715
42.35035515031413
44.30178782874352
41.34933891123687
35.80458487789879
39.53075191827176
39.81796291586953
40.09971531819581
42.15285631982861
33.85873038809927
36.35670528746517
32.04475298736244
35.66477568027531
32.64786425157224
32.43025614783121
37.33341035713285
31.96141981721728
38.20130963701249
36.22284629634338
35.12917260115708
35.37244984958105
40.10840616303220
44.36103933197018
42.29461451558219
39.12375280305881
37.53606902572660
40.43794596921077
57.57704731506968
57.90724479427612
52.26333118866187
55.41403975446513
55.52941094125418
51.83338176768120
54.25200819478795
56.77247873233025
58.73504925486417
54.58024524090897
50.12872410123260
54.01654864099380
50.46951987931904
45.62161993623666
42.40157222035202
45.96445318293889
40.92371602906418
43.92283869236333
43.21253862462296
45.05428993907289
53.68080642417014
56.23794315030239
63.39058296043274
57.68531339169670
53.27134573007386
51.00909597263379
50.54593034565113
58.59535918101910
54.77109464637292
48.80995363161740
43.25026709854914
43.26930885459295
50.81510833603079
46.75856784222619
49.10477659189600
46.11271525126691
52.67081842768026
52.23484458860786
53.56366974834354
47.67338602128407
38.84209327847344
27.24147209701148
21.12123977499341
3.75403595471280
19.17911788367399
24.27163826947504
21.51824960165592
20.63100323346761
20.65235544261448
25.31298175951382
18.95724686873279
13.78991491371298
19.62872720021694
14.45729631350624
19.90282510580893
24.74669797858063
34.51825432757207
44.85963304993172
38.35151500112867
39.63835438362101
50.53630135667396
56.40881316621142
65.40108485044695
68.38784330012926
71.43531835196266
70.43572517787223
76.40258778418436
62.91549255172200
72.14569101740773
72.02615364734166
75.57663373804355
84.03198046083804
82.31205056554320
72.60233703957330
67.24190195765495
75.13513616767824
73.48625007042595
69.02152199706870
78.71606127057306
81.16713630261404
86.13770784836279
82.77255127436588
88.50297310935399
94.60463241522351
87.58112332562381
83.08728822102221
86.32357394032339
92.61576587500987
96.07392878736651
99.45743038583538
95.03952091689648
101.43857998121480
80.03250164102398
80.00276083822385
83.45526669273468
75.77560254792634
83.81008227957501
74.25314656478221
79.68825666972239
72.51299489075936
67.06320162891218
73.65856485209785
64.35995125642600
69.84888892575475
61.92699693400434
58.60732716150760
56.25273401603607
54.46459944751533
48.22032743172215
37.48132407390928
33.16814426233726
29.03065359932364
18.12338293532764
20.65137094220206
10.99601346600663
-1.06395123082911
-8.71239341335401
-16.29545967630032
-22.63559773024119
-32.14025648163540
-27.35794734271995
-32.18209313005438
-45.38645882211916
-39.50814322189274
-40.15628513670931
-34.46371384255921
-39.40030847501470
-38.07199174633787
-28.55813972957493
-24.90145266482162
-25.82794666192940
-23.42930851690970
-23.21068081295737
-23.44659786163363
-21.33830727159391
-19.62964561953514
-16.17875497797854
-16.97086281556604
-12.42745202531072
-14.90608336487595
-17.21845168442047
-13.71370437536407
-14.16804451841416
-17.07229613897336
-14.94294217131273
-18.85699957576005
-19.96256591776061
-21.30640701534741
-22.01034200471754
-25.10008150191038
-28.15825457956666
-32.78992323723818
-33.50490516226200
-31.27305197102338
-38.06912911300353
-44.92252813559486
-44.43414043555774
-43.50315166111810
-42.21722156424912
-44.76142500081923
-46.93523669074391
-67.79415391552949
-70.32254222211265
-71.09753144850463
-63.75323492075643
-73.88726043147756
-76.21155798448741
-68.60336306041127
-67.05651649593474
-73.14595385334913
-64.56251839083815
-56.22725744881780
-60.17581668005411
-59.39653101429908
-60.03591479702507
-55.86729280094453
-47.06152902238545
-45.25566182982620
-43.85910040688743
-40.13305561664090
-41.95440093603872
-42.74622618615717
-41.29028228744411
-42.62238439488350
-42.75681327194602
-45.79029122010015
-52.67108351398247
-47.87548210120536
-49.36838714701376
-58.41153112264725
-57.53222543721557
-53.67925108215991
-53.62636064530832
-26.36769367039785
-37.15208598624304
-54.80275405036450
-54.25689454689631
-52.91704991529650
-65.48562892104852
-64.78491814949516
-64.25144083828201
-60.11733085014858
-58.88215259106570
-56.17506379785281
-52.51480060787667
-44.72341226643935
-64.67849909354683
-61.11997026640834
-73.75992710462920
-43.78674725304691
-47.06310876758231
-45.17609588029531
-45.70511198122085
-44.84089820539221
-42.25825082921078
-65.04108772324423
-56.24533843783549
-52.96004527400225
-47.69765743484252
-49.28130670215613
-47.17561067841201
-51.80142173709719
-58.54381777877040
-52.54123106210793
-69.77063851815478
-108.34145106124441
-98.31393138724317
-119.97161563865052
-137.12462630377908
-127.36827464981276
-124.07417659053333
-140.32890782873332
-144.95509260248721
-154.00840486799328
-165.61971813062399
-152.03503546622056
-142.12993253570303
-129.14389958191200
-126.16658780073418
-116.74734801127404
-118.53066507169962
-105.37618359951152
-97.29721531840543
-89.80724586967192
-81.65976565989476
-72.30369812780849
-71.23128257381795
-65.17511721260627
-60.61281405172932
-54.29518971013636
-73.11764322099575
-71.77379674076373
-69.44651904866549
-83.74018471163481
-96.14204146633499
-101.25834688914267
-101.54182287336289
-130.21886282911632
-145.84115042961224
-138.64057148022704
-129.41318721987696
-126.89105213714637
-130.84393681467284
-118.45006259372251
-102.16029222302149
-97.78032187825328
-88.90906551403617
-101.31258958504479
-96.73025496301867
-92.62887545926719
-87.63690066429798
-81.72947354804356
-77.20867229816567
-69.34408837801203
-70.11509462172425
-67.46473279651022
-64.10624128028823
-62.66514143039687
-56.44615530859252
-75.54761243115377
-69.06390221122278
-62.99958016446016
-60.25308032862244
-70.85316843463592
-65.25717887031222
-61.41271922872051
-55.27992060918204
-58.43287118335871
-60.18137697232079
-56.21368279698525
-51.78190960652304
-55.32280432784010
-44.94131795492527
-43.78123274272399
-45.93706433080554
-48.72657030013077
-49.10944006960030
-51.48556217870892
-47.66243477244110
-44.27452934829873
-42.02740380651932
-40.27919797086874
-45.02252411991599
-45.01645330858138
-44.29109032471712
-49.82726765352093
-54.55478327529033
-58.06510805382677
-56.41299130326847
-45.77030336394935
-44.89231153543268
-43.38561881805740
-40.48937596593134
-46.18403924630231
-39.57310523414480
-43.49641574327242
-39.89691132811028
-33.09417096797527
-28.69939306977383
-31.30076185255630
-38.48571160775753
-35.17495694449986
-34.18877965677862
-33.21676932789336
-26.66981357328377
-29.44946468899704
-33.72010828905366
-34.19885786892030
-4.62510630652813
-0.37431511173966
0.45941713327567
0.96238114117184
18.42455535709022
16.75067867365476
13.39354971318421
14.73649437371615
16.76001589662707
41.18291575750826
38.42017693907867
37.34841706353097
28.00854723813816
22.27443918771328
19.59862219510291
13.51370429690767
17.21891384909472
16.62739806879654
19.20452209362464
19.20766311294634
20.99231042758848
1.97327846466990
3.11811459885165
-0.55823175211028
-5.45237829507440
-0.28144162609906
24.67066195248785
21.91493161689591
20.68230344350971
1.41390119676440
26.26071872090962
24.27213269972236
21.02681930737124
23.81811806864899
16.98779472423665
11.54467130866491
8.06499477905558
11.18703885878495
7.12862923556934
31.56200833851834
25.63174661911986
23.27171173363029
18.90218371050632
20.70924129619231
45.38963016817101
40.33127543206615
63.86169801571911
54.08513560526542
76.05410568669363
72.19161127391713
71.02766858750113
69.22351274817832
65.18838933910982
61.30757740983940
53.59611948660449
69.88372824204767
62.81206955355635
52.30773116604123
52.17194544158845
42.27767814069519
65.15419419979396
78.47944423294371
58.85769379169162
73.53360874704521
91.75722909420128
79.71201510699247
61.42695479185195
60.72834357226979
47.30466463311381
40.03641055542412
61.54328276051446
52.62976812597952
48.95257514934320
59.49788981684492
46.07724856849435
61.73758316915631
77.60208534752343
64.99306370352399
56.03153364494541
70.92057350266842
58.79436415833378
82.87796904050596
97.79852614041909
86.14826096435692
106.55086693379936
122.94981980116398
139.24542240540100
121.52861147475717
104.23594151493307
123.96313078386851
138.49876775212792
119.06431410082561
133.99350312731988
120.01180377024228
135.19815081009338
147.84727483923291
133.82909573497446
145.66727759272263
160.79327740310862
172.85927904273277
154.71510013565506
145.16892271893843
133.76437607691506
141.19668121908305
124.89234169239914
105.41330497308248
122.90561171640880
130.19941174022404
140.21567556660435
145.53442015180113
157.54343265201840
168.98332518911448
147.57758493357235
159.44459072709734
168.84020610447638
172.20995168462053
155.77049820786772
164.56625149589598
149.15324020747428
142.39956896122661
157.84922959700819
166.49937080317301
171.55200980224106
137.29650030387819
100.56503351862941
66.48630971062984
86.87677882222735
103.74208804015345
98.61738069973416
116.88926753225476
129.51002985229249
114.18497906298069
125.35179747186953
137.55284651423065
123.21028401715233
135.11061895754679
121.46891331397654
109.32493489053124
121.38852882282066
133.58952486000595
143.42147321180653
125.76522174185665
136.49029387264861
147.12543584379020
154.76712543904341
161.89672297195256
143.88112051835898
155.73669800433865
160.52798064199422
170.22025910910190
176.90057696555365
183.28252494737342
162.50993733378866
126.75879223904791
141.75905582878204
122.16633697779812
109.82230063964779
99.28015691141329
116.89367772792119
131.26522445978398
112.56246312748786
127.89655284302648
106.82581618715679
121.42713520984665
128.35038078198917
115.78041393466430
91.26193204048522
78.55148364742729
88.96630379802356
81.14528423097660
96.88729142955040
114.27153528869064
127.74657649683687
86.59074505576059
74.70728606923717
86.72765999419195
97.26512065032885
116.67222919250116
126.95600981236900
138.24750738219618
146.71002122323367
152.05501616823534
153.68156283413455
153.13639687156285
153.04684119238203
153.37430439763719
155.21733082932170
157.16242536704527
139.97860031862058
103.80054142186121
111.66988485789497
81.44145927651792
59.21588959385955
31.61144521387333
1.22546602320353
-20.00389418521871
-53.58549487601130
-65.31747707379444
-93.37282250564191
-129.83820974898734
-134.97512697848708
-160.90877654096323
-176.40460665420537
-165.17090609342461
-181.13662676646550
-200.21553906751950
-192.73518019412961
-162.19561341783785
-149.54497671890985
-156.18038755378248
-121.15744882370871
-84.78578205924863
-53.73609364081748
-78.37097188102703
-71.82871177480806
-97.58748370043617
-117.65023377838341
-82.60586432751455
-54.42922690529547
-62.60234263958201
-62.90766149317011
-65.88996821799238
-69.54460126472439
-68.98243740205670
-70.31400102706641
-73.13274988807559
-68.70812665126329
-93.29388005226122
-91.06842737911688
-64.91784831690450
-70.20093149278800
-67.52976787986853
-64.05680564996445
-60.82986446876280
-27.83976419993177
3.04662621850726
23.36758658283689
3.88015856319524
-1.54377438965770
-18.21883145130587
-31.69125619149175
-2.94484031470368
-14.48396689909723
-20.29600509509580
6.01952341238222
-5.90632809205110
-18.75401696706008
6.25503079456466
18.17028901513623
14.54543810189391
3.21462927355616
5.82611279987350
-26.16428774088936
2.56691142413613
0.73029631890186
6.06418434753945
3.01811931570036
22.01812733972577
16.77821036307606
11.74232571260830
8.05466927080655
9.61863833697587
1.97685875436458
29.08078385343695
56.38257218706517
52.62237843774573
51.01637416278000
76.98725658851048
67.83885709125242
82.10765869182264
97.45868797300454
114.89272192590431
105.56442500967709
97.39173962135786
92.44149052343322
89.12678334230372
82.78717942358622
74.15565711122372
71.07485627228860
67.95666316831057
87.82301613667371
82.41800634576423
77.07450478024290
75.27683160282636
70.13281970100505
92.19640185213606
99.53585217782489
114.35867389888469
102.45288090983993
97.87606609555375
88.28661500300011
78.10538383717633
72.10052495682307
59.99773826419134
46.98061551568945
43.04504273656362
41.10918700856571
34.26971427855180
58.61817570501567
75.46874875920574
67.06233789413378
88.85733623632727
105.57014333620084
101.96596887889119
115.41904201570225
124.38509896354749
140.55628254811705
116.59980897903428
107.69109807636046
122.75748215526795
114.42186500295854
83.84213441584205
79.06010562149461
99.05516613938272
114.50257087406440
125.92754921326309
112.62612703824425
104.21845290827324
119.51077747079566
90.35798472596163
105.56671213468560
98.86535187788699
90.62334071856904
95.66900113325141
88.35201469261789
79.43531107457048
97.43617804587387
113.40049469335167
125.69175949301271
115.51322564155672
132.62239128002591
145.70933892809478
153.70813921101310
165.13406345017412
140.98026734129124
150.23669479458465
140.53186342076810
124.37534756180870
137.25878509264840
148.58748841029973
155.36315910831581
165.64091978904329
148.25761565056686
159.70581365229103
172.46825478255391
158.89101739047749
169.39448289628893
149.01059616787083
139.72335171921043
126.93828090886578
134.86264943393562
146.65151533579669
154.18139444272325
140.53451818601235
150.43870059267482
136.55604014398622
124.27173620760777
138.72813894859195
152.90452836404012
162.22780550058752
172.82310549293268
181.08123560316892
164.74504009191543
173.60560681021650
176.89635861129517
186.40489208086098
191.07924635716211
201.47476478146825
208.83646626228290
185.38168139812046
191.49116532985943
193.62947758175204
194.22623744652125
191.34546849342027
196.13420581787850
177.15509198679987
181.88857188826475
188.30672022083448
166.27500966042209
156.15352593652176
145.57153670123401
138.36215775716053
142.30673307953771
154.97597344009205
162.52819819210768
171.45743775601704
175.14909418099990
161.49795654200406
144.50805737391957
152.20137912327297
161.38911386717484
167.79344286315697
176.78131432587264
158.02983723956183
139.74693546521416
122.34117285281933
135.08085406498716
139.14451062710759
147.21502159630938
156.56235975670393
157.45574599910509
138.73806196594168
123.33604752706083
131.83512335547010
141.03997194041062
144.77541714293608
117.28376533962796
101.17584124644317
118.84201757939341
131.49131893580346
140.85185434651225
155.41884987399078
140.49284661074114
130.52561437922031
141.95950290341722
151.28345225507010
138.19335178976570
124.67566355868915
133.12933497584078
120.32257804408528
129.02751405848753
140.71021788488764
149.85374681976955
140.66155250280036
154.27197786433783
163.72037145734558
176.07493366586010
161.24259060118644
166.30240929196614
165.93950061272849
146.35580455358655
128.43979528820674
114.84058664841066
122.98865915327050
133.82899222791707
139.51240928413563
147.76162474709116
134.55978791631287
121.30569389432158
129.70960229440541
118.96963926696350
124.80571516159425
139.30362137827424
148.07099805999752
133.62916294848796
145.50353283547634
158.64817204484714
143.70682982548675
142.22478427995691
154.56515533861182
135.75594798865498
151.11129443848824
126.63161630385957
114.04888792023362
129.70097525097944
122.05026267693022
105.06063257594312
121.92234703142680
105.74297629504548
94.73618224634542
111.96293831838344
124.73106695154347
137.75995691482819
151.57585998956154
136.68663381259637
148.61627573172203
157.93050435877518
166.60535387117085
168.65219679639353
173.44492194754875
156.64780394139811
167.88266959607665
177.42738305413567
186.71872388021393
192.19448551666068
190.73836255176644
197.47594731117445
204.79198987705666
188.83202281957523
170.90515691241882
172.90130416356473
181.11400733420183
166.69986523282452
153.33736788098523
127.56753925799087
115.79224759228154
130.96482058428330
142.59409518349199
152.90448971750115
162.01393998398598
137.47777067535276
150.89984707103392
157.71611606043246
167.16879600542649
145.21336682213447
158.17396971228737
159.37871479098729
145.28360290278982
118.41948017348138
128.82133656530871
110.50295295719673
123.05938113488449
102.91585962336036
94.97141664626083
104.02426622065613
94.66597196130745
76.39627232362925
66.70430434637510
85.35329780498525
101.34202642688685
115.82473798771363
94.48627406337113
106.49650508086332
121.60753850739773
126.85917684910277
106.50655288921423
91.42508533077924
63.66102538829614
86.48941069668982
62.31296993505013
48.53358765248137
67.58828657714631
53.69079783603858
33.03582488033813
54.14774286767977
30.85083383224052
49.11936593408616
38.73410077066528
55.14133056105157
57.92220610507123
81.00207400575295
100.72866696714696
115.39548096472180
117.62216202202913
126.69980319999718
133.76278338120630
146.50146953713275
157.01416752556690
161.52707218432988
165.95646616869976
133.30567700830579
134.51434971075946
141.59579518889495
154.33772368967576
137.32578332633977
139.93695695588656
151.59903178874478
162.10568597733877
164.06580077740281
119.11175027669982
131.40182852258681
143.05810600834997
158.76798057075288
139.95523010746547
148.09297178915017
158.29931154722905
134.96442384108738
120.72788475499982
111.23952187609635
125.56692117862751
138.28796108069491
151.43930231284082
159.83728893398458
167.89597684411788
176.62741716233162
179.99686906840049
183.05181077919434
190.98047599432661
174.08500069549439
178.41012752898530
185.99205238751532
191.40091063558481
198.25657375441853
202.41924983451551
209.08943493182460
190.71006865077234
171.83832453783904
152.80798251289676
163.67576495152872
171.35608139722754
181.08104998417991
183.02456358930567
180.91427085123001
186.10182619873538
197.30345928882832
177.08588858113092
157.58313627140123
169.88580593476172
154.45941168497453
164.88962104072104
146.47643353759844
151.88250122584918
163.06262714552372
167.05316646652739
176.46514381667964
180.94794740526311
188.52045960711143
187.24254715298827
189.11557548297321
148.02628319638399
131.53885988039769
142.49380912349028
153.32959416561528
157.16956481371440
168.91489094493619
177.61299870682615
186.14765878719930
195.90224835929916
202.98359174266162
179.52941411793995
184.61307286435411
188.85509120359825
197.96634966377405
174.00700281431824
173.71815545012996
179.57943353326931
182.34923523313086
193.13735232427990
201.12876457408819
173.77138257696791
183.05840803851834
185.26883774042085
188.31673102595545
168.67982164974077
177.40948921078069
181.51868938730371
152.31348391364605
155.93299465566085
131.25332424119247
143.67814080575818
156.33962052702202
169.19681991724440
177.58878871900126
180.28915768978294
183.06267847271630
196.37562647231653
196.46471972175169
158.81949243097432
169.69104311143053
182.15122273701456
187.66981334778654
193.98325770436537
170.93300150724158
179.71388706097696
181.73989896920625
181.26447626811833
147.12947893652924
152.91739865803669
157.50103156249730
163.48204887896460
170.62930467140529
155.32329219333724
165.51097652086298
173.55332745824975
181.76671335106684
192.71540884080167
161.47080665318515
176.86791032114900
183.96573138658815
188.31287452539829
196.08510199539040
202.39538520455974
205.48319292074248
212.03062896203744
213.55285535732850
194.53260230318082
202.46649940346117
206.54169117792026
214.43886075109208
218.33529982544803
