-106.08522699776964
-127.82145851311230
-155.47045854619080
-203.98795737511892
-221.82385493891269
-207.84463861220451
-222.81365913431509
-212.68821521345325
-221.72629824480234
-227.54734969580522
-227.73414866374014
-216.87193811998955
-211.97634052013552
-228.89484810984152
-221.90636213107979
-259.99301354167039
-273.25937472016511
-293.54989640709181
-274.07970537402031
-265.53887211654893
-265.41083198402788
-271.05299017375887
-277.70699033642092
-300.22464034583470
-289.43094995447444
-302.93508913003996
-306.08681621799633
-292.81134017462483
-273.69292333351893
-261.88015369501380
-265.73898237334015
-266.58632129763998
-263.28117147217620
-251.90459730599173
-238.46898492786860
-232.58352075222106
-249.27303297968476
-234.62457913157547
-223.33612182494105
-208.85978851601524
-208.14126138659148
-196.85973546697625
-197.13194287861705
-189.97580023511165
-182.28772177558434
-173.59052231655374
-166.08139802886600
-162.16964872947307
-158.09138885887947
-151.60618426052568
-149.36005826254265
-160.52064887992043
-153.79106501969537
-150.95956957769260
-160.90306352230539
-163.44910331611362
-166.36707863324028
-164.51072960656865
-163.78935229079158
-161.08297042998853
-165.28929689311008
-185.58247270290602
-177.27982436476157
-179.42071224909589
-169.35644613754201
-181.80788165334249
-172.60187299812915
-167.81306038916000
-182.80425772523967
-180.02146225161766
-174.19417154316127
-168.37408289508795
-170.67427590680177
-161.11981952077375
-157.56571713734130
-148.78545905299339
-142.90726948246387
-140.55878223578583
-136.77124795787961
-127.76191151927597
-134.94049072050984
-173.10492507699601
-167.05255155849804
-160.41994568386903
-160.34635734206984
-162.42874128672065
-165.38275361009642
-143.40188314687475
-136.92935442489878
-125.57407107479919
-120.48558741126486
-125.95646301543233
-119.57365377315392
-116.44414854511074
-112.65271826712798
-113.23979849967873
-118.48862362257249
-130.96322961634084
-148.42170925516220
-149.37975262007043
-142.40690267988558
-136.29489957355699
-131.32654407120495
-131.19438965475572
-131.39424689178202
-125.56239900836607
-121.19541350027453
-111.01357474694925
-107.90392597757491
-113.45337419141833
-122.95456138957445
-117.95284096503363
-133.12129909861741
-138.27283301094238
-138.83417167295937
-172.92874761213952
-179.40227517149603
-204.44178534102247
-196.40021792975162
-216.58805126446282
-218.88319412576419
-216.61205261445525
-229.91785846679588
-229.27939166585998
-223.72525699671027
-235.74598038552560
-257.12429250164757
-251.02188758717568
-268.35272028997900
-275.02851695501079
-306.54496141997652
-336.70516084818718
-362.35372804487304
-389.48450158962322
-405.53741453045711
-435.73914648430639
-452.07558862106129
-469.15094360303476
-463.50739499541606
-463.15025827141471
-477.55320732256570
-493.28690360358354
-505.87350479120596
-531.71692763766089
-533.22708461992522
-527.74629073335745
-486.83403805682565
-510.03440752428708
-484.47146486613235
-496.42518443380982
-518.86589058101424
-535.49039929937965
-537.01156525284887
-522.64329951275863
-536.52806035281139
-538.25453714357911
-545.26982743039082
-555.08164352806750
-508.36264168256213
-516.27409115011699
-483.82284856271156
-487.76995377476658
-466.10027591965121
-427.21027601607767
-390.92953342244834
-353.38210695589811
-350.87856236190373
-366.02115504635680
-386.73813258893415
-412.21134925695361
-425.43524565521375
-441.48823407839666
-452.28249521039970
-446.97877044784502
-452.50221614003522
-412.94498449722533
-421.28524332401764
-442.69433837201836
-430.60217468754558
-437.43898979221433
-426.64016973372378
-401.02585426543413
-407.29672616727288
-366.79429738537794
-336.17253753414764
-313.35916070032835
-291.52101291064480
-267.76484113587151
-261.10915165813856
-277.73682540807016
-286.80869512423493
-282.60041971838194
-261.39523193426226
-241.38156593605581
-224.99741408815123
-203.59066056675513
-200.98679889785441
-214.37013153157875
-200.74218192171091
-192.77819565207594
-173.64752435855621
-170.09504137643975
-158.39433658109007
-151.30360442552472
-140.52382981737796
-131.64229382555564
-142.26487218758143
-135.71385185806477
-147.17449554100895
-142.00085253448185
-145.73309197130118
-154.54563352137112
-145.02001288646147
-139.89673273300966
-141.71577950091663
-139.99228976074255
-136.93427825989355
-126.19860097615312
-137.41979485482625
-131.22789683881965
-134.79134047299925
-130.37011498466890
-122.02820450976547
-120.21901755951005
-125.34186689941593
-131.80566122198556
-123.56415880249556
-116.95747075331803
-119.31927834015431
-111.80202299534159
-122.28718357437029
-115.46287344100841
-99.34199220647437
-102.26762111296384
-93.22071795723201
-100.21673051418639
-108.01099289271787
-103.91279084525436
-118.79353062422840
-143.76115291468633
-130.94377109575558
-127.99763673288177
-155.39347467185621
-175.07124525039035
-192.59266279930705
-204.94859376056601
-207.03770602611758
-198.75179365930794
-188.05256154903105
-195.93091084095011
-233.64571285380126
-229.89047367609680
-259.49898356506606
-264.96766367457025
-249.31040581476518
-248.72502405717796
-239.53818745391359
-211.42208983084262
-207.85941755954042
-198.33002966933026
-180.72456404637771
-172.82150445705187
-170.08693132810103
-156.28154216656526
-145.31093331149037
-141.58943839692927
-134.94733625775268
-129.34784291532370
-120.72340218950077
-115.12339816182828
-104.99927514934436
-97.75903677504796
-92.94920175451227
-97.13833477531787
-101.87809263854398
-95.52128559952351
-87.84274740643686
-106.97717218128308
-105.22025019673688
-96.16667691724614
-93.56050868889734
-94.74807586128198
-95.99673308255554
-109.98429976265828
-108.66655279417944
-112.57632429997741
-99.75453735456527
-95.61690323214545
-86.33278430430612
-82.10826867965493
-81.31344756237200
-85.39559037452881
-83.31547482655075
-81.00058878272772
-79.62896979992050
-77.24289781251217
-76.66610684226293
-79.36561288494354
-82.22256751334638
-73.36214903754990
-70.34396211587951
-66.58743137873454
-65.06873794204806
-67.55504254456372
-67.89810059277272
-69.20119373109596
-70.39048336080430
-70.25944511655706
-66.16220091185421
-65.88325546731853
-66.85486771694990
-66.43100442899926
-63.42137111171160
-65.07308206202873
-66.41972572338501
-54.21451218838211
-76.55691206117392
-91.67727811314522
-83.63681740483067
-79.00398356988879
-70.85616722833184
-87.52770516133727
-85.16531259592020
-75.57041069724255
-101.21861548169343
-112.33073429658384
-104.79082055014888
-98.63610873583376
-107.74593448764102
-125.16915695255311
-125.17023262041891
-134.40182996294561
-125.08359127547463
-119.20181143629604
-114.18050453171608
-101.66813281781579
-99.93397799158772
-95.22542754766799
-90.57140594488028
-97.14638412588165
-89.34759242560962
-97.66751040085101
-95.47197367051912
-124.14244329591375
-118.20206172575166
-109.14597298367688
-100.03544293241879
-88.55714992049731
-77.86637418918036
-83.38178064734441
-80.81949011929916
-71.86263480516143
-64.63391187654160
-61.10191867472492
-79.74071809465082
-79.25300051013912
-80.48231938475048
-80.48537377467264
-82.08710697756705
-84.65309936959065
-84.23708505835860
-88.37365460450296
-87.22686827869930
-87.33031364218368
-96.08916251259026
-105.06711093209022
-97.42329202266524
-104.57476045035239
-89.75260575730977
-96.83795381159408
-104.27957053119782
-107.49190839497871
-101.91849913626086
-94.19073316001487
-94.21089148343775
-100.42983526752269
-92.83029591746831
-82.09053676715335
-81.62650291497391
-92.14624319779125
-93.21409717085024
-85.54828875876535
-86.28162993734188
-87.45809878444213
-78.81058398409684
-74.78908233474311
-75.83945430768368
-68.66642081733757
-68.15233091598246
-76.14046374074049
-82.76588787787844
-89.98052557452057
-86.53502344700784
-78.50204539412375
-71.62659968956689
-74.60093750404903
-72.23891667329080
-65.87460766683350
-59.34074900448154
-56.71435444473766
-57.42426021946068
-52.14889903572659
-52.28812403442670
-45.97091706138924
-45.78403826740209
-38.38593348838067
-32.43095783187753
-33.31930824999304
-27.30178796724714
-22.40323016866619
-24.18952972873147
-19.77328205518945
-11.66790757250371
-9.87689516889519
-6.77920499660369
-9.25858122620880
-6.84262438209030
-5.66378012810834
-7.92216964352987
-10.37650081053939
-10.60939037173128
-9.52366869579508
-12.34678798576617
-24.69488567415575
-19.47284751573688
-23.51351118882133
-20.58814811029673
-23.39602464037543
-25.65399732387043
-20.78566579245270
-20.15861184483804
-19.49751680021176
-21.15542131324534
-23.65170049259847
-20.17526848164901
-16.50816662889804
-10.86280973060784
-10.67602004071282
-13.41136101874977
-10.77017353692286
-10.77503305525610
-8.18017937776355
-4.13382805109876
-3.07179952180011
-0.02393321552465
4.44604927956472
1.71452047498945
0.81452640940666
3.61144638405488
4.58150356448700
4.17633597573251
-0.92882694488179
-3.69964814928447
-2.64577739304152
-0.75804116856191
0.73705313675430
-1.28556341299723
-2.22401936444016
-7.38508388571275
-9.17952364394556
-16.62659046663111
-17.87844934057622
-37.12947117993160
-39.77039790269616
-48.46584118948185
-45.22839700822202
-41.66230532328268
-36.59606230649243
-31.83335835674604
-26.18604336777113
-28.59629400123162
-30.19628273129992
-27.03263817664298
-17.98226147786171
-12.84744639174994
-12.87093739314544
-5.98638845595191
-11.69887958328734
-8.54195623343578
-5.86783860760889
-4.77668430043525
-12.85810041071573
-11.28850239381894
-23.03150112090642
-17.45648786453462
-19.00946844839213
-21.58653486334324
-20.41300081664491
-17.82503351611986
-17.94453850839595
-14.28920805817943
-6.31852454354783
-4.65165308704610
-17.37897321770630
-32.32716609190632
-32.50376056029093
-46.69622744760115
-41.55735734654507
-43.35730639588834
-39.40647663099071
-36.22784089081129
-33.72646110438588
-28.75196638180332
-22.37142841997053
-24.24681625106360
-22.63029904439905
-25.90024302512515
-24.02332749253310
-25.63370490925037
-23.97226997899913
-18.06730571170172
-12.21901857210091
-32.78574128347995
-30.60959136556945
-20.86672670364906
-27.34036230128715
-16.20918801265394
-31.33196757797712
-14.32108874458656
-19.88774600603244
-31.15901156591148
-15.81012751396072
-12.19568988034508
0.47869606240186
-0.31746403789812
-1.98332238944871
-2.25598843782093
4.00689062337808
-3.15447575491727
-1.19194799508870
-3.97626922817916
-10.86759710243237
-10.54241830637486
-27.54107673692172
-24.74021367319061
-24.31462487761330
-19.23430101416011
-18.31623262723873
-11.83627911583790
-12.54255756607401
-3.28578303317121
-0.03865299648396
0.53401481183485
3.46043474423267
4.19738262671283
4.53520197573056
9.28753117617693
7.38112648422320
8.69855143925619
-7.35754587149882
0.47678373532639
6.55217422336384
11.45557686644887
6.86924585082371
12.78145940728861
13.66817222344373
12.96689489656230
15.02765800688963
7.97252237581935
11.23827590449604
10.01707994246223
4.71021251461890
4.23087085985850
10.32745246097750
-2.68884717638554
-1.30005366942631
-9.24280700266130
9.89078533428240
8.91718196200823
9.26069735683221
16.73325357751741
11.01079620005663
10.54209798412293
12.36308772335059
12.95984236493124
12.14405850935351
8.56453396282076
8.88477665649247
7.86494695291739
-11.03239910037611
-10.43763338272498
-8.63952869141152
-6.33460665854662
-5.19848319439406
-4.43199174289201
8.99911200584512
8.69388089499648
9.38489349432517
-12.82452720531443
-13.43149994245295
-10.46534329281936
-5.88477011924874
-21.27578174127742
-40.09699256656161
-30.57898977745381
-50.53457663952432
-50.71720148341154
-44.48822541581890
-44.17340868681003
-41.58113156086371
-35.12521256275919
-51.16242843937960
-42.08209549599555
-59.22432453530663
-71.98410760725464
-77.25209130238453
-75.91738961340617
-86.83160164965156
-94.52913701683038
-68.04856032342362
-57.75459970674648
-48.17550169235035
-25.70080369323432
-18.96245445898465
-10.24758875296612
-19.85087432767992
-23.08548441800952
-45.28511816776497
-39.89177536833743
-31.71087446974611
-33.40650552751038
-28.22055464643536
-29.52343123881630
-33.22822138300248
-34.98106725044666
-27.93340032302823
-23.66375712207755
-18.25051229810967
-15.60334359345935
-20.26532523708563
-19.44775697254443
-19.85308976783871
-12.90717331526481
-18.48663259510641
-21.45420200206672
-16.44477430261076
-17.75447589283644
-29.01831942281082
-39.36414225256875
-34.85675959053719
-42.71208330824106
-42.10793116991380
-33.57794325268661
-47.03507122896924
-33.22896941278384
-32.25760739243875
-41.81331993126845
-37.25344231266470
-17.83934586897402
-10.83042557767126
-9.15928390458796
-4.91245041723521
-20.70262435286988
-7.02293112958283
14.81379063820573
10.53397091666358
15.45739906345575
16.32641263231242
12.19639165279075
13.16250213702266
16.57469003105766
19.05395904475561
30.02755000017784
16.54182046872170
22.96324267616279
23.40521014513942
18.97138232457284
19.03591548073598
19.10829247524291
21.51743663080320
26.01047713641618
22.00340000988025
29.32249056818833
34.08356139559621
36.10458500140301
35.90854471378012
40.32230948811483
40.15650206789359
38.98534524339772
34.37262470575116
36.49996660826164
36.91737482501010
42.45268477058551
40.22982805796204
40.35227820389581
40.15076330654563
41.15641567728807
41.55983451357306
38.64137704080125
51.75196213686132
33.53270653463968
25.68160617032921
24.36547477657772
23.16574550282196
23.85485842301162
19.67434970992887
17.96738822604518
14.81024361277689
14.48336930073098
13.72819585222254
13.22851492745830
11.14411802401374
17.45498515498047
10.86403264009762
15.17620736524922
9.80639822426398
28.70358401647423
34.06631856903469
35.64370738102295
28.95681986381067
27.19633777726310
28.69952487670349
31.79541432036449
35.81938085831597
36.36420960560697
30.25369259494829
46.80263388380007
51.87879909220555
38.08957159500568
53.39618576210328
53.93834840662587
57.06759867375845
53.61560989687080
56.93486345465794
52.04689490609110
48.76065392490096
47.73641770250921
44.99072861486163
50.63889017659817
56.38199746796234
60.52398549988384
57.06350810732664
53.67988235894433
51.86012034513966
48.21423462586109
46.00749020767579
40.98841070901621
45.38710930423407
49.83369579004476
56.94691877824961
51.93701304245139
49.81078064819276
49.37188056667502
47.58334169573784
44.74146957060004
55.28781122327964
50.38291689384890
51.75733500120889
48.81255577086759
65.70532465518708
72.18368643753713
68.24238056864375
76.80229567335452
77.11898726635896
80.35817820765753
78.80620793698675
70.14426130417966
64.23975326498052
69.67542609434170
61.09486680206129
52.24809324369447
40.57104750224855
35.02083262313936
29.96287967959863
24.53666317236716
23.05911329352444
24.68654945893440
26.05824689325327
30.57262464817322
28.11405228276887
28.37295969193449
24.74204213685404
17.62526316086970
12.39645020803260
9.93931716631398
9.75816797204503
9.89409401414613
0.54742462303363
1.40406454753671
-1.25997244553480
-8.62157650877398
2.56398728057917
-1.51853269876055
-8.20341389541633
-4.12686769926341
-7.97097571733983
-3.45703586213435
-0.61136017877746
-1.86126648334798
2.37945177633475
-0.46922370572847
-2.27153681000809
-6.25502101294954
-5.60305431287611
-3.69239541841799
-2.06468125539235
2.95225362656991
4.70941359431472
4.80508391948367
2.59320562125785
3.78681306943134
3.98236679815902
6.98305979257043
9.40133567023280
13.39951487724129
13.89763992294936
17.58329552502689
18.48721484530368
16.93984080359428
17.45106846015094
18.65712819962948
21.64448893605309
16.64385116483440
14.54302033421819
16.61201187077417
16.67926336432510
19.11666547209195
19.43290861577947
15.50056219193683
16.44397624440200
16.11474964318627
14.43521452918163
10.08653860089416
12.21655257299413
11.54942380198064
6.84638899278978
3.89905550905903
-0.85199701069026
2.50348654573829
5.41264180947440
6.70878374429296
7.93787298950897
10.01161450288337
5.86812352944426
9.58634321684830
12.35910441390227
25.59451101579782
23.78369505912483
32.58563265457797
28.51329836467781
37.54398628648367
36.08805318645783
38.52795129615895
36.30386627663046
36.40291623855210
32.31782124664399
30.22655913478140
31.18796958780449
37.01337544294138
38.44554311872936
44.41925967896313
41.55227496686810
44.64263028219288
46.23124987974977
49.36659585650826
55.38285761750100
60.83845049134317
59.46957876678959
58.34194066041898
55.72840884774334
50.88118945138152
41.22666059879683
39.09312452838817
39.13062100509685
36.62353710853836
40.03049804973584
36.00972042874540
31.29077942259428
31.27382158077064
28.84477332524557
28.37062797863101
27.44145270930103
29.68232986234955
19.91365617970054
35.18431281868670
37.53308904433764
31.64353415138106
29.10668485039229
34.30159490341539
37.24278970309496
20.36715965899933
10.08167015367435
28.94792713736135
33.59351124115999
25.92770739599489
20.91467810041934
-2.48266259824806
5.37870633764060
-1.41236843763105
18.57731411717162
34.93772239674286
46.87340516595374
45.92602040962983
39.75528416928037
-12.51772405900831
-11.89840577698176
-53.45078023091934
-47.58355261695685
-67.39161350960248
-58.54662653525983
-47.17936344232357
-38.07402558424591
-55.47265986707495
-44.04311722655120
-40.31619204028792
-35.23617712397535
-86.78161117211913
-71.08733749205727
-52.52787192874116
-41.15091058792072
-32.73912515865728
-21.73601967483969
-15.79216442525444
-27.20841767878930
-19.79393006664563
-40.11188682408216
-32.70304372955587
-26.15976778241115
-20.32934839740183
-18.41497290123608
-14.04871324717844
-12.65128201769723
-10.53229724312875
-6.97375329478360
-8.94487687766876
-4.04731275298575
-8.56522860714131
-4.59623671565242
-8.11709615784595
0.30130971303209
4.16559674861311
28.04700933021349
28.92323033763284
49.64876730675120
51.35225684168041
44.57961213989982
40.57909996483033
40.77373323494258
58.66289344063564
71.08628249597838
65.04155238023179
80.86853116336376
88.97213725182371
87.29582330186894
84.61998464108130
78.74638605709396
74.24966950930373
89.23025989580896
104.38787029035804
90.30897981943694
100.51039984198468
111.34531582087718
104.89484235546513
99.57333554424211
93.53832693273633
104.39453661721622
108.40291331314782
116.56861455485752
113.99142353514775
109.07686524361206
105.27421394915248
115.06875090773255
122.76582638950026
132.05383999497766
115.72683013087376
106.77596502215226
102.37065624254851
116.89725699224806
131.09227190851485
125.89500350074425
112.27163423300757
106.04754562420338
105.24065125002217
104.70867955696247
105.11380655811163
99.30090146203977
97.60236736426944
94.68038492561369
84.97030473029024
89.50588922661557
95.05965606828691
83.61123468524299
81.18202120368920
99.63477748273266
90.52665746640103
87.06613210551492
88.39262850177892
89.68201938106168
105.38337939856710
93.71492397957168
94.74607121703821
86.30938079282396
101.62110325762808
113.43773510168296
101.50025961359131
100.90589886506100
114.21063580265275
102.32619588488079
115.85426940656751
115.68162987249350
118.80134837409747
120.59290323229972
100.58057233101195
118.42028667198701
119.43361536111766
133.04590780456795
132.10771430267027
128.09025503937556
72.86966342168692
72.36595864010187
65.73440980590226
69.36837212427848
71.73324160136011
64.52534007974089
0.20564049956549
1.07661970578827
-5.83865784642277
-8.63622968141519
-15.36941434433052
-19.26702492233991
-43.50940324821964
-65.46048708215616
-90.16542405389632
-82.66680743909977
-123.17360483078127
-160.90160276061431
-175.15714780143844
-210.56112365140700
-198.72296414633314
-232.81559036255362
-254.08649254341091
-268.83011959188394
-301.95506071779187
-279.40393700597497
-300.44869055128822
-297.43511065925065
-294.91218168128586
-252.81221760774099
-226.25408929517914
-184.83897123359986
-181.43301040150769
-164.93906762597445
-149.63337166129293
-160.63405582489887
-129.82502487955017
-125.10231859616682
-137.47834215991676
-135.83047001965608
-151.59040032516401
-146.63117114727140
-168.00460982028136
-194.82778970511814
-192.23294119540034
-172.31399598885434
-201.91984613901252
-181.14168190398911
-152.12558779998514
-163.00321454929050
-146.72638216752486
-189.91672147422133
-152.72019535056862
-137.80185798645454
-146.22588030711736
-155.32308775481027
-151.57025468383176
-162.48058146355604
-171.88648667551652
-175.61350542811635
-196.99386221115600
-183.20527694633660
-152.60120629668128
-139.93412460682680
-128.85522391546752
-119.79094007197810
-130.53141004962521
-122.53499982585076
-128.13065023143952
-115.19758819203426
-119.87596358992231
-108.70674340932801
-92.46894602053672
-106.16514035077695
-100.14400418673092
-95.34804667231863
-72.80258749411416
-66.72735767913805
-65.68592383535369
-64.00698112225803
-64.32528382292587
-59.78037450078317
-58.00260454714758
-44.59336161826995
-43.94122692443953
-39.81682281136902
-36.75780930441037
-43.82986291513118
-38.60589140533833
-36.74617086294079
-23.19333471786469
-15.75461241282774
-15.92473442138736
-20.86082114224142
-7.80219450383555
16.63731347196565
22.95547465969355
34.49272204519909
30.21335610053766
39.71937998697335
33.62188396166444
35.73737858987148
44.63338323802428
3.02185885553250
15.67096706387924
35.32496663603486
42.19881444978435
44.56164648152401
51.97545060479588
52.37189811390595
55.21777361234609
46.25279531389778
52.17115387643999
42.00999515070184
34.93355821297993
42.72064547864994
37.00056086911175
43.86781858001739
45.44524217051863
42.42562520911579
36.61406617434396
48.34532805280765
46.44951634489013
48.90697923347933
47.63290880817188
63.77729742591863
59.98654970723931
65.63701052582540
72.04600256664349
76.19085232688941
72.06805945948474
69.71385951547387
76.65420531157949
70.62678594515033
68.40192093177983
78.21629454930127
82.06677865550584
77.30192126159658
80.61110483840356
86.53993616259464
79.68108278448612
95.09495358879988
99.19104293365514
99.97896879894049
90.82941951161955
91.81809799827965
93.14734235799736
84.28640499581130
70.29136877549655
72.94100475347055
67.59601952705725
72.71410975536824
87.25487062180743
99.70188693406669
101.70994412843480
102.14457171580544
89.58639905694093
76.49711120747963
62.30421840038995
59.28543843271446
60.96475162473705
47.85777866090224
48.84811650208242
16.13609217087011
31.88308680538098
43.27150855076492
54.80024728961699
60.05211688556028
64.81057312745328
71.07704978552471
72.76316856686842
73.86039056616094
73.62484369809135
52.46952535512037
67.55250982375505
70.89473730531512
79.71467081043973
80.02851904022413
82.40843567059417
87.09658945782729
91.43944604864271
94.22141017416044
103.21895848310160
108.87355292837535
115.11731037287259
115.12258695316015
114.50949569521350
113.72819775657308
113.42682232915838
112.02239292398590
115.34014477454845
126.71956111197269
138.53141806014617
142.57057826806223
155.90462993173429
165.50582943305713
177.41222180567348
182.44882555029011
184.38759777437681
168.07662490144077
167.96140348612229
179.07786714969001
186.60187874336481
172.96639207896118
158.44969795107340
144.53683879209669
156.86306640757937
166.47127154720454
153.60660777949460
140.38248380542601
144.72165940561314
132.18383206844879
148.22640962265677
138.88664780146672
129.75873320080979
147.78618655923782
133.22894365886154
120.38850544837908
133.37426455741857
124.92522610238123
112.50728365152628
132.28535966520377
119.70140508656391
115.52046829880939
126.78986173198498
138.67381602164411
132.42858380002872
110.77513977829156
101.73118019622858
82.95128524628723
92.72812201700772
108.06307747374615
115.67182429928940
99.85783543626839
86.11972490429216
93.83626612493217
110.16551750930593
121.52217158166729
107.57778630883443
120.83362378223782
105.16914596781868
122.28146835307558
132.19973721321196
145.55530843213552
156.84283030053075
166.46826515705942
144.63203045021018
147.34167830028440
155.41152074561785
139.95459732122816
147.21989216453221
156.48229820971528
167.78776107696279
150.95453589269880
134.77599414276381
137.35339177949399
152.99540676890120
131.10013116044189
143.20447330212320
155.73466113605389
162.29293331001185
164.59166388518261
172.96742864278946
157.73460346330600
162.66548231787039
167.38653980314064
149.50303619141397
161.12260418706148
170.38845498963991
138.34058121788601
125.24887416561680
141.98093389084181
126.54209701410271
104.86990505468380
95.22978964839591
110.64984214874917
124.49461332502831
115.67521383434314
103.05944491485697
92.96011837372254
82.58654616960501
95.85523509935540
85.24482351345249
77.81726063700772
69.79512400444658
68.18209650294753
62.43177032664475
60.88646525927566
54.51993734040325
45.65987785933964
39.73993524939166
33.08507230854465
31.84219977012700
30.79357009360569
30.56316789987771
28.07740636748770
20.69484805870531
13.90447177964804
7.78045561569213
7.56440959890527
4.76393622743764
-1.65503482692948
18.01065895929938
37.75412269518345
58.71408285982064
77.91014339187716
69.60488999299579
59.54042812301952
52.13137587735169
37.01525055776664
59.52708582450752
46.80079355014488
62.22083577157095
58.41494247390607
57.22231940846049
77.22204432287606
75.75925020676655
76.26855857218355
71.13670192220695
56.54164174184634
47.11324747183733
38.41770737270201
32.41447814969862
32.95092068718044
33.65684992964849
50.97709508928334
48.39923074925014
40.55847741031145
39.78164057363319
35.77280326362330
37.06302626772383
39.39799203701010
35.79916170495961
26.19604285123608
27.25007870639020
28.63118478356820
25.72566055985421
25.63718434629425
50.08270614234533
44.20983323457527
39.14650600900771
36.52442804471949
59.85179370029337
46.30493113753100
73.05198446698147
70.82200969370659
60.55265805879267
80.77413408503706
92.45272622546139
111.36940255929174
97.51993520263215
88.14573227343635
96.44000346899152
88.75775066139330
72.99727662026321
86.93165563224397
82.63462937460785
71.81020446276010
63.70066892789810
81.17597325413456
72.85674644778827
88.44960625431618
82.82428135238067
74.51827249157589
65.72447357329376
58.22032532312407
43.21682205700236
39.96119599038308
35.11296648900716
33.39673070579082
33.60557993671898
33.05149979317693
46.63001349018802
36.40470932138247
33.48332659033535
34.79545693815756
33.71425958885076
34.09862042658928
28.92116325896530
26.73936390503543
22.44011491934182
37.28958560444497
40.01292906938747
64.01590559314916
56.28294521364570
51.82632148378811
75.26857750203642
89.30957689841547
82.21027257634100
69.32753352332647
82.49029998695039
103.28396545663179
90.18941491033780
78.39833743308910
96.60464062520337
83.43851901969731
93.91080159166273
79.69245835306883
100.90055937077696
87.55357237501229
83.81687775369002
98.79411807961365
115.07584334921692
104.71771841448349
93.42045125523961
88.13540146757452
73.43285026430482
67.45360715799789
86.28734833602279
100.94358299853576
114.88969475624444
128.00620928672419
141.05454411846853
123.34028649619874
111.63637661115200
127.35976785703372
118.04651840508082
107.95829132559970
126.77278190157381
140.96780415578547
134.65862647206950
118.03154700915357
132.08987474564938
145.26392789705523
132.86887388235650
142.32142058608360
130.66756858092415
115.60614310088232
100.57889116477365
120.10281629514320
110.00543466261620
99.91773752678809
92.09865377959999
80.85305155899751
69.96417706150093
89.03744556776661
105.06864615497093
99.10119273232549
90.46839376990140
86.37051720247264
100.78578728442717
93.74149340840961
81.73301826217005
99.09736957832676
88.53551720966937
76.63054352484775
68.87421919160492
86.05061243658945
98.26074868790585
91.76250159572805
85.70138277238736
78.89296132213062
76.04657483879147
67.21042086098977
64.41226662987148
58.89715450521885
52.48589065406783
52.99780275957588
52.09905459868210
46.39379020549622
44.85677125539242
36.16010566699742
30.01793205609254
28.46805719606580
31.84114262778528
30.48493595186388
53.06363279217696
42.72522458440359
36.58189084964182
34.93379899897707
30.67318809283704
26.42473382983719
46.88519760101632
42.31637309386039
40.49900758788593
41.19675216292872
67.07695481058551
64.36132213520335
53.43239906624132
69.75280810089170
68.66125510961371
86.86216253550268
81.16214157847742
100.58081073578249
84.49838651555682
74.73720103588647
69.21846908910103
85.39422424122787
77.15093947483069
72.70890353162071
81.48233075193400
68.79190531977180
86.63319625010038
104.84691725677388
108.40563285563246
98.04076667623639
93.05485561823357
108.42662911120136
100.10527182636442
80.21946484357809
60.13551300871030
74.82477699049042
69.90575060876077
81.91877188115573
97.89451930051864
112.95785536032977
103.86007451197273
120.80998959610000
134.97006874962088
116.66335203325409
91.76064169833822
82.75715467591601
95.44270576613776
81.64503702674945
97.47187473785742
76.32424773517812
93.37548921306627
109.80044567731849
100.93916699622758
84.06827839520095
75.87705288263362
66.04371123498102
73.67279874353338
89.82129728686201
80.30647097717082
70.21321075349628
81.60915400707809
95.46947113857905
101.18173378664035
73.02397603758263
65.04823658648095
55.11196818805494
51.90937642336521
46.86691864289534
37.43451430055401
59.82915685589482
51.09920419554155
46.57958824732660
39.22108307057076
56.58214292830458
46.03447137476329
38.83289360994214
38.49906261004440
57.20752969842576
80.30752920647686
73.18142206586536
65.91655498815440
63.49441487974082
82.10254226827573
69.93159127442709
63.58165565513313
62.76947984857242
54.62233982602751
75.47045713718909
68.18317052468701
54.96640006805352
55.19969218225291
48.24985803486469
64.74580737192477
78.42786444153523
74.25542112932375
87.13258287234102
77.19825253672599
94.38142605061404
108.72320371950522
121.60342257608741
131.05389462739112
134.95364602875176
143.53194655299853
119.42181543672773
130.89279613887786
114.73076073768488
104.38290208457869
97.69204680425615
108.28950352583009
111.50768538856325
127.21025670826322
137.69080018340657
151.24511015653394
132.95983729038323
122.04803866932701
106.84497191254603
91.80453056861954
85.18146549059941
78.64382625239259
66.47289660778382
85.48759101725071
72.01418584008098
61.48709260290142
80.78153073148137
75.09479739497455
65.16725823037062
82.73721709705993
72.17445522244759
93.55135131352725
106.76073659183579
97.66916333354339
90.31390013556921
86.19950622710159
103.27106513478046
94.51631946740510
110.40038779814948
99.14417552518532
86.29786052364224
72.72344755113359
95.11405322800167
86.04931224102315
78.74757825982699
97.04907049515829
89.95008013457758
81.04413689591695
70.64707922831538
65.84930865739867
80.57705719988631
69.53084425716362
64.54008791234375
60.62068257245563
60.86703474682032
58.41278138123767
52.84488120766255
47.65055442313486
40.08750984059358
60.43522402546861
48.18520075783967
45.31663846604479
42.55998487017304
41.68468548260280
42.44916657946223
40.68335868610322
63.32263284250398
57.28351771911898
58.45663917091203
57.13989033347812
79.87551040520941
66.56967075054371
81.36637744452767
76.25653670081554
73.42636680083696
67.95884363420370
63.27499976567498
53.81535054449098
51.51602766706252
41.92465583661762
33.43714708001212
25.76061537071490
48.94890371164469
44.48103360888915
70.53733615629892
87.32996565987484
75.77361783675956
72.23256054488468
87.37920118201896
77.86168820503440
91.34351111553819
103.43503937118273
89.65517179889980
83.83441977242028
100.82906312382595
114.10135625628475
130.17031139826477
142.09675316896974
132.22841038630546
148.02382974085242
132.69705604475516
117.64186409428643
105.40396089248145
98.29039705705237
88.87381083494728
100.22661803940484
83.89077742883238
76.82162671122788
68.78341403522047
65.54174706672546
88.05588180788354
106.49250254069258
92.34226101041916
86.31849524689727
104.57527908250351
114.72024725726224
129.96665147492436
117.99659269048942
104.70352720758456
92.92197801405405
110.82081607589548
105.63044490412337
122.72395357025329
136.93221208015623
122.64018549198262
137.29917676741857
121.13493027954509
134.37108642444116
124.17115071956208
138.03599562045221
149.09663656622533
136.53177122863883
150.00863900228723
162.96841087236163
173.23905206992961
154.64756327520675
127.94537972964648
117.16513227707975
132.91862183627217
147.35708536619399
127.70371306307939
118.32727965899427
131.96896175984983
107.69572642282500
101.65550397679546
91.16181035070021
96.34223996598192
115.08055497076174
104.26433478021042
124.29081412045794
137.10683852878844
148.06118640070011
126.96358758314014
111.46082397251350
130.90914224463214
101.26906668916193
121.89139476239146
136.91461368828982
149.58580228842203
161.41846161044447
168.08299513496354
156.69304996890844
163.89456014093034
168.14850915465863
172.23076150684258
157.63659785084454
171.43339706074323
180.04143039906984
162.80190104909872
148.70421142174501
160.38745815175179
142.64920963868349
153.61077905983706
162.92266941884478
174.14031131200875
182.26381533970073
187.00444568709224
191.48704188411824
194.43128108051323
199.85124972388610
197.71493223773209
201.16583910535246
176.55078204136086
187.65174205681279
171.85316561293286
157.29398500905305
168.31116156550300
150.27875822730999
158.89298316441466
148.77318826132662
163.83027124236048
148.50614538094325
133.24889630455593
126.12903091988369
118.22458777462369
108.24432523833275
98.99091658973079
114.45971609498498
128.51613190199805
139.68309007616364
157.18432872102215
145.98912705628587
134.56699269752997
147.96722110845653
160.41361846561972
169.59177946144283
151.37150369678008
136.43484723373106
151.48049623614213
141.94692620786844
153.83310911944005
166.35020704710712
179.18648543898422
146.65106929388116
158.72721618516380
169.58523644900720
171.03191575627048
180.98968745141832
190.46557282911954
196.82041480056543
202.41049028912406
210.29392013162442
186.02470872446636
191.56841694236897
173.71444539036193
181.51628401720686
187.43414896882209
172.11770421765152
157.46365152006399
141.90351440866709
153.07554454575950
164.49356234740048
174.54728841356422
159.08285222594742
144.86311660668397
156.90121819309203
148.55306044430412
159.96595610401923
148.54690456288176
159.84029360141972
172.87354888945245
153.93742870270805
138.23688106944749
147.56509944159637
132.58585237399711
146.04321517521842
157.36287405240333
172.93566024254656
144.34708536524948
157.37478468596700
161.87114142187929
144.04879283425370
126.74751379602026
137.90347312407550
150.16500759047668
162.72815445075366
170.99109443242293
179.24646723333694
184.67089108654176
194.90705287798565
174.49596316208451
156.79347219780760
168.45942886104976
153.65302380112675
163.84914966071105
172.23228364184678
158.98952716415380
169.92695719078313
179.26243977762132
186.01514350009182
195.63879498306358
203.95600740698117
210.98083000835717
191.64523159630238
176.34636644029621
164.95889442430081
173.80255110183325
182.08146202725092
167.06512647435574
180.81283995430903
190.40535790707008
196.55074664780864
203.72669175494929
210.92629314523617
219.24402739525047
223.74720946102883
204.87178026878624
213.31899217228283
218.89117724600067
