-10.00000000000000
-8.90000000000000
-7.71000000000000
-5.43900000000000
-5.29510000000000
-2.76559000000000
-3.38903100000000
-3.75012790000000
-2.47511511000000
-3.02760359900000
-2.12484323910000
-2.31235891519000
-2.08112302367100
-1.77301072130390
-1.49570964917351
-2.54613868425616
-3.39152481583054
-2.15237233424749
-2.03713510082274
-2.43342159074047
-1.79007943166642
-1.21107148849978
-1.38996433964980
-2.15096790568482
-2.43587111511634
-2.09228400360470
-2.48305560324423
-3.13475004291981
-3.52127503862783
-0.56914753476505
0.78776721871146
0.20899049684031
-0.11190855284372
-0.30071769755935
-0.47064592780341
-0.52358133502307
2.82877679847924
4.84589911863131
3.86130920676818
3.47517828609136
2.62766045748223
4.56489441173400
5.00840497056060
6.50756447350454
5.85680802615409
5.07112722353868
4.06401450118481
3.05761305106633
3.05185174595970
3.44666657136373
3.00199991422736
1.80179992280462
3.72161993052416
2.84945793747174
4.56451214372457
4.40806092935211
3.16725483641690
2.65052935277521
1.98547641749769
0.98692877574792
-0.11176410182687
0.99941230835582
0.79947107752023
0.01952396976821
0.31757157279139
1.18581441551225
0.66723297396103
-0.49949032343508
-1.14954129109157
-1.43458716198241
-1.49112844578417
0.15798439879425
-0.25781404108518
-1.23203263697666
-1.50882937327899
-1.75794643595110
-1.48215179235599
-1.93393661312039
-1.74054295180835
-1.96648865662751
-2.56983979096476
-1.01285581186829
-0.81157023068146
-1.13041320761331
-1.41737188685198
-0.57563469816678
-1.31807122835010
-0.78626410551509
-1.80763769496358
-1.92687392546723
-2.33418653292050
-1.00076787962845
0.79930890833439
3.21937801750095
3.19744021575086
6.67769619417577
8.50992657475819
7.65893391728238
6.09304052555414
6.58373647299872
7.02536282569885
8.22282654312897
6.80054388881607
11.32048949993446
9.18844054994102
7.16959649494692
7.35263684545223
7.71737316090700
6.84563584481630
7.36107226033467
6.22496503430121
5.40246853087109
5.46222167778398
7.21599951000558
7.09439955900502
8.58495960310452
10.42646364279407
10.58381727851466
12.32543555066320
10.69289199559688
10.02360279603719
11.62124251643347
10.85911826479012
9.57320643831111
11.51588579448000
9.76429721503200
8.88786749352880
10.79908074417592
10.81917266975833
11.03725540278250
8.93352986250425
8.04017687625383
8.43615918862844
7.69254326976560
8.72328894278904
14.65096004851014
13.98586404365912
14.88727763929321
14.59854987536389
17.23869488782751
17.11482539904476
19.00334285914028
18.40300857322626
20.06270771590363
20.25643694431327
21.83079324988194
24.64771392489375
23.88294253240437
21.89464827916393
22.00518345124754
23.20466510612279
27.38419859551051
30.84577873595946
32.56120086236351
29.00508077612716
31.20457269851445
31.78411542866300
31.00570388579671
28.90513349721704
28.01462014749533
25.21315813274580
26.59184231947122
23.83265808752409
21.24939227877169
20.52445305089452
19.97200774580507
17.67480697122456
17.60732627410210
16.14659364669189
14.23193428202270
14.00874085382043
12.90786676843839
14.81708009159455
14.03537208243510
12.63183487419159
11.86865138677243
9.88178624809519
10.59360762328567
14.13424686095710
18.52082217486139
21.76873995737526
23.69186596163773
25.32267936547396
24.49041142892656
26.44137028603391
26.59723325743052
26.23750993168747
25.91375893851873
32.52238304466685
29.77014474020017
27.59313026618015
26.23381723956214
28.51043551560593
32.35939196404534
32.92345276764080
32.73110749087672
29.95799674178905
28.06219706761015
26.65597736084914
25.29037962476422
24.86134166228780
21.97520749605902
23.47768674645312
21.42991807180781
23.78692626462703
22.80823363816432
25.12741027434789
29.81466924691311
30.03320232222179
27.92988208999961
27.93689388099965
44.34320449289969
41.00888404360972
42.00799563924875
42.50719607532388
50.05647646779148
48.45082882101234
46.50574593891110
44.95517134502000
43.35965421051799
40.72368878946620
44.25131991051958
43.52618791946763
45.37356912752087
44.03621221476879
43.13259099329191
39.91933189396273
37.82739870456646
39.84465883410981
41.86019295069883
45.17417365562895
43.05675629006605
42.25108066105945
46.92597259495350
46.33337533545815
42.90003780191234
45.01003402172110
53.10903061954900
51.89812755759410
54.40831480183469
60.06748332165122
69.16073498948610
61.34466149053750
58.61019534148375
61.14917580733537
55.33425822660183
49.50083240394165
58.35074916354749
64.41567424719274
65.17410682247346
65.85669614022612
62.17102652620351
58.05392387358316
61.54853148622485
60.69367833760236
66.92431050384214
71.43187945345792
67.08869150811213
75.67982235730092
79.51184012157084
80.56065610941376
104.70459049847238
109.13413144862515
110.92071830376264
112.72864647338639
114.95578182604775
115.56020364344297
106.60418327909868
113.14376495118881
109.62938845606993
101.46644961046294
100.51980464941666
99.56782418447499
100.71104176602748
90.93993758942473
91.24594383048226
108.52134944743405
104.26921450269064
108.24229305242159
102.91806374717943
98.82625737246150
100.64363163521536
100.67926847169383
105.11134162452446
117.20020746207200
111.48018671586480
118.93216804427831
114.13895123985048
106.32505611586544
98.99255050427890
102.89329545385101
105.90396590846591
102.81356931761931
98.93221238585738
92.43899114727165
91.19509203254449
91.67558282929005
87.30802454636104
81.97722209172494
73.17949988255245
82.36154989429721
92.82539490486749
102.74285541438076
95.46856987294268
95.92171288564842
88.12954159708357
95.41658743737523
100.07492869363772
101.16743582427395
98.45069224184657
103.90562301766191
100.91506071589572
113.02355464430616
103.52119917987554
103.86907926188799
107.48217133569919
107.73395420212927
109.56055878191634
105.90450290372470
105.71405261335224
100.54264735201703
112.98838261681533
138.48954435513380
174.64058991962042
