-10.00000000000000
-8.90000000000000
-7.71000000000000
-5.43900000000000
-5.29510000000000
-2.76559000000000
-3.38903100000000
-3.75012790000000
-2.47511511000000
-3.02760359900000
-2.12484323910000
-2.31235891519000
-2.08112302367100
-1.77301072130390
-1.19570964917351
-2.17613868425616
-1.55852481583054
0.29732766575251
0.56759489917726
-0.48916459074047
-0.44024813166642
-0.99622331849978
-1.69660098664980
1.07305911201518
-0.03424679918634
-1.23082211926770
-1.70773990734093
-0.83696591660684
-1.65326932494616
1.71205760754846
0.94085184679361
0.34676666211425
-0.68791000409717
-1.11911900368746
0.09279289668129
-0.51648639298684
-1.06483775368816
-1.95835397831934
-1.36251858048741
-1.02626672243867
-1.42364005019480
-1.48127604517532
-1.23314844065779
0.99016640340799
7.69114976306719
6.72203478676047
5.94983130808443
5.25484817727599
5.22936335954839
3.70642702359355
2.43578432123419
3.29220588911077
2.26298530019970
1.93668677017973
1.54301809316175
1.98871628384558
4.18984465546102
9.37086018991492
7.53377417092343
6.48039675383109
5.23235707844798
4.60912137060318
6.34820923354286
4.71338831018858
3.74204947916972
2.66784453125275
1.80106007812747
0.92095407031472
0.52885866328325
0.37597279695493
1.13837551725943
0.22453796553349
1.50208416898014
0.75187575208213
0.27668817687392
-0.45098064081348
-0.90588257673213
-1.21529431905892
-0.29376488715302
1.43561160156228
0.59205044140605
1.43284539726545
2.38956085753890
2.45060477178501
1.50554429460651
0.55498986514586
0.19949087863127
-0.62045820923185
-0.65841238830867
-0.39257114947780
-0.25331403453002
-1.02798263107702
1.27481563203068
1.04733406882761
0.34260066194485
4.30834059575037
4.07750653617533
2.66975588255780
3.40278029430202
4.26250226487182
3.53625203838464
2.68262683454617
1.61436415109155
0.55292773598240
0.99763496238416
1.09787146614574
2.28808431953117
0.95927588757805
1.36334829882025
0.82701346893822
1.84431212204440
3.95988090983996
7.46389281885597
7.81750353697037
9.93575318327333
8.14217786494600
7.92796007845140
6.93516407060626
5.74164766354563
4.36748289719107
6.23073460747196
5.10766114672477
4.09689503205229
3.28720552884706
6.05848497596236
4.85263647836612
4.36737283052951
4.23063554747656
3.80757199272890
2.42681479345601
1.08413331411041
4.27571998269937
5.94814798442943
4.95333318598649
4.35799986738784
3.92219988064906
2.62997989258415
2.66698190332574
5.10028371299316
5.39025534169385
4.55122980752446
3.99610682677202
3.09649614409482
1.88684652968533
0.79816187671680
0.11834568904512
-0.69348887985939
-0.32413999187345
-0.29172599268611
-1.06255339341750
-1.65629805407575
0.80933175133183
0.22839857619865
1.00555871857878
0.40500284672090
1.46450256204881
0.71805230584393
-0.15375292474046
-0.53837763226642
-1.38453986903977
-1.04608588213580
-1.44147729392222
-2.29732956453000
-0.86759660807700
1.31916305273070
0.68724674745763
1.81852207271187
1.43666986544068
1.09300287889661
0.18370259100695
1.56533233190626
4.60879909871563
3.24791918884407
8.72312726995966
10.05081454296370
9.54573308866733
10.29115977980059
9.46204380182053
10.41583942163848
8.67425547947463
7.40682993152717
6.36614693837445
6.92953224453701
5.93657902008331
5.04292111807498
6.83862900626748
6.65476610564073
8.48928949507666
8.54036054556899
7.98632449101209
8.28769204191088
10.55892283771979
9.80303055394782
12.92272749855304
19.93045474869773
18.43740927382796
16.59366834644516
14.83430151180065
16.55087136062058
15.59578422455852
14.73620580210267
14.36258522189240
12.92632669970316
12.73369402973285
12.46032462675956
15.01429216408361
15.81286294767525
17.33157665290772
20.29841898761695
21.96857708885526
21.47171937996973
20.12454744197276
18.51209269777548
16.76088342799794
14.68479508519814
12.61631557667833
12.25468401901050
11.62921561710945
10.56629405539850
12.10966464985865
20.09869818487279
17.58882836638551
16.32994552974696
15.09695097677226
14.98725587909504
14.68853029118554
20.81967726206698
23.93770953586028
22.04393858227425
24.83954472404683
28.75559025164215
32.28003122647793
39.75202810383014
38.87682529344713
35.48914276410242
44.54022848769218
47.38620563892296
56.94758507503066
65.05282656752759
58.54754391077483
53.09278951969735
50.38351056772762
44.94515951095486
47.85064355985937
63.86557920387344
60.07902128348610
56.57111915513749
62.01400723962374
98.61260651566138
112.85134586409524
128.06621127768571
143.85959014991715
146.27363113492547
144.64626802143292
158.38164121928963
172.74347709736065
176.86912938762461
190.08221644886217
221.07399480397595
