-106.08522699776964
-109.75232609696407
-108.28919981194203
-133.14156792550071
-123.40889589721012
-159.40498962373212
-154.20739300300787
-178.46284925948757
-187.74838342025637
-172.87254850700907
-163.75706535229165
-168.04329653332729
-168.99090166174787
-166.05000904065383
-196.54499404247292
-177.91607717477945
-175.38072700999209
-167.65154299127968
-158.18436870342174
-161.04486630821930
-148.54502624197076
-142.89512139852803
-156.94748229566764
-164.47593329133215
-161.06519552673444
-150.54798573244756
-143.06076419015443
-138.64927775843972
-129.45635501408435
-127.78734990788035
-136.16064390280513
-134.80417206290588
-118.49032672987555
-109.17138992755555
-100.80898588478883
-110.51265252528073
-115.80919673623038
-120.33674879310155
-141.13175184028367
-145.48763022484755
-163.64434467380300
-148.72149408799083
-164.76037256798469
-169.15945069899198
-188.91016030793295
-177.20110855553335
-191.37333253966796
-194.34019529460386
-178.19529388263356
-207.36772721397207
-211.34559962769023
-213.65402578499868
-193.53241106680940
-175.38341068709204
-162.24191959400059
-151.28334830942575
-135.54025960947112
-122.53962343573184
-119.33821610993955
-115.81049941148522
-111.55592296197527
-105.63586125179427
-98.29943998421412
-90.01980319911767
-76.63599983311617
-68.65860391581774
-60.46271416273550
-58.06304153970672
-58.81742209502158
-57.82301742289604
-55.88934787692099
-55.00227636071695
-45.44240745469830
-45.33163889860176
-67.64435047397092
-60.77507943744187
-77.91051745516005
-96.09976778619603
-122.35793453079182
-115.26216821172902
-209.14777837226063
-200.04125633872565
-192.89159403736454
-174.32139272433301
-164.91943644438041
-150.02952046055219
-138.12246217198032
-136.61433916622448
-133.89813060444553
-135.66196972206242
-125.54241295972021
-122.12275563734526
-118.54834557588956
-111.71235637962907
-96.80559857055698
-105.78790656679561
-99.79616214776652
-93.06721947352445
-90.44043186760751
-90.16162484890626
-84.08801980564236
-84.16473384537059
-86.10885533613995
-81.93663136883384
-82.28180903410509
-76.32809637712853
-79.88443131888573
-74.79822514225535
-72.54757935222399
-74.12276164774767
-71.47023677067054
-71.58283546933208
-77.98692635983483
-79.11415611408906
-71.06378714271698
-81.92939135819725
-78.09575966071270
-74.74864634913737
-77.27731770430610
-90.89054986608576
-86.13396420966737
-80.81353672446591
-85.41107356086010
-104.76528746998139
-118.47334766426158
-111.65150049041759
-102.43807014285673
-95.17525954573928
-117.96238770757549
-112.60495243743061
-132.85056575705073
-135.87931464541984
-132.09738728671485
-142.78290184652633
-162.19263011065706
-180.73906099713412
-170.78538760811944
-158.11916232144370
-159.41903131986797
-155.00336472921620
-151.00050650327759
-148.88674314686205
-134.27007745793387
-127.80307646322467
-132.81130903327636
-118.87763021802580
-113.48078122861136
-107.05546267707501
-95.07627615897732
-98.06114403036977
-92.96228515573578
-82.35782164667523
-74.08459323514636
-72.16590047011236
-64.05554492115100
-62.38359735340610
-59.43598610880431
-54.10827463499935
-56.65182457437633
-58.96257815499928
-55.68750601523286
-57.23495896616738
-48.91485119401970
-67.92742884671807
-65.03290913352679
-62.94373434963251
-55.83708766335817
-55.00940206033292
-67.87333006049505
-53.91025411483344
-48.35973113232374
-48.86310885350898
-42.88605708168839
-38.82540131449054
-34.70321403105756
-61.82708260033726
-52.03710064972677
-39.20867963988973
-36.47438906003828
-44.54777716854505
-41.72655017339140
-44.34040169133693
-49.11477134079328
-43.42797624491947
-47.59565930218631
-62.80972436130813
-57.34438043380814
-66.24059762851346
-62.94329702519694
-64.46730973847212
-60.21212790345280
-60.89794361124272
-84.00925030130358
-77.33070874217975
-77.20473266291773
-82.33172192265613
-80.84137134182826
-96.11762359846350
-105.15604651294805
-100.91797421008880
-113.29879962836993
-114.24771802345505
-123.22088404349350
-112.06132730959753
-118.20102388707983
-117.34397102924770
-110.47968616760113
-122.46595129506839
-118.15102617659869
-110.70677864095883
-122.86842642423008
-123.64851161613191
-133.65572847439850
-143.50089076180268
-147.39339252577918
-136.73395482766853
-119.52087101613455
-130.90688248883427
-123.63420089522451
-114.81416821772234
-103.76607883445843
-96.43751163444396
-89.29725323993887
-77.51177662028599
-93.20739034108536
-85.34353216873035
-80.15167259911367
-75.80199427701996
-65.55131723420628
-62.88884435876245
-57.39710429602106
-57.02545548269033
-50.36391311117833
-41.41303949557923
-43.47743725440601
-36.25243683926497
-34.50589963465844
-52.39433385628732
-42.02112529278315
-35.42951147004135
-32.74816559956700
-29.03996541220530
-28.66550835616513
-42.56374916517655
-41.31496961975064
-41.21161092165942
-32.88742327267129
-42.83857589089502
-32.26703990786199
-32.14771088633383
-30.57608920428738
-38.50467490280894
-35.56573100823336
-59.24716138951817
-56.24523344928283
-58.42526251979618
-67.28781644209791
-66.45569725101352
-61.55618576534624
-58.28966109692627
-61.94793123603504
-79.29626409972269
-88.57540321422753
-75.35071635463551
-69.25668196353611
-65.62559144954355
-62.82649757086735
-76.20674253765583
-72.32890917470864
-61.87421970058389
-73.48748448192720
-88.51461899094684
-78.15357556543324
-66.24331466532627
-52.22835160401473
-43.99032244160944
-37.19205977312907
-35.93998027687736
-27.83563145207654
-42.23489818073457
-45.73094311377356
-37.85327224297231
-34.07255179807631
-48.43623710754612
-44.89173778928684
-36.53101790548138
-26.99670404330396
-39.16952079857140
-47.31767739444953
-49.65611197153506
-37.80073584306564
-30.24536948284258
-27.09331836791739
-25.43341823798386
-19.76117044517742
-34.12895198162850
-31.15094270600826
-32.47309493307029
-30.91320419855462
-29.89165364753411
-26.15801509882190
-27.71721349559570
-27.53378998845251
-29.85139667809859
-23.31046000724108
-20.08829264221325
-24.36557784703732
-19.00082324651920
-17.50227564475286
-19.27009915429336
-24.50595969712602
-14.80926234256982
-18.38233218825592
-20.82945561243516
-20.95139531376510
-13.45423980632498
-7.89704694131861
-10.13708518517893
-7.64610675398408
-5.63960225745359
-4.17430536824130
-3.34979171657734
-9.98053109764250
-19.89555076523450
-13.61192891836940
-16.06188652645404
-15.55764571676140
-19.23325747789527
-10.20991337870232
-11.12395732226717
-12.84108856672337
-10.48213814682161
-6.39251297304616
0.13187763116183
0.16701846543605
5.63362542231513
7.82880183252399
9.38099950749290
1.88513915904961
5.76012658291160
7.13877204323562
14.13276456448222
5.77044967925198
9.73877229672116
9.07293736741121
25.56496715399810
29.70840250170075
25.46941279458287
17.72071989715178
9.35065006149092
3.71161591208871
4.45495114733938
2.43750904430919
-1.07495365337697
-2.88291350955068
-21.21501773421529
-20.96913216226487
-24.57856699261461
-27.53496831317155
-31.76088636608769
-27.28373081483993
-11.49845234718227
-23.68583272482836
-18.78922110063774
-19.99600736925526
-19.99124151711798
-28.07767580195758
-47.02786329674440
-37.09901147909492
-50.29576420563555
-47.09954863074339
-47.51372951308559
-51.43713324150909
-56.28978690894246
-52.17994268036885
-36.26636691895047
-44.32433339743054
-40.96886537332291
-34.49627278069172
-23.75405474461378
-11.84707469784718
-9.87496738058096
-6.30847820990363
9.68845066612653
10.16436351593399
16.69388736886827
7.30015289069929
-9.46960519577472
-16.87974624084617
-2.43688142821804
-6.12097174304897
-1.55270159943866
1.73938037270892
3.18840738448904
18.16642669277712
21.04158246108661
19.42180990461502
32.37858325286965
28.38719265012128
25.21494441463225
31.13677976495061
28.35348437638017
24.18059254746807
22.68085134121657
21.87577952596353
33.52116604846785
35.42116896523697
34.99526249638993
29.37921926046465
28.30263645447745
30.27712939632878
33.16928938082113
50.07737983914109
60.00820558007288
54.15388482332389
46.56611559917903
44.55640925092538
52.87983510599078
43.65830002685126
41.16135589457841
49.14658591223640
36.60040408390066
50.40771635028062
49.89494667771807
64.08698990517254
60.14908143192769
46.48770029452336
40.07042306354483
61.81162163794608
46.24836672748879
33.73955773560827
32.33093406722826
51.26809022032012
56.72528869209589
38.84407872318558
48.17308582418342
56.31669974042231
43.94435308717836
14.09457578885599
25.28617986991209
33.60105534645977
46.97564284050644
30.03687370479222
24.24191115497494
15.65777169281137
28.76531838720976
29.89410325462443
45.52047706979737
41.97304939038324
33.13043876282993
13.95280099284833
4.88043484328279
28.08153791944081
25.39961509722353
45.10773308056298
63.60196248000005
51.70656316652399
69.22686644464348
64.57411961114857
60.74960901829393
80.42758096355104
95.29630836264862
108.39416550610265
119.67369586800729
107.62070876946474
99.93234809426625
103.71273173703194
94.49668761665396
97.79427528827318
109.10948606297238
91.51580138333897
59.55655477055367
34.80078895258623
23.61408749793770
44.63139915542364
23.08850642236859
46.62515546875134
42.27315502139601
37.55307859412267
38.04065847637543
42.12550360405658
17.84499213727745
18.14481424829814
14.31793963765909
36.45584838072125
44.28867127109357
54.47154216325178
38.89342579590236
51.37098890550698
41.09202656668655
49.77452285454562
41.66235858572045
53.61762280246562
68.92641643930071
75.94791497250435
59.98562052109377
49.26223821158461
58.61698003711263
60.04084280246310
52.67776288978575
6.98044112132674
3.67933780196330
0.92235197430942
-3.89177174820471
-24.99567006195685
-18.40051753249567
-44.77008079327751
-29.90049590918220
-47.48225065100891
-55.74959944371898
-73.48285971899949
-75.10908281630216
-74.04600680677368
-75.34692751549883
-78.60647822332093
-111.93251530235716
-121.53001439455515
-114.57445083925525
-124.20213481032420
-123.94172062618640
-152.99866593374998
-122.18439104036518
-113.37877830220690
-127.82595042558049
-119.39803823279172
-102.28552877205701
-77.68669395589745
-78.90938133107430
-76.45370516297788
-70.32790104280646
-64.54769573245427
-56.58667175132479
-66.74155676234119
-44.80945393122189
-33.98905535165248
-36.10014209845743
-17.64165609405599
-15.02936182465298
-14.69776031111071
10.06850440083955
11.13541690626268
22.61279940090274
33.46149324560020
33.06752529724258
29.80743808382541
27.83184474125060
47.53228219293925
57.00952875362045
49.07494862902726
41.30628071412834
33.31254003315128
38.02876713790653
35.40474410876655
32.13574948574947
33.99862817550018
27.03362905123426
25.15753813477140
26.50531557305734
24.59444172650895
28.75150757467979
26.89857517701637
25.45588399501132
26.50116339367704
36.64439987154075
37.23315938042411
33.51731204650480
26.67418370776627
31.50930573426253
50.51654013877265
40.40536844616616
34.25794246647298
27.08018105835507
21.34870775966555
18.73261628420199
24.93864216330963
29.18362781267025
27.21285075414123
26.92680900748492
22.01357759625136
39.16684093125291
29.90631038803727
37.40719971774060
24.45893820749276
27.28433041258710
26.09729252173982
20.47549413876384
15.48380949251220
29.18222710035647
29.85147853361039
29.87085593296353
16.46238486292844
8.92047443248926
29.52525706678224
23.31849696540884
17.44747661855829
21.18494585808582
12.63416914990470
10.69570163824275
8.28030181888951
7.32466608818952
23.15624329252823
30.91869722105052
28.11667414870251
36.42835913479124
53.45214977128316
41.60918989319421
53.62160023105648
52.08009137076023
40.36119833546650
33.75003131445690
22.09890756935577
26.11944875979710
27.02545267361275
23.44847510624025
17.93492446888309
18.77444896126656
16.49110245602830
15.08367758939957
20.72256073297257
31.22811292455454
30.23269847523914
28.77178856576417
35.29570520753092
32.44143894717948
31.13499093573246
28.15987595765634
26.25961344650466
22.12415338826484
18.92835648822861
18.22604770055441
12.89839755448468
10.46500979695330
16.90791186336450
15.00888509221462
14.36923900639118
10.66732013903338
5.14730136747723
3.24204828888850
0.29732480878224
6.86899575820079
8.45671774435110
16.98955390493287
16.09361254526571
30.95074893833528
46.07554436686236
38.81072408585787
31.58260600893170
23.87913757348245
14.86741983300491
10.91604552110072
17.82877325840860
12.20700411558391
12.71000512552088
9.08476073164720
3.24161243003349
4.28121785653930
12.12481175755793
7.89022261771557
4.01876761740395
2.70505860473368
-0.28146521453783
-0.07577801689869
-4.87759380276596
-3.90142248851053
-1.55961196212425
1.34121242075118
21.84978957673421
12.06717470487988
11.29009111489494
19.88480543576349
19.84887016116809
14.06476130847161
16.77936660655082
12.20276509216802
9.81132211690944
23.17310407356451
16.12205328925553
23.57833210427677
31.80635320954698
30.89210199832103
25.58147896627915
34.77849431957642
44.02163178272673
40.74894588004533
44.23211911616472
67.02637027472342
62.47033104513778
53.62543883395071
49.53775003835923
56.33922684697677
54.97722031721319
51.33568047583186
60.20223814045673
63.58024667459559
67.76217674813053
72.43355025121836
78.38332345309853
70.89506210256002
72.74753962800018
67.46427857719952
71.51885753420524
74.07989547440621
75.16732345553606
82.36292722127492
84.57415804596793
97.18705664285054
96.79206533793023
99.09404657250934
101.16336097443074
100.66926350867459
101.57126490101203
106.59026694709740
91.50541062543718
93.58380771260212
83.95857235298072
75.25629941815492
77.75704461447447
70.61151652790713
64.40915305872043
70.61889134036613
55.73655667672916
73.72034252959413
63.83738364281227
80.70308272297734
68.38015984027892
62.80985708858697
54.23690664997019
45.38149874109201
62.27912682596791
57.65351521755978
68.65659310192561
62.70386165002856
59.98796937343059
54.60140012100270
60.17406225528664
76.43019077054375
79.88102705333405
68.71842668880471
71.88212891840840
84.60091055264165
99.45860098799572
114.09366844562085
113.05718701979731
125.03408999584325
137.90927541723966
137.67082769660306
139.46942608009820
137.98076647191451
132.79093971920261
142.42181686048335
149.51808061939693
139.30410661260470
141.92432001066157
139.27566144837496
150.41254829529771
152.53677304148090
158.27040533990331
151.42137070683128
137.11408075339776
150.89706159469449
148.98556899888501
141.13864291820943
131.01812312147391
130.16043728004584
102.36520447872283
103.21009552152904
113.24694570559546
100.88670037536667
100.59549682075057
92.10438066825046
92.85353939447329
95.67024085915530
79.62570600828010
41.09096993232116
60.37945774421177
66.28686112978941
74.70463645969787
58.21715907924397
45.57752337635254
37.33520799198188
43.38415595882395
49.50815776225762
58.28817890975803
63.94390691147109
66.28751525408080
70.17268319536747
76.41794394792123
89.01678539038784
94.92435310533183
100.12166926527949
100.44160229970385
103.03186793490045
107.24054340538251
118.31737246434705
120.75524777503151
115.79676857002704
101.80106915820360
103.17369232471748
102.64038230463136
96.54543645098146
101.83638591639510
90.27670332455349
81.50965520558027
86.18382704902044
96.11231160276940
95.85979026258863
101.98668474991719
91.47151948332225
96.12296520927200
99.13021492284295
110.48988600659385
109.76841816222037
111.91073212357945
109.56289214651299
119.85354053068531
110.25253715216188
109.74001449113486
94.56661562775245
97.83055641805834
112.83433948917012
112.82628765270356
112.74419748584197
112.43912514909795
110.97158696313302
111.66204316448244
113.43331798474458
110.50209683009045
109.45194404707911
123.76272142444755
138.41574797698593
133.25514188821390
121.66937607875961
131.57135858953953
115.79883754953416
115.88518801637771
126.93227277482566
141.96734843976492
139.09467241173348
137.12759713227672
147.06739224661425
144.82042042690489
134.47805981580086
118.90396963917036
104.96723689981120
118.15053896600999
105.52467167775191
103.10201677450060
113.58000860372036
121.01381165901826
132.32960430762000
140.46512252946212
144.39016987337621
139.72746746156693
146.85845443337561
134.85644024369373
145.72631926752314
153.71611691775681
158.92816938617023
151.14991185593595
157.36282111858608
143.61752826708937
127.39060608080857
137.97825405740110
142.52070707731269
147.26887575873195
152.25041512972322
137.81802598768581
147.24729392795930
154.71911489592898
154.51099989619587
142.28477760469778
133.86715078390020
121.27135180994124
118.81512213269055
104.95794071802426
115.71374900907352
128.74865079060157
138.20712407409698
144.02545533749003
134.20342405064403
138.99854780171819
142.33061708660205
149.80802350048958
151.89508710700787
157.09631513018647
163.42139624592124
168.83763662071081
176.71157992912890
181.28805346779677
184.36924568634259
188.67457613861100
188.29582896310632
193.31085364127264
197.89451790113344
189.96877766794992
185.92098738779822
175.59383149404340
172.89302606492441
169.65377567666815
166.64980362861235
162.69037934920067
158.17133608220917
156.61892875890734
153.98550949704344
152.48989742914483
151.91555574860359
159.48249246531446
143.76031361523494
133.23251093425486
137.92954341388858
119.96382603529761
123.22221329499173
101.43618326528988
113.95139438981485
117.75866494227907
129.91849052077501
131.67514053390218
121.69467954663085
126.41709579537616
120.75217180279748
112.79122033338489
103.12954738517487
109.03506886781496
98.68541426947013
84.81770571435041
81.18983093460707
78.21671754948538
69.48615227826156
76.71531150539572
92.06114594160216
82.89187100542865
70.50529078830738
64.90945531483989
74.27406240460775
81.79340814447828
78.42827298450821
76.10836864824984
71.96824052852270
78.66525691137460
97.97032199282427
92.67946366139311
97.25028930897363
90.85794300937640
96.67736311813421
98.29518954444278
113.78042528337180
105.60568228622019
112.68096013439752
116.86218067594501
117.93262972676051
122.50095679833046
120.91765633288796
119.09927793891237
125.71285873195373
124.77331987810254
126.79528181275194
130.16568283515181
128.59899116629094
127.03125585222232
125.67109218620104
127.51774905887399
129.50505218021340
131.10723162432632
127.16805376209982
126.50322339977032
130.87925482750921
132.44235220688438
132.40903578067667
134.58309446035332
134.95451702066774
135.57072434065864
137.20652136742504
137.66637981241965
135.83044603483094
133.41723299400891
132.37175771430083
133.05501579022035
131.61078481824586
130.70498046737566
129.67165399245204
132.37252654528248
134.98272898560157
137.10216364761774
141.37591440998588
143.30583565969303
141.46689395703370
140.72241993582301
136.57695139455612
138.48712863748207
136.66221767914902
137.84681843022176
136.84808330108262
135.68658429463832
137.71960517842604
138.28041905789468
135.55544792907961
134.84240851108069
137.22547060276744
137.90910931321477
134.26831450894053
126.65265031346053
128.91237575419044
127.49204529542922
125.15738728169853
115.82015745264827
126.81818801403512
128.67611128003171
113.83356093988337
116.14396744450575
121.72546470639296
120.38530698225539
131.09148390043634
116.89322467546701
128.83991319146850
137.52502897377892
138.34957730854285
137.69899329733741
128.11482376131727
131.17537316674165
132.24264552499361
130.67703119365891
132.29896957169456
130.67409301932230
133.66797212154364
137.04657993191989
146.12250314119092
147.99629471157488
145.77563850772347
147.95235235773629
150.27390260122564
145.75424362420443
144.77941592831345
147.12209062775767
145.58422521473514
141.69235624506899
155.36756305262617
148.80226205236121
150.43602515712570
145.57597627124858
141.44698944189014
141.29818412161472
157.15338348232675
158.68617513223526
155.33551366333313
153.93421453737940
154.92005011760037
152.39981587917987
150.54560339336780
147.48267236757923
148.81644496178271
144.12016519318465
144.20000004053219
139.75399872987140
134.70139931543832
131.52583260388749
131.18298615648996
130.96697936512214
132.43072568242158
131.32047599892795
133.39325562786016
131.68998265967724
119.41417437005502
120.37697462313480
121.56906006778391
119.34652433889570
117.74161730837235
123.53522047122327
124.30561479142979
126.71847739100572
131.68863496085831
133.77596522550223
134.56589756738984
139.06431236958221
142.77921388946720
142.31241792367928
141.61266687861689
138.72350602842286
140.08795451931923
136.28624321687482
137.49719172663538
138.45457145655686
138.50714504798617
137.51130744852384
138.03491452690187
140.21000418130185
140.92320794598811
136.91369356467698
140.51379523379546
140.62382741818647
141.06646220941158
142.53808392561484
154.73874130245321
152.23316314824751
150.90509411658491
148.14995679879766
151.29021306890508
153.91624546448818
149.03015653642512
144.21640734112185
142.56991324779318
143.04466106498282
133.84494471303739
123.56874940184203
125.00518871650851
125.73562721951346
126.67544322662300
125.61365119561472
123.67183783333500
124.27478276949611
120.00086816954382
122.05696860207041
118.11771302016476
118.71631762392396
118.72230416024924
122.85126820644884
125.13018332445367
120.82006644510739
120.48016359190802
118.64229304890974
123.89731832437886
125.40954140446240
124.13595200745790
126.44793623143536
127.31208694397519
130.62806742160399
132.42128180459224
132.45789285942618
133.75430807550367
134.79047008657827
137.53920970870695
134.00451092554337
135.30836836156217
136.84367616327026
137.38142910385278
137.98745739051691
136.12084464714218
136.74365953690381
140.00081510855441
141.57934524774393
141.88056574771025
142.73210483914932
138.60451558795796
140.09893785982013
137.70875814193505
140.49601736741289
142.41316660000425
138.07703567838462
138.17852604267733
135.34778304907661
139.96134395921996
141.42582471638744
139.09207086224092
135.80919644340264
139.43757788071844
138.47124498055038
134.33480199965877
135.76438531911094
138.26017987635066
134.68689322155896
134.42187249533652
133.96130844592045
136.16429852257306
132.98140607760655
131.23256996267210
132.61828652339835
130.97798481303371
133.09351633339793
131.15861979374890
135.31032964516851
135.59272518761722
136.62413458872689
139.59422283548423
140.32308877847288
137.13645683792663
137.08713681039646
139.07631247183679
139.46079153800477
140.39661098252381
141.18232293589443
141.27739688535871
138.66481061888314
141.09806043839978
143.94651953715945
140.05017201658754
140.76630681348780
140.68557569837142
140.01555463314386
142.25990065755536
142.67294415116874
143.74292579036739
143.70084007085546
141.31056338674108
141.69394770169154
133.66232746747113
131.17212758147028
134.75689389411340
138.66854534207059
139.59875081805197
143.70303560381538
142.69263463994355
139.29742982939047
140.50804862273725
139.96141335855523
142.26615713147058
140.60282509199428
142.92768219273961
146.19997128783629
145.91923486301684
144.43367139302919
144.77857141231968
144.65672572087217
140.09604440003758
140.72084384436386
139.59826582963186
140.56599590819332
138.05121208123535
140.15258862170927
142.19393262816871
143.98535534885195
142.28170074171271
144.80594268555529
145.63746875415490
148.79393578560763
150.94325993631563
151.73465087220990
153.67933968261843
153.76802194725047
154.80739110369632
151.90260305927728
148.39543407617947
149.46108260698315
151.04491787554895
149.89961967548660
149.07393586429387
145.64246339351908
145.12092985111354
144.88279773833213
144.73818591225813
143.41202490774955
142.19337896651965
140.45236889017497
142.88015955342973
145.15866323440548
145.68056519685666
144.13129011683935
143.93478332190955
142.77632537052409
144.81424274108207
145.43398040762182
146.57131064314638
142.76581836989334
142.01846439699915
139.50255765619363
142.04348819576347
143.14202858037592
145.88420495740118
146.40412795521792
146.92177914040928
148.67584846472010
147.89577127091249
146.17950454456047
147.86773530663029
150.45050747538920
152.45986391070591
154.29231737760014
154.66574297285482
152.59572172991554
153.37689261309032
155.12785517395767
154.35435783615296
156.84734056192656
156.11813220300510
154.35223268833519
154.90477075041892
152.35588908810183
151.88225628864521
151.24547889704058
148.41444725550420
147.26679814435283
148.10939019523175
147.59200335588906
136.73411450817645
139.36583450890109
139.03699097536486
137.67588222528181
142.07993534361336
143.95856202752151
142.95988224083888
144.87221990713786
148.11023273568981
139.58217156309800
136.96928683048884
126.91281820987155
115.68259240160270
121.61844895587555
124.81654211682377
127.27151859495937
128.77537272936220
131.03070848835938
136.34009251791159
138.82051838768811
141.92568229099521
134.96048119324439
133.93455527734105
133.74886672117083
134.48154471668624
139.63550948245899
138.24745605639680
141.62371596332389
141.27139439685362
139.91800880524892
138.81041176723889
147.46154632034109
139.24280397336636
141.23161552263372
139.26586256326635
137.64787288798865
138.02487650890899
138.76826011591083
135.26985212199017
124.06901968771282
123.26926580565507
111.44887272925570
102.98696567540317
108.91481083357499
109.06442668872553
115.54029419242171
114.97564528389005
117.43112507457550
115.30621314792531
118.03295364052774
118.32996153076704
120.88610615387051
120.43498297707914
121.12386353708172
121.81157994462502
120.55348633320385
122.42874230567733
122.28382395734809
124.12655259804667
126.03234248778540
125.86424766585819
125.22178616494654
122.65014580026326
123.56432174586001
122.83945118708796
121.43389688382906
122.61637185129378
121.66643949320687
123.08669620659224
126.01417831624974
131.27663214042602
132.98993392545998
134.86366457967642
132.96227373858434
135.26444506748169
133.07641115116783
131.81012775560782
131.23616407270404
129.95587043943686
131.28397079941857
130.85293996604511
130.32247543543454
134.41493033219427
130.16283602412261
128.91808142113834
129.58119016220249
129.70061441864570
129.48997361819704
129.49641394186762
126.13014662891268
129.28183518573118
128.26539401335486
128.47270744836942
129.15605588087030
127.29964227863282
127.50035640035433
124.81533305878328
126.41905173602898
128.91149498502460
126.48139972037637
140.89668659960691
140.25949631622882
143.46639630471444
144.79320313386003
146.31632527429758
149.79449717562727
147.09662133069546
145.03630647700280
146.08626544731572
148.46522195089202
149.67490666217174
149.88597609554091
135.92721235731432
139.61063719071439
142.11960703779002
156.82148800676032
163.27211739711444
162.51936002336942
163.47744842526191
162.96762360711102
160.69507410346790
162.95957545707250
161.28188779767132
159.06865170011707
156.21718220311664
150.35371508913585
144.54443115346450
142.43353789519341
142.43905438613993
139.65133491383818
141.20811918603434
140.92543669141278
135.56750404789454
138.92369724100817
139.33814163627437
141.79398657456537
142.26546560012935
140.57395240756807
143.38657793881023
144.86864720804010
142.36484216875149
142.89305173163189
141.19725873582897
140.42013107509828
140.52626605908080
143.92119867587289
146.38237116284134
144.21275585958031
146.87466195329378
146.50298593120391
145.94821704459375
145.25666151653536
142.09248868843832
137.97860057428676
136.60350357690706
138.54771886470652
137.27314318309155
135.18630770076609
135.32263929767117
139.93693745884320
137.37748905178410
137.44087940447281
138.16292521327713
138.26724824801985
137.47697095706440
138.27287329510196
139.30086638135592
142.49182959296803
142.11878281156098
146.25455085185200
147.50247330025891
144.11218088617957
148.24394364265908
149.03802797300196
146.30220979161814
145.92817342601461
147.40821267581566
144.01678204611000
142.76924174706988
144.71447066144358
142.59351943999280
139.98068493949549
135.77474170611873
136.84596067372820
141.12451864240006
141.58550367861250
144.06747591300424
141.96902181326990
144.75858532153157
147.24663859393618
146.16361713898465
146.12030532872248
145.89094468129187
144.69148515321234
143.01845418146470
145.76335535411863
146.81864935480641
147.75620419650963
150.19933802281437
148.53915183036659
139.51803658172105
139.14048583821832
138.50546788823956
142.41977000974552
142.04907540826147
141.06787177446120
143.83572770814195
139.05741100898433
141.57688726266250
141.53168696852995
140.42783968505077
141.67478702144982
144.87243349496075
143.87846976631479
142.26822856543507
140.83814516105642
142.45175304080539
143.00223602988228
143.86605733780573
143.32959750807868
142.21368640530142
139.50575193209627
141.40620469034323
141.40901027568742
140.75306283894673
139.09021138487253
136.65643147264871
139.04140801573172
138.84914614924961
141.79816455670246
137.88054309282896
138.32020471317301
139.64867016978252
140.11917869498001
130.19730047743971
130.06929189136679
133.24470562155031
136.61164785953054
134.58900307635901
125.85547237469616
131.02379044105996
134.99480903641950
134.86039196070433
137.46044599077723
137.48473225941001
139.87730383941141
142.54915212825966
141.10725223320640
133.05040772973058
129.86857072035454
135.04155210185976
135.69467942752229
139.20344767117928
142.97139074454643
140.17996683250692
141.48747237875028
140.96536202572426
144.93341248995964
146.67648726197530
149.52826446818798
146.41068823980629
138.97340409759315
138.73753479713875
137.70331274707718
140.30778329464124
138.14530212659324
140.55746731487537
142.51165228492297
144.35707184254568
143.66828231765226
139.18242271322600
141.63561139936689
140.56283521973629
139.42557513256691
139.28306561280010
142.29973754055118
141.31178533342225
139.14698496236525
138.07168847874706
141.01803239282992
135.87643800946927
136.84450053245322
136.36105234451341
135.69682373108481
132.89231398495878
131.96174379835725
130.80799863751932
132.88491000818851
135.89699227614281
134.58476313074567
135.76483111100498
132.30020662666644
134.42777004974636
136.43337557947694
139.01467218224099
141.95444661319337
140.40196199952840
139.86501266836916
142.08941865306366
140.49217128848161
137.56243273430795
137.10099093818826
140.02671570123277
140.17506154717262
142.76329498077152
140.74030616725352
139.50932364413251
139.59620369928840
142.94207399894296
142.47135686402993
140.00682901947883
139.52435439258414
138.42247062435197
139.16504501238938
141.13791558670013
137.37162674622056
141.15236240760996
142.21519160457279
144.80465413980599
144.84588766036291
140.38013968719153
144.14220352085999
144.41431726530215
143.10148675326954
139.11739732353146
136.69223442138704
141.40173031889503
144.56927171896029
146.44303871618439
147.21245422228773
150.83773200644805
145.85027045180667
142.97604301589490
143.02566578564654
142.19822841277514
144.16099911620145
140.97330878771069
137.27407308219975
136.44675484912705
136.58448870009332
138.20465071963170
141.66470814763790
139.36500399208592
140.53445407505066
139.11675982185923
134.12801761015010
133.30592716517066
134.21208184384491
134.44379811680486
137.45633698441648
138.53293438174890
142.55072437253415
142.63428288786395
144.76877705802244
146.46884487705137
144.09594187197331
144.82106169299539
143.17430535892777
140.47720660449050
144.52267872810933
147.29164534980370
144.11797446117612
143.66399662604712
142.33825586164909
143.91465284118192
140.41476134572321
141.60610518842213
138.80671033185374
138.28179229250367
142.39020095502636
144.24447062685348
142.90352070133156
146.25828164701596
146.92847577958469
147.99173377429742
144.41738382503792
141.35229825760686
140.76777414318525
139.02263649572228
139.23991833475571
137.89831363294792
138.92136990996659
138.50174882396536
136.33657663606778
137.33896473707742
141.29402061400754
141.04125563584071
142.32814195152923
141.55365375343746
138.47287162664824
138.25018206089433
134.87044524123544
138.54037823189898
137.54215377098612
138.94209121078683
135.91657346915031
138.36085784360876
137.89693009151952
142.31176625965219
142.44088230638843
141.25570428840092
145.43246668001868
144.13348926740630
144.31566609792716
146.22439340870582
145.66055445287105
144.54643089915504
145.94825706142660
143.00588929912379
140.87009484800237
140.52384285951092
144.56521907612068
146.56857924215399
145.23200196061120
142.02918881408016
142.89910026346499
138.33571318746738
129.43282070555483
132.16042907183149
129.31011337702179
130.66159816968747
132.77616465505827
133.51347118734449
134.32096459364797
138.22369118651704
141.06426866098244
139.39953620627099
135.41613397037315
131.66165061368181
132.79685313635198
133.84540958355097
134.79393716057626
134.09114174292168
130.96802881899902
130.99989232849165
133.88523736475614
133.54901499931927
136.44766688835242
138.52547434393884
139.48039541390528
135.48743906158188
134.35474867836388
137.07470913747741
137.29077363252244
136.21396718553299
136.39509986337458
134.84485937313900
139.70235458719861
142.63579889637859
138.92019594518607
139.78040839805337
135.99830889688695
135.27045335319414
135.07005125518049
135.39146266122160
135.39779232704456
127.15379814108697
130.56934974871339
134.36946762053148
131.56160710689986
130.72339191857603
130.79248683759275
130.00457929212016
128.25487766996551
127.10866609497393
126.55903971583513
127.53502344126059
127.35055322685662
131.86462369770837
133.68774148723560
132.72031500826000
133.39721896844645
130.64820193720371
130.56507830647985
129.57826866008327
129.36189119746558
127.80819816112380
128.95373871801061
132.64621308017246
132.75793729092251
133.82289834494065
134.28467030866304
129.62083500315674
127.61362482599979
128.73421007297921
130.55734115049620
128.96748451031479
130.50168303172774
127.59215043241366
124.34470943154329
125.61771861203812
125.20555794473384
125.54765097964533
126.08545516697139
125.69109988431757
130.17113954187519
130.09168766645931
135.12182138883392
138.93777540194219
140.72030779404560
136.91772369405689
138.67732006218355
142.55931261396410
141.20941725034851
144.17213377786234
139.85394233466204
143.05235462583073
142.49055425137942
142.51789914756137
139.91315451226038
141.62579635677830
141.21092180228089
144.10737618122266
145.18672507724418
147.58215001660821
147.66407037995731
149.68797844145553
150.34738381172903
148.28472835960611
149.71215325997852
147.17011377082451
149.35778856054847
147.34215811746779
147.75487272711447
144.60496637384963
143.64838650667465
145.33580015434694
144.84971845929343
145.70319815905495
144.78906456223405
137.67216005740460
138.15420491414494
150.05312721437875
147.32571673926768
145.20456134282259
138.88253445293208
143.73041584892150
130.78484254962709
125.30679728987553
117.74088016753647
119.22571629555740
106.94921504583503
97.84033875543926
93.19099571418761
89.65294824427102
93.48358756338558
85.88618553506841
92.67698257722414
87.50949952690938
82.73840895232149
103.75228948375421
107.21712296668825
103.36945131788316
117.16226380560479
106.37187903686593
112.01332821708816
112.98359699992233
100.22042152623125
108.43026739108268
105.53296569080399
111.32572567637955
113.44305444698307
113.49738433228066
104.34193793528293
90.20574175492601
97.93466341088147
99.33503686335003
104.50344610969751
92.02337792437885
76.21243402854839
74.89482334566330
69.01903534550715
59.19278847517453
66.33070681759949
70.63081505936388
83.59810677508774
72.13550866904208
85.66987402964480
91.22259398958983
86.83121583012642
92.14408935583931
93.25072092643745
88.97099477189907
93.06993531759261
96.82100361515472
88.51190248395179
77.97059158511402
82.32677633290993
88.17447767819786
90.38434133356836
79.35774456335909
87.68565501586595
93.34624878740848
97.61439523496993
85.01310393067270
77.54743438076800
76.67514412584680
82.86884243518359
78.74874645559994
94.50281754252146
84.33575089887103
75.28277565723224
69.76936457962287
63.79564891528803
60.03079088732673
59.19749138401799
56.20158027327484
50.90338726118721
48.41197163556406
43.37104005944217
47.27546212829051
40.01692710283912
35.93227343708291
34.39494120608232
32.74817998402513
33.91321674004487
31.57337321701358
30.26554323020077
41.81475991488688
51.68107416883471
49.86342319535481
44.55250560183634
42.24782958267213
40.24841397741977
46.13728655829951
65.92306935236203
79.12561707749209
92.35574194553624
87.45938878634696
79.57465803813707
74.70094478790220
79.26937131547425
89.24203259778744
84.86959229115713
100.23217884647492
112.76057370953235
122.14856772118338
119.49906371342186
128.02378736919601
120.47215309274630
115.59346795986713
124.89460540138262
133.13596463750309
137.63646352233641
137.97541878081586
124.12366820156586
120.47893320343017
126.99171791820658
114.48650192538926
106.46973867452796
93.13291609846291
89.06264344962695
80.54192238533658
72.77269166672035
69.40380255878549
67.42905072902130
64.48050008940247
76.07255096862283
46.66440998733768
42.56745932938362
44.73452818834958
61.53941659273703
54.14171460796807
44.68535348491535
39.93341693331605
53.92235219431110
47.68862775665963
61.72569457899230
55.15157979332542
48.61708048661551
50.70101426842485
69.00784348093521
80.67734389738776
88.89502472161247
76.33485250604775
87.25876818979188
96.97183108859984
96.67555786269374
84.19303299375731
81.77226036650745
75.26386280119713
88.28219565249982
84.14665052948897
74.68349457364151
67.34457213162476
67.75074331687961
62.04908939035404
57.66135054448574
74.03381439104955
90.71263253557363
92.34069413519171
102.08968135678060
102.37024974134782
117.22199651048041
131.25357524243984
127.58919545449132
127.07221375955707
125.82684097664688
112.75533905079168
125.58238928142860
126.62392456786223
117.00805499596929
107.66663265427857
122.70433528186825
138.01787106079564
138.64587394640648
127.99213710152596
142.72778031987821
132.82269012741892
133.21239570569878
122.40366623570016
112.16190369871032
103.09732614302681
112.40001524744025
106.60720613756929
109.31920254645399
102.74723016778069
106.47118472815870
109.97209527079154
101.67893849995882
105.99158404060691
106.99242693217357
100.73365563011347
93.75508831631753
99.83843906393096
103.62511776428263
107.90007135483047
94.39074372502546
90.64012100220512
104.61393088447815
109.12301369760989
110.64070415235875
114.87499818045325
116.01107023948043
109.32247601671736
112.14101749982733
113.97416486349792
116.34306634565237
107.92381076241492
99.80478671767862
104.26160866462389
110.65382553890204
111.72529465062743
118.22354518402625
119.28382388309926
130.45909791980478
130.22120775042654
132.69164608361126
132.57978651043587
131.46668888774980
128.17856281700227
124.73126658233821
125.92160919028555
126.09569256348426
115.72362962811451
105.99590644924992
106.35886812318984
112.00199499898680
116.35148703633394
115.12836918803846
120.66253941755352
123.57396292519084
126.36803169428224
125.68514250896091
129.14817405774508
133.20664582274790
132.48934953365298
135.17315989667580
134.60947973356690
136.16520952210357
138.12818405601934
135.67439839465425
133.42203246616208
123.10301992158266
129.71410243494273
131.38393480650905
134.63226488902217
137.44103907390354
137.13271609585425
127.05551427146038
128.30434106819442
132.36184310057092
131.86970101479869
131.94050888227241
144.32954692519888
145.43011066687569
145.29943699885391
141.67981337794362
139.77907380176265
142.85126225114587
135.70299172756410
136.97084446224264
140.03184657907278
137.09274643343915
131.01067420549583
135.34946419673699
134.21152326284860
138.73603788661646
140.36485158673324
127.65513000667970
129.54538654199203
131.39515949313454
135.99017453627488
132.14465732163026
134.16179304997229
135.21957655965289
138.09595531393364
137.56267548675473
139.95035427464759
132.69984308251000
133.03361702512066
118.94723303799717
118.98476436449590
119.02832306092218
122.45991367822873
122.92764026119706
125.33154392659986
118.07880145392672
117.75612249489805
107.15983554933442
110.26698566232474
116.28986424217203
117.13718597075808
121.22633117280822
126.01964624519599
127.91525901318961
128.77123349809122
127.77353775733769
125.94901778543729
128.84467704722780
121.35803776640046
120.44880380334966
123.61971672765542
123.22643847540513
107.51675330950467
113.93644880118714
125.64433254656240
128.87289463925120
129.42659024580362
106.44899073358195
107.15021794716219
93.01018440869692
99.39564108782939
115.66047204776758
118.67594476007912
121.96180046329968
114.22655732485201
119.53718045268411
110.30640953382731
112.48763147744233
111.62529870858975
114.44544339445270
129.16138890415129
129.38474862162781
128.75338108158206
126.43254589740198
124.30717403624415
124.56212041411831
126.97066154077542
119.05336170557793
98.98471732038267
102.50122841564522
106.34904623160476
104.14619949317246
108.45111594164433
111.50418186993434
112.70711111302529
115.36503219355173
106.53950882896193
107.84182842616605
124.41854745241075
124.87537049727911
127.41144052704894
116.81980513125966
120.33214210272905
114.47626110758020
108.11575623507436
111.20849281143869
116.29898568024993
116.36831307785835
122.01549844369525
126.25746353559708
128.88526413779377
130.37801168003034
130.04117918788231
130.48518807143870
134.15213152267151
137.24233824321595
137.26454495967718
137.13400080216653
149.83801945994452
148.51479644545228
147.25742844032047
148.28071387365958
149.73546231416958
147.93786902842206
150.21733300965136
150.77430159469409
150.46072719839248
138.67354090436433
141.59482564832535
130.50599461404806
128.56489530742360
129.34675728943094
133.35544368329712
136.53504819601270
137.10035926145667
140.86191513110279
143.40130790652523
142.29843045627157
145.28268865040656
149.11163835939624
149.91604717075660
149.49665702209526
146.58048873981218
143.55985316562760
142.50135339512678
140.57097793139994
140.62386350169899
143.57426342318325
147.64552079773131
135.55963540227680
135.53702059194376
130.79442058229691
132.09017432917028
129.90420604970856
129.26141223087873
131.37993667605198
130.58983497875116
128.68868787263071
129.68517267188258
127.80000098844526
127.99918364147797
119.03499391065445
121.74122328535934
123.82427236282714
124.43111023692828
128.87710655456274
134.45500126666073
137.47202761448042
134.09850843522236
134.77137578776251
134.17035009517733
133.34328502280817
131.44958443872756
135.38400147508705
134.49531886990187
135.71650771047865
134.76607264956374
140.18042162723188
139.71333485205102
142.91866963460870
140.48958408268376
142.08091208727168
137.81863647072325
138.07926185495049
133.25356228628988
136.14116778234208
140.98289445927662
138.38827671121004
154.81510840312987
155.79625545625430
157.26749787285488
157.49692941449058
155.49673148685542
152.20076118371250
150.31514712713454
151.22573939736947
151.88990498303343
152.24538972626749
150.13631630585371
145.95589180093239
146.35571547367289
155.28540269201807
142.10181189124901
139.52523949899620
139.69997560488258
138.96653365863395
138.07441478475633
142.77483635120058
148.10346314017821
149.90885980552494
152.34586290052013
151.70137386460706
153.59109947940806
149.62929298424370
149.08831289961637
151.67648166673746
150.50806767143550
151.33643061296874
153.92174226235775
153.68399110705514
154.82410918325886
155.72399104054543
151.79800411734266
150.82382283463988
148.76100844173956
146.92755802317623
148.52637216027097
147.92796898818472
151.19104182517421
153.09465499647047
153.66203480160314
148.46233141089442
148.76235362226339
151.28486100879149
151.59938330679660
151.65574451162360
155.11882957070645
152.69028035261411
150.22362179478785
145.76827544175143
142.71103005038762
143.12327500885613
142.96761016385278
143.41050291951450
146.09601074258097
134.00040348890263
135.27615232402653
125.68823242624489
131.07561077926925
133.27299157975656
137.82302147997621
134.86020841998442
133.28675782237033
136.33357926181898
140.23036566630569
139.79050345950722
142.05544986001252
139.77830896355223
137.99231829705391
136.49695726598458
133.60241674099927
134.69176993512838
135.20994407409097
138.83453961790246
143.09493025719499
131.52483891626750
136.95416039178275
136.35873374774880
140.48028258887763
138.54444322622746
138.41704108475111
140.15993632398138
139.88027255285942
145.13180939768958
147.02155816879420
144.80360317959560
143.20694039483996
142.31076053418565
144.39385446252530
143.20540950681010
141.29341263155740
140.58643142652681
139.38239666867358
140.63141570512994
141.56031704367120
143.95352873815213
133.07732122021196
146.45179399132897
148.62526794701196
148.19880518954741
146.73852139554890
146.20318802559478
136.69203374951186
137.80331308968641
135.18111208091437
138.71971522018356
136.55130096241106
140.78644722737909
142.76263905211266
124.64384196632790
125.30823699851162
124.68476509120561
125.15085513985757
107.19610074247039
108.97933883586352
115.62415132232026
118.45240009741539
120.75801778072727
121.95146987286617
123.70321134307079
126.54329802204765
126.82028094357428
128.34869704441033
131.51959343525132
132.24002406475466
116.95942690195812
117.97070963567649
117.66784247909129
120.70305040755773
121.40214895508288
124.00434516310040
125.67348560084724
126.35643793530026
124.75267196637080
125.91240325558863
127.38037603012188
128.75915394628549
129.97087132587779
130.46889461664290
128.72262530640870
118.44132955732191
119.08777218384124
118.41023417069579
120.62215103727142
119.96026823379043
119.01874786943218
118.43694023598634
118.50912986782981
105.15935896384391
108.04134276331590
114.20652042263158
114.08129958426110
118.39629284530044
111.39001050289727
111.18498791091694
114.11201842847655
116.36649914592479
120.93996915503223
104.17121449426517
102.29385319073772
117.03651415796890
119.06945739905358
117.61852953662239
122.94813496886471
125.80197967186882
132.95285366618759
134.20214731524356
144.85678567288289
146.94896037765673
146.41543710898685
146.47594820798983
144.82031673374505
145.47853690058702
145.66077118041935
148.05474541954084
138.53131253164332
120.30563786233134
117.67162293636751
122.56210117887056
113.61037717297066
113.97180235304020
109.32682662099742
113.90195354862250
115.20246213810387
118.37345774970964
112.40994688028768
116.38891656166805
108.98057291896993
123.32661058458599
123.26573478694138
123.09895661781363
99.06185449634469
79.86534694334442
88.72031372403023
84.60231250905174
90.48506690473083
96.94219011394651
102.08849886604249
103.46523610593481
108.23549495268075
99.77359979886164
101.40579078961424
106.38204683720288
106.82748432770228
110.20102562621153
112.37001127872121
116.17105305216369
118.99833339143288
119.86852865714886
123.63307595040385
127.75694463357668
132.46653892381994
132.49620238627409
134.21089413593091
135.95730925875333
138.58067353238587
137.44189306352376
136.40097762972457
138.36990361754800
138.20235696696176
137.73623091236149
136.54707786981362
135.84471415187855
138.13449494953602
139.88702210311749
136.63072972064086
137.15001977840748
139.30195092225600
141.49827383164384
142.65914190869398
142.88238320028316
142.18722760419007
139.00319933121784
135.28486519641518
138.85852400171049
138.38403150347523
140.24237360967197
145.10607173644848
146.47008154797027
149.80309945981108
150.02851407874175
146.15104825231293
146.71084433032610
148.19932574507484
149.05858521288698
146.93593331573902
149.19004020321867
152.36086305523335
154.25872018512121
154.79844132011723
155.46544880777961
152.59769241658563
153.03540389601216
152.93577816232292
149.80550992666818
146.92396206518532
149.12553346666101
149.14475153933745
147.30938491301109
136.46131547544456
137.65685615403189
135.11344628898354
137.63963499087109
139.55809638673244
142.83809927170759
145.55039863405753
148.72481771430441
151.88521098659305
134.96811823184754
136.84618768473246
134.83809814973677
133.37736996761245
134.69019564395569
122.16485698110992
127.47319284545924
128.39877431335765
117.10719276045378
118.63604581081202
119.93968493856583
123.05903504849677
137.86857594259826
129.20694409460089
131.35111871757260
131.02002665764073
132.97515923677577
133.23215219757890
120.04759042910332
121.13284454395269
119.81478297729251
122.80155637829121
125.19031754721384
125.81794121817269
124.30448906546935
122.83689815969882
122.06572248930181
123.81549306418256
123.50886880846674
126.24232725176819
128.61166227989492
131.23054741021289
133.84730896298731
136.12727481757653
138.73333896368825
138.07547186936526
121.27497629970750
122.75225411868892
126.51880307479779
127.98620512423899
127.11411558906028
128.06039005319653
129.23166246895627
129.54123054216939
129.07864909126246
128.32110875831066
133.41354353201669
132.91439871452971
130.12826695511046
131.78160974182808
134.34595345706381
133.12157341171968
137.64598188557727
133.94764153218955
136.71186974097577
135.08907252368891
137.06300759770608
137.89848656889546
135.35241736065910
131.21583688177660
131.97449792124053
133.24126799623394
136.40920526679557
135.18076230533359
135.08550372128332
133.36134728147104
135.68597909678826
136.21474787979815
136.22432437833947
132.87031462347133
136.86303614617768
136.00898188792075
138.81988500265442
138.46493439156387
136.23442702164735
134.59589697888302
138.11968070055278
136.45214215267060
133.59683310306636
137.24527208527246
136.14266401412166
137.08929238628505
138.70625920273943
136.69252393846557
135.46080798929665
135.05721027002411
132.58244644958592
136.52400407570855
134.59396557201501
136.76903666157378
137.70500467597645
134.51277244327343
134.98161707255505
130.59121147478342
129.90952049092581
130.98226865148479
130.06889710461041
137.17955123359894
140.75361103376673
139.05480888892839
134.87027394021973
136.01611091684060
131.73876759184517
128.61527321576017
127.84955428062945
128.91497435762636
129.00848490800908
128.74509283274330
127.18224036563065
143.38627747437113
137.96281284864594
132.13843922040235
138.55902876230687
133.31348308090966
132.23376943418120
143.86175523700325
138.81771728959703
135.67211888042709
131.74179582660264
133.03143018024033
128.57023382825790
130.44518861698774
140.17873493768383
140.06859326297320
149.25202388700669
148.30295587773122
159.13570656206576
152.72487280006220
160.50450902320060
156.90671744738376
153.92038326683823
151.19272638845649
152.35478936549586
150.25569039195696
156.50025610948467
155.48864694205190
156.45058682652268
153.09207453806394
152.85699228882729
150.33750463389796
149.52872304013545
147.58082741081611
145.34105952579023
149.81129283343654
158.65504712153728
155.51199588904845
144.07586018043855
142.17603422870619
140.31809421439752
136.95512901579380
136.51936269766236
137.29017188252823
150.34154804192525
147.82585542335121
148.42004594252273
143.26278328122984
143.02478693806748
143.61885858324527
142.23992955424791
155.60313203697802
151.70972286885345
147.82492610961049
151.19917897984172
152.82188329015048
144.93712266146275
147.24850269139665
148.55422238808623
157.55185924913638
156.40187979466253
150.65194970908263
162.21068704471256
170.73290129738214
174.96468361810625
171.67543787598140
178.61845756183769
174.09053641495854
169.12477208981582
167.50617025128861
166.07025240700142
164.68630778679713
165.83951104356325
161.93525929382980
159.03959072545891
160.16666644232748
158.04148250609006
139.15538734626645
127.45129227836792
127.81099714431183
131.43148755783542
128.23725124021490
126.59829133018604
131.16089881537005
120.72314770045918
120.39678480962044
124.44534730173254
127.21740944830179
130.86690358885986
131.63526665487711
130.21884261122182
134.42977680222128
138.09128090927987
133.91121484529444
134.10569589476384
134.00065815022688
137.19850565276710
137.30489441044335
134.43758638421957
135.33545688944150
131.72205330004931
129.50705800556952
118.96711418847714
133.65674090126694
137.10635543158580
139.03953815784706
120.70269550116288
109.71459407841489
112.34629671621929
115.44292063888324
115.61916447171484
116.69567168489702
117.19801224919493
123.62885664400278
124.31747686073041
111.58764073897758
117.33049049315156
119.24001376523054
120.65801806703770
121.43493834225299
128.29989006125251
125.76882476559821
129.30527809319241
128.65862396462313
130.01108085372346
137.05034116762494
141.95125568825924
140.51612357755056
136.66811575345153
133.40379655265801
134.73979908214594
134.68258426003277
132.22703883876886
133.94308004938262
139.52783158600721
153.46323392955591
154.35085182088707
153.27433393208452
154.34409793035738
156.48058174945126
158.21501705468438
160.82260629736837
159.60899570266773
159.32582256151392
157.21037983970524
159.63969052291975
158.76653063957468
158.73687886261789
159.13372557180219
159.21619973346913
158.82066085806289
153.57914447665709
153.65264176727965
144.71056519296414
141.57141951598766
143.62222844311225
144.19285448427428
145.02468312839895
147.09971761805664
141.19682065512200
141.03641084412263
144.72445280254038
147.19305713522800
149.12451145594187
152.24166535115489
152.86117979723684
144.00449902260249
147.25837461346890
149.54455680449158
143.75658293245309
144.46073787834899
143.25935207085402
143.76004946168831
133.26565106198325
133.66246690207521
122.52993921750770
124.48243124308465
130.08689314134006
132.86369732584336
138.21151611232546
139.74456229212288
130.07856334678675
136.25971440932867
136.42453761175705
140.49955923046875
139.37998768204804
140.29744487246825
140.34871459849336
143.13493450588714
142.33820279892615
142.17154653156706
146.47424472089637
147.33942398851707
147.40788178396133
148.34642431736827
152.14961315663547
147.88703297773469
144.09869945062081
140.76680147392793
145.38372312022690
142.68878734892496
142.61450411038922
139.06996995076673
141.68715938656550
141.07009741644629
142.39958701987706
145.07760617547709
144.95294547741875
140.79908870546268
139.24637881182349
139.21367118124888
137.30685799840938
139.72270684483516
141.99129482250970
145.51088701709494
146.03632513921724
148.94892772729992
145.05023436896235
142.87836027446926
147.66079457777641
151.41502007367058
149.02744368457743
132.05024495707960
130.46627077704790
132.36113674178981
130.52340304492128
133.66029453042819
136.36939087554461
134.67110112888571
136.27797694448299
133.82220935380769
132.69492310806567
132.31919093103872
134.93986910481627
139.70954160496967
139.63028065952324
144.37228798930704
142.66705211386227
143.55737997379526
131.30438032179336
130.22734195614072
129.82544209594181
130.74411363947343
128.97378559685777
129.46437872251988
127.88884958185635
129.79973457400052
130.46324807798598
129.89367285654157
132.83564585886705
131.39499754043985
135.57050107386317
135.48272839169209
136.97316626649854
137.86258858644115
123.35340884445743
122.49424448796729
122.80170314752905
123.40601760152882
124.61376575951728
125.00725349594214
129.59584504777425
134.06317138168478
138.65286770107988
139.64667920798789
141.93690926070164
136.53234893154317
137.07490543533862
137.53938831612135
132.76256442678945
129.48091015203104
127.22110132692501
132.90587219444271
134.27115004031680
131.83109871851710
134.59599713667424
137.78644431173814
135.55631344648793
140.47811515404658
145.38489485369465
145.08504095929362
141.82173151336414
143.31974074393608
144.86397221774513
147.26476982143092
149.45778666948624
149.49194010390184
149.91323842974529
152.08104470793560
151.72312534194708
153.52388798578278
152.88033376762272
152.00817076549802
150.64480430140168
152.74176632659800
148.50112058295960
148.56420650737840
145.98323850138036
146.54571312207645
144.86389409422566
144.29135655169188
146.46398956586901
148.11841859107955
144.95673674535630
145.14774199255703
143.30334000363831
145.15459368971992
143.22591117484058
140.66946545716323
134.92334471672544
134.51334752349737
139.46312970438612
141.10099534943319
139.27040323014052
137.45280924295523
140.05558783570328
138.02019459400677
138.56806907836224
138.37832070223618
140.08344265088832
143.43057507694863
143.47622650853302
136.38736335968292
136.56817294643270
138.80767774942797
138.57152157110235
136.48143875981262
137.64406420182846
135.00894962120208
135.86221700017018
136.53646825697771
135.63173227875208
135.55170017449106
137.42589201114987
140.62619282133787
136.76970825020760
138.85254861744227
143.38364017207508
145.93676173191309
148.52488615263817
152.65221908478154
151.11819313360058
148.47477033874111
144.36947802964082
141.08677453782866
138.20557664008882
142.50465034868475
144.39774062729370
140.00918605430709
141.24619752092366
138.71166336419458
140.05925337846767
141.01706706897048
144.43273398267843
145.25892397200161
145.46639660089090
147.11135826906229
142.50854769292522
139.75287463996887
140.89799918607042
143.18302969987838
140.84260389143509
143.02496248053239
138.77782590755797
132.95066693498234
130.45763768473893
131.80152665784237
131.84080540846477
125.29146166965135
131.14006887085671
131.92427696664157
130.41423365276995
129.13341861052328
130.98153940380169
135.63450523376602
135.59337791261672
137.49020807232600
136.14431354916286
136.91708050481813
137.64021744090115
135.43409911390876
137.83284932138324
136.63401374016243
135.60354877030156
145.59100995622393
144.68299578809734
146.37701670738932
149.33355390380942
148.96998832094923
150.21708359104306
151.10864660953683
151.45874167702470
151.85795045337730
148.04186040453226
145.55740644998340
140.59160361734013
140.05432329493107
141.28532580486029
139.98458443415521
142.72030247241807
140.01897694613197
141.54610008918257
137.89525264399691
140.71367676732464
145.21911140395531
147.82110738483624
144.97037044176614
145.25743790683464
141.80228117482733
143.63721472117979
142.71619744211003
145.72843231798947
144.34030979550991
141.49599968634283
141.88614581994102
141.81851650090772
144.59537606960876
146.78029800190524
147.72397077720700
150.14850348903721
144.97926779956128
147.84829706335034
146.86424621854309
148.55352551081063
151.40778674944613
153.72215610490602
151.16977902017217
149.04969981822566
153.11978884701122
163.28804908190725
172.70373551199822
170.76107797097484
169.56493445354548
165.27114197475956
161.69989929880268
161.76965745341485
158.18416091102304
157.77845364132637
152.35475347024718
154.72218898577987
153.68973123735643
154.24283828457115
148.49245431827444
151.19769502649967
147.74863921641435
148.48096032866030
142.10452351053880
142.37469585986378
137.69357155357596
137.26319825194750
139.96973400142230
139.04085518150345
136.94509847138593
136.63435455532303
138.56618697348540
137.97622563755041
135.28786006214588
139.57197560445428
134.88928395971297
132.35064778698009
132.53965025883059
133.22451845949075
132.60113099327492
133.16937250225195
134.73082187929501
134.25968545734298
135.58851875192164
139.16994367010105
139.49707314200279
137.33073977153680
139.51727728731922
140.72091187666581
143.55731064108477
142.94839607277316
142.66181906680490
141.90730212252950
137.94179047251654
137.07813834788672
137.25792896286970
140.79344387814427
141.05075746970678
138.40875236913325
135.66412863686924
134.91549309639785
132.73196722394403
132.73847591639097
135.96636161822957
136.90940246731304
134.02748334205020
138.19259093388402
142.53747194095732
143.43939474086602
145.77935666652616
148.41415955466022
144.55610932916514
144.93155051446396
142.62445193706711
143.24329290303373
139.45574281683182
134.87596334415497
135.97060530273444
139.40343783532785
138.09335105420436
137.53282986418122
140.67734711978059
137.88398273166936
135.41309292559086
133.32394227600503
136.43758202383319
135.50162959664038
132.83254208270910
135.00801989926811
129.28576175056736
127.13856212302574
128.27412267126860
129.56881073500253
130.28990623337731
127.33486389576788
131.32229622981652
132.47551749810043
133.75187737970765
133.61877784717143
131.48701862590849
134.40292105004366
133.70552739831385
135.75952003176030
119.47308752356366
122.15911937939966
123.32868710596749
127.79885860762266
129.15698033859283
130.13125403621939
129.13343676979372
128.65740065862408
145.18970387844536
146.40722720143526
130.15650666260973
132.58819990454097
137.59320774558489
137.26061602336804
135.49053834544861
136.77128644288365
139.27648990253090
134.42252877166769
136.39910023159695
134.33541669696217
134.68831580656939
130.63135180936970
130.55397977487544
128.45766947593586
128.49259651905706
125.66932472449356
125.98127484377370
125.78320647518736
127.11002656861595
125.40084570820719
126.06808342597617
127.46381101147703
130.45998832752693
132.28241896545649
132.82176058168000
129.55911900580995
130.08366442396030
131.92701640331313
130.67867077068470
132.16702011516182
128.72676361648703
128.54962625301044
129.43257177101361
131.10747481132944
131.44724699117856
134.32455554825572
135.09074832844414
140.29797750324707
143.31176279979553
144.83534865905563
143.80274560833362
142.42683009825004
142.95310553706298
139.72729623462808
141.71047006476294
138.99551976783894
137.00279070043837
135.46749668229862
137.08737918343348
138.24621446155820
137.68460579365689
138.72531218657227
142.39068275054188
145.16045871034615
147.96454987931020
149.79246728080687
146.67583942913063
147.00631887117555
146.50682499167047
144.36870279159723
143.44410027147802
142.05824652646717
144.27843558285517
141.44117305462109
141.61569551241155
138.41447112184107
137.51529553924769
139.76582492744572
140.48246971595168
139.35811959618135
137.35539252566062
139.66012818338714
134.81576994621318
131.58071091124185
131.51731952982792
134.53832865465301
132.16633985766455
129.43550149875819
126.21917596362212
128.69039339047825
127.45976750515905
128.44361731993484
131.62496258041983
134.29887721402173
139.38231162093945
136.46207547300861
138.43999680582019
139.66390504879840
138.78840123815149
140.07432308790209
140.09182398897559
138.76523569651698
138.71206683620522
137.65469057753876
141.59599036680243
143.22024924441780
141.75801233468428
141.90428204977636
140.87895879958040
142.91441606203816
143.59746958596921
141.36242827312921
139.97115620518457
141.92499430323099
143.34343337061020
142.01317489363672
142.03272751683332
142.67706568230093
141.87174936653631
145.64838814321860
149.56009925883055
148.93134364891029
147.58123100811153
150.18019660632703
148.34617147825625
146.25546722768195
149.97653322360748
147.61922850552287
146.00878761811484
144.76696637425573
146.42561106838485
147.50266135563771
147.85580477790742
145.20527974377808
148.27890414132486
144.75341295321920
144.74694361783082
141.12482812549183
142.12666610675109
141.57515966494211
140.21993441260739
137.25476068593076
138.58338856068161
142.94400856680073
142.72315225670047
142.56924215981164
143.22170202714733
142.95744093454388
142.40194789664582
145.34112746977056
144.26568843404573
144.90698140572206
143.74739591393890
141.09955460742398
136.54229690915267
134.96602214999470
135.13590442525873
134.32937618886228
138.65768945117918
143.03609799372288
144.93620866047493
144.75319958380825
144.45581156737524
145.96585541795548
148.74884485844598
151.99662118476877
153.68325063055102
149.22396221193199
151.15572621500615
152.43814384903135
148.79708931832860
150.60190436096781
149.24718906943542
147.25663049199218
148.04936331817945
143.59935790952994
140.08444573870355
140.13432275756614
141.14589654065460
142.80948450878640
141.43384432581703
139.62038930920932
140.36437683845747
142.86955376146440
142.30326791482253
140.08806407061979
144.89544479752757
148.33744971235456
148.04201368620528
146.74374733385690
146.75844382905524
146.95537685580396
143.26833910796068
142.77009560592475
144.82943986226567
146.81287114507873
147.40993593253594
148.72910379950176
150.34269436862246
149.54216151486793
149.25320179604410
151.27988745309739
155.26698910141118
154.73077914575094
152.20904201664729
155.04300337836858
156.07692107148878
152.67267236469755
153.46868545361423
150.35928855186296
147.57117351798743
147.37800515562679
147.68536063661759
145.74187524561259
145.62588826650386
145.12247284375158
145.98118522671737
149.98871519001804
147.98803882499814
150.19482847467762
148.68183419071727
149.16420955168959
146.52243082245516
145.27369252372432
144.55915559398841
146.68709202286081
142.25683732957077
147.16652920041005
134.06317138230980
138.16926256207256
140.07357914303631
141.63232536090524
140.67037061466516
143.15620466290784
142.69973730573145
142.39726906848759
146.11154590091451
149.83170488649029
150.99957008194139
149.37552302323280
151.91639458960762
144.23116446902347
146.48255538325287
145.88513331865468
144.35692926404712
146.20382217321503
149.74081168769393
151.73643978769195
146.73405615148505
146.57648324074816
144.32316456411689
147.94561230781582
147.24604932971189
147.61847649622717
146.12165987153011
146.24816314400010
144.37179023112506
145.84649017812805
147.71519121532037
149.64365138066921
149.56181390932446
148.36629279349657
150.31065547576975
151.62113447761843
149.67755852723838
149.98886584295812
149.33723488553244
152.45343589041082
149.32756455058018
145.97263717488875
140.65663879531022
140.92965434512305
138.59651077232689
135.44002902011272
131.66777780058393
129.71705231159265
130.56410910359827
134.40132225982620
131.57749476418607
129.54449226859595
132.61384221710301
136.31146949873536
134.79386136929125
134.02665175085721
136.56641951049363
137.05284057000074
136.83148519535757
139.61952708990202
139.70924170550549
137.45143135499234
135.69026311831342
136.03725449800299
135.91582809764125
138.39026757240200
137.38951375481165
135.21027068597053
141.06274485609464
139.37733642328527
139.84638858498832
137.67381348884598
138.07393826063563
137.79743662362881
137.35862221303847
136.57077164067073
133.32269920058275
147.85604984093155
150.13612357781426
153.59157747311411
153.04368241372026
153.52747440493133
148.02912897056547
145.40101935911122
144.63096639397727
144.51794924000765
146.85882674402774
149.08456882826289
152.03744275196800
155.58420640765567
150.71664245683064
147.56666726465045
146.73031285207051
147.06504970464556
148.52807712022801
148.82264231764532
161.03100628048676
160.23444620835699
158.83742124912990
157.21567020760557
155.16334703332197
154.96117992105775
154.43505494052448
139.37156793945812
136.64882080120938
152.24707636147562
162.50882506193824
164.06359050812566
161.60787764070395
158.96576902604258
167.43776774392188
164.38799160709624
159.90104394851465
160.53776560643149
159.13629063946729
154.37877232717287
156.95309474698740
159.19614109368200
155.88735620586593
150.16319478101977
146.52597102608090
145.69355297303233
141.42310232893857
140.65874501041364
140.56845735536925
138.86100015171098
138.59518230639878
138.23504787708495
127.69295839250758
127.70409815252557
132.53494351529469
133.79666749852484
136.27645353704068
140.53820612488843
131.38712117662868
133.24556308503745
137.92983648245919
137.87305316487962
138.84816178430901
137.49690634206229
137.02720809663819
141.66443753538530
138.72181537505870
122.03211615912504
135.42873596495147
137.72986614808477
132.78395543424031
136.16837501419377
140.27435928062897
140.75758889181108
119.84556674955930
109.31494723342280
113.28185306636878
103.03376515539765
93.44030302640327
98.23622959257358
101.90644384686613
105.41548329733438
108.62209542792895
109.05644152454857
109.72989905211527
94.78451407286127
98.00480266223698
98.83765680394225
115.65640050560667
115.80661608437133
121.47618920076293
119.52959088190485
120.04191654680659
120.38420849232344
122.94258948288683
123.19471200287572
122.95153660529036
124.56970654236467
123.09859295003000
124.53166545694944
127.99752419399141
124.03978226009050
123.04834854656966
121.24190092903250
121.24639682787674
122.57797933085193
125.16860527708188
126.77121578991240
121.97473111501144
122.35462621976627
125.16545478599626
122.68694974037609
123.34291583111248
125.19834360278770
122.42645218523720
120.49260319675842
125.52377080989865
126.67850497453388
127.33391027461488
124.77690530765420
121.80937094743747
119.87583109022400
122.64937570746702
119.42429198607786
118.43322491752667
120.69256023324127
132.17198569685448
126.74662861809861
129.87014755209614
130.83089012041779
132.64959583275433
134.46730304449727
134.34768912937881
129.20404068572478
132.92751453136469
134.95682940201019
136.95214333247802
134.97250735695732
137.52060657142553
138.68688237631059
141.30904970019796
142.79570514536024
143.26623010203829
156.18177642900969
156.18846477907346
152.96971914174821
151.79260358043103
150.03283610653719
144.28985604305097
143.09599842179404
144.84237800860615
141.16784041207521
138.10046121608536
134.75550441494440
134.07166647839162
135.44217165391353
139.35767999970511
141.45332427637379
139.65871185279917
137.66619495715901
136.53164463507613
137.59112512794439
140.03883236498640
140.83809679215125
138.02873485644039
135.64781385589851
136.47377706362548
137.96799848098283
136.43212377530875
134.64570409074923
136.69607863699332
140.97418786319739
154.90766226701663
155.51571693214453
155.95230280108396
154.17832418414912
149.68589993508203
152.61759225522741
148.00409735323154
150.69894647344816
149.32799821156539
148.66322369266263
146.64223329319873
135.67148826405489
135.52824043740725
135.45649788996053
133.19262610769499
135.56099835692845
133.17755021958368
137.06931295843160
133.92277334421411
135.57855323428299
137.02887207837804
135.91096904944052
134.01670329091755
136.00403734289353
135.44623762447949
135.62127073913575
135.61912133786944
135.29406370546468
136.77934854837341
141.22214575745909
139.99341155279464
138.35637991923321
141.02684228404286
140.40803618153748
137.40594774977950
139.38514622146383
139.17409206050021
137.67926447277995
138.18845056304357
143.49115473293841
142.89150172178290
143.08526606700664
145.54214453225791
144.10283597390767
146.60058267708260
150.82448100453303
147.67045837137326
147.20112431583942
144.08515549800387
139.90852023484769
139.31691740696368
141.81700203067751
144.07054271668460
140.83991593233930
143.34638918026576
148.32117940783181
151.34689367605978
151.21058060256979
147.14316540262186
146.39158613718450
143.09814135771762
143.82751079962301
144.87989347562620
148.92965357670715
151.10380245756994
153.42637748242373
151.90146401789852
154.25490456813412
150.13894620750094
150.16200158138076
150.86209524276481
151.18564762515228
153.06148862837318
149.62849451756284
146.44234489715271
153.81333538821937
151.74187490200461
151.24874556443885
151.46029868580811
142.77157265690337
130.86274145058056
131.37979771117111
136.12727848998844
137.07628575989912
129.12610628449590
133.80451161871281
138.93078108627572
138.47198735156832
134.99222890673494
140.29889505344008
144.62805246901789
147.75122264042014
146.71747326602809
154.98090677307638
153.50808750677092
153.75957688194140
152.93504140622244
151.70100496222901
150.48076998480443
150.35688163520987
152.98904104419353
155.07046045386551
155.96485248103301
145.05793649560133
144.93258670686222
147.74087850860428
140.48040459249393
143.38356088380206
143.51512012865402
143.00068564799759
133.53429742946858
124.13582460354651
126.71750486166472
129.47295781734221
123.67499747055876
119.13891866634761
118.81269153489671
112.59859318649644
115.25478948347211
108.96411989740139
112.99243746146502
113.32035362490637
105.87539567691985
109.39744042771393
111.60608225686299
115.78809046132297
119.24835286480558
114.17089569840823
117.25852543970163
120.93967806402904
122.94715662684038
128.06392691708359
122.88108330107541
127.15492003139980
129.70322166524687
143.11283328636759
141.26172059620021
143.98661745630841
134.04096430081265
133.58126548600484
136.87990615251974
137.93025797885355
140.79144699055766
145.63115989622648
143.75162058427506
142.84852751426257
142.33401794916099
139.23758905114374
139.99685995727356
141.54596785939506
155.32106626131915
152.52480670209556
150.74094831620309
150.05945658342731
136.84861493355146
136.26955535014861
138.53000830814395
131.54336662071108
144.90546770665730
143.57365875384303
132.69994121482642
134.83119029396997
134.44171073559212
135.30315636458840
134.65547466014860
135.79670810062731
139.57408265988809
151.08678295694153
148.37213521233562
149.78462673428496
150.79035519603605
153.96401242408234
153.12106958912938
155.39812862876201
155.24445666093465
154.76288588002498
152.26474023650226
152.91935114959426
156.14069689227077
157.12546635582723
148.15630477864880
150.92949541130201
153.34540436660646
150.69491402618780
153.07752361280350
150.30483839108305
137.62811767517081
137.69333718190271
139.73495701521620
130.02713868011898
124.76216143828519
127.53606175436192
120.29303083576347
114.33395375355826
117.61363371318399
111.15556546507273
129.34538417895666
131.28350489655548
148.33715813588637
159.10635437594354
157.12423102980870
153.73712661660917
154.53380638949642
153.19842370941944
152.73107347674170
153.48779159826844
154.85373265241776
152.71937347730787
151.70206792305754
149.11207069829987
140.35319829936927
139.25503168319315
139.84831294764635
151.19592069958395
154.92122111932588
152.07251851930670
150.19538274279222
151.37725290782342
150.56835349442906
149.60959328453237
152.04461800076143
148.85646940071339
149.91597026869178
152.30467245360549
150.93599506369748
148.60128414402445
146.42682535843841
146.87568785762829
147.46212597584739
149.71541992544670
149.06477722751876
148.90948725711422
145.66325814395691
147.84694254546775
149.22347659581169
147.80969929470911
148.13462482246896
146.02512404206803
147.38555995954414
149.39454348726548
149.49922527806865
148.67125338249647
147.85022370923366
149.23763058323118
151.15528845863801
152.29901637311858
149.76790355502621
149.67966537597022
149.24047481409931
135.00506605228315
132.84778012203384
133.52241636430242
134.43397008107667
137.28414837887391
135.77462846840299
136.18517293815063
138.33520027677093
142.60832314050998
141.63865579007415
141.03647089380885
140.56178999907735
141.54608954874857
143.74605420064120
142.25427378683887
142.02733428835626
143.69098157767345
144.20264567664677
142.84312682660860
142.58949902418638
139.94279151604647
141.93588817945368
142.47479741011912
140.42114541511202
143.06651119536687
145.31716431297369
147.16465044125437
147.67044477225866
150.45887482049116
149.97878453814573
150.33022305251939
148.05007000620782
146.55695686586654
132.37047320684050
136.13637705327463
135.38207226142276
137.54375058213591
136.87220068452095
139.60256344508991
130.95805586932104
133.73148629849126
135.16680951237839
137.76171212763026
137.67564490672493
138.94678394930682
136.03390628146010
136.52770406836618
135.32247769434858
136.16426771621781
138.07766819878574
141.17725997843507
141.15954572591889
143.51373751105157
140.65500024521384
140.15283717068976
141.29775713625745
144.28160683354471
142.03049402383667
143.97870567442504
145.95973009739146
145.99606326782185
146.05553427545740
145.55172419404610
146.28853517609465
143.78237558750524
142.89993901577711
146.65146727788257
148.75568215812046
149.38168886999108
145.93524723935184
145.46505008446516
142.18825755910748
141.79256582635949
142.81470479690128
141.06916893527514
145.26712989581935
147.76181635700959
146.22764819209917
146.26422289285497
148.59529920545222
148.16042338599820
147.20895201462838
145.96092776072726
130.65767354014602
131.11842269785529
136.81051325513454
138.86947753471134
139.81151411443111
156.19743599455438
151.92706338331851
149.15588300772868
147.83667210157159
146.35460084351948
145.15224492433384
142.91241343549271
144.28377410997305
146.76347591786077
146.40252292406939
142.82287937274594
145.04362952810203
143.74394488673505
145.73418911164859
147.34985387466858
142.76559024135278
143.32190067066989
146.66325616127398
147.15699084123631
148.11999093901022
145.84581986542531
145.14442902921868
145.19525861572842
148.31974708247250
149.46375101715807
147.38685590587642
150.26073833599602
152.77708736692000
152.36506612256380
151.93275950266855
153.55421599304529
153.19993545985483
153.23069953837393
152.05212933079247
153.12150967294644
149.94873736336444
150.18551635563691
147.41995279495475
148.05623760198154
151.65013369966462
135.86565954688973
137.31352647416870
140.20481288950853
141.69221024016511
144.00021041924870
146.61213193652983
158.07369028797154
157.84893841711983
155.18213329130282
151.48029247846685
151.58288121797085
149.61320286375667
152.17336338869288
152.41466656865970
142.35746337551353
144.56395671588083
146.72656620968067
147.49165536018134
149.85139468750072
150.35870259415734
154.53419714455470
151.13728626737847
149.84953734825547
148.84139603763819
150.36995059916950
142.54171526155591
147.12269502195639
148.65664760823611
148.70916720316546
152.42309232289224
147.80741136823690
144.87901583125154
144.31509817335396
145.84256573683842
144.68933838097124
143.77186638426491
145.67958477038178
144.45007702025762
146.40281763653780
142.57801010624203
145.11192630168716
148.84314647941807
153.51725272704067
154.26255903339930
155.38515572288270
157.67163390362396
161.21975452559326
162.53380245047552
164.61038544574001
164.41911112100098
161.43731666402570
160.89711805150975
159.86372674323016
172.23059466250726
170.50517246126680
167.35083784413524
161.30758611674872
157.67050503171063
157.64470172013290
158.05079378453340
158.95797195990099
158.59778429909355
159.03779026349440
157.19659137758649
153.88535370487187
152.86826336335633
155.35535170492543
155.08559718346564
157.42328347254627
152.07693885425056
150.91591488324943
150.10900680727451
149.31737132508019
152.96128211595232
151.68540595310651
153.11378606037511
154.26740030211511
153.58169189181618
156.91100519102631
156.46268755230278
156.95993679019040
155.42214788682463
154.82179841623528
157.97395220848671
159.31361626925650
161.45266099932101
161.96456950125128
158.62783321548812
160.42727089692497
156.79713051311339
144.43734230472029
144.80933502311399
145.47075804902445
143.80409991557815
146.03660978992596
147.66582025387140
136.94792884320739
136.58375450420891
140.28313965521119
139.79369609401485
144.00484340654415
144.81329744824984
147.09564879623213
149.00457442340294
150.36967363552321
153.15816486284101
156.15615634084708
154.66274496951206
149.86544178861536
151.37424625901443
148.17790756927906
158.21861893421612
158.27410732889325
158.24215925799132
158.62797089299357
148.62950720902876
150.13033555587245
152.34389515001183
143.93343358380926
143.78315979796943
145.72407791555253
134.10490475505651
135.31942034642012
120.86987114869726
123.65687197617976
114.01428964292103
99.11534839755097
92.54264108723609
86.36548127535123
77.32095125025796
71.44999237550010
61.60181373462940
60.50870661450034
55.96256954981222
65.40199146591713
75.77946112817952
70.11186384738244
65.08146077387805
62.45850382585217
71.10835099418324
62.24579676470545
49.65828772384852
59.24555507661827
49.28885278614912
40.08959123713941
32.82118455302122
24.23126850139879
19.74756597036175
34.43993030049366
27.28105806245022
42.28222994296745
30.97921867393091
43.41216302118004
35.69798462760730
48.27161000366360
42.83428405676231
33.07778881064707
26.49645915764604
17.59598484285567
29.90977069289541
27.98187725131474
23.58873954283784
14.79980137810394
11.02418652008004
26.93277491186333
14.13162009640631
28.28131087418972
19.59505482240377
13.25712562424542
13.75033083359497
11.02580460839922
24.18500979363032
21.62531034678904
37.10016792527971
49.17885323681868
48.92859328324520
45.12370898717813
53.46628944366693
71.11424979429491
81.10112755997253
97.45298407258012
88.23199300447772
95.09752161595620
87.58610483881911
104.32488890387002
109.78741176497022
113.48046458659397
118.64407676466939
109.41397828755947
112.72994877836823
113.79937390512153
116.58463983238863
107.71873518995122
112.11147331826345
102.46099553719054
117.77143828024447
119.15862052141230
107.18166377556057
115.82121498660678
104.96394035595669
110.63890595362149
116.53072527978139
119.40371323920887
123.80842810507053
113.11514777602765
118.20242004668572
123.87001469549300
126.67574863029546
118.47411965469767
126.34419077725011
109.70644441764263
113.79213206037157
122.89448508867505
127.90593225108243
114.29940299321393
102.33186552672964
108.94035647622667
107.25024433679039
111.83726683929140
98.50949567356477
106.97605547225480
96.81526030289304
105.44221652406551
112.92900372469111
117.84836378687304
120.85048590936796
128.72459169410558
141.24409902092233
145.42883123576121
143.29324861362153
142.32407277657768
145.94981528291845
144.67714855330706
154.14753866271900
142.93859231225520
146.89489894030308
153.89669500319371
136.62275704947683
145.22844581739670
129.52699495394629
141.34929785373592
124.59666976379251
128.87207114449998
129.62820575855332
136.59613948789246
133.05058471330145
132.99092758967564
137.47258671416145
123.29445823133108
112.90244566933180
119.41095813498718
110.97890954820195
102.68169218456971
94.37624466074384
102.11143842939839
90.96731834977220
83.97078307559504
77.49890259842195
73.64748271097150
90.38578239093239
82.71524370548062
76.68593113876358
67.03640925470653
63.51986360211193
61.49982004758078
59.10923006467988
56.39660273201006
50.07390694367487
46.51218167653379
54.70672312276552
66.22634412732432
78.17866903884493
84.52548118092380
81.41567816026341
75.78395010228849
84.50202866810370
76.02662009073593
67.95530809169645
75.05084950731479
71.58489268134635
86.25279273388013
92.65508065547570
97.80535277557571
112.03114785105554
113.82517624585026
113.35112668601816
109.76284800720252
107.20161303245953
104.86692108812022
103.70937725516451
106.98745226093791
109.50456807975203
111.15293058367601
125.47956345194535
128.02162920021252
138.52745768633872
147.24715214936288
145.38727014975424
154.20583636483042
146.24527788460387
153.29671647927432
144.51608796274866
154.61243159626275
142.22423795094903
136.52525084287598
134.73264750335471
142.62053400056487
149.34125543534662
144.61881561181303
139.13016781168008
140.95906732398578
138.80343232641059
138.74876270585222
137.64511784563913
137.55187813616806
138.84561842141366
151.69344932740319
145.51313510245572
144.46564215138477
134.56749473623080
122.74581126406899
119.39473972269214
116.57744485696479
115.83548182867258
117.97401406463310
118.07704783484527
127.37151952750285
125.83334410731085
127.59066047570309
127.56900768600509
125.54883366909364
126.52630463636048
126.04088171815329
124.98843749242286
125.02077341034999
123.63853916838674
125.31776834055405
122.12866050379964
113.51142117646101
118.45097783118851
120.22760506904416
123.16006754742268
124.11424740439648
129.58890506390028
132.34067118774877
130.88477862437932
131.84202597749226
129.17108839680398
128.52199823626142
133.31403971971559
133.69411588188245
134.11723107206308
135.49487482858694
138.28135513768817
141.73255564037811
139.72120942072902
141.14014079869690
144.18063492401330
142.38624062220507
140.75162247541292
141.29440902692753
145.32508884216301
155.52179316304134
152.65590357575002
152.57689438639352
150.08581501152037
150.56559291624157
148.35554546558387
145.84684696896679
145.25408405941056
144.05110392745581
143.48117296746753
142.24519698973876
131.27320023136954
135.04532606660925
136.37396893978172
134.44994742654606
122.55009637898264
123.09342580249442
124.51091244339698
127.00764866737819
130.62293719219559
133.44054298316442
133.48453626588923
134.84998898589771
136.52928395466299
138.47288603232377
139.00129874298329
136.39860457102881
133.73372482000451
140.28519151017807
140.06447655527907
137.87419924042587
136.79955016970092
137.30326848362958
135.85611847354815
133.42040935977582
130.27290890462541
130.40256235698143
136.67657201568079
133.90636290607267
133.51183888251080
135.13683304596782
137.31589611027528
138.60421322189902
138.32847138230633
141.79916444754278
139.77859411168728
140.30903723059225
136.82558946075284
136.57027059499737
136.26670793556949
141.64968673985939
143.32250651877362
143.77238173819816
141.20241192744945
143.20789970794945
145.51664508723684
143.50441987645465
142.10360830925239
146.19832632918769
154.27250795757820
151.99840388488178
143.40439916787420
141.11975077422642
139.92155066598903
126.32205056544758
127.09490825916117
129.17763806618217
128.55496711651324
129.73933288428796
132.95445756492313
137.04646935184755
138.02686482381952
140.28959697450983
143.23062071319390
146.76521142004680
147.39361618278360
148.48341924722752
147.28717609658449
148.05678188935514
150.97971358706394
140.37687824695016
143.17030805884252
145.35623608997122
145.59301532171324
148.20072346766631
151.08775421963153
150.86762331467543
148.47306591914412
150.81454291576676
151.41659375253766
151.77959153610249
148.46215514657706
149.50110934930507
149.74890772726530
149.66569891706789
151.90973529577437
148.14524094119238
148.93599171699157
151.82878588074465
151.15039268981641
150.41070216984161
148.85941859702254
148.07672714765459
157.30342395113468
154.00877082826622
153.79423250568340
154.20849748125690
153.44311246958191
153.19010232697232
155.43062892969036
156.71426165684338
154.69487930570523
153.18156576778077
154.22299922426021
152.86203986398604
148.44814923716939
144.52772129106219
146.34247680377098
146.12297197632253
141.21600812423119
140.96375119744471
142.40431064894221
141.03138824245246
142.50871538157224
141.07825071611808
140.57681954894690
140.85617562035230
137.74997307991819
137.06428873130386
137.50630736392307
138.40368569649286
139.15386717266799
140.02626809506083
138.94980504385990
136.15312258459875
139.58521350823898
143.34164398356617
145.24304300329814
158.67964191593393
153.62252616250598
155.05661242006244
154.64782399389799
149.53393024132382
149.59586082982008
138.14659732526678
137.76523479284759
137.13232070670438
136.32198630746672
137.91309695813422
140.62805583899316
141.63066868711559
145.70966598158114
148.79656053121624
146.94744438311832
147.80386517303006
148.03934161681542
149.21206535054122
148.51899266429791
147.37824523693186
145.12134484731715
147.52546014568202
144.46610141197328
144.02629011902542
145.57090588255360
148.06423519908250
147.64440424705379
148.71967773435659
148.41113802205601
147.93952716103402
146.89753478443470
156.46511744100320
153.90974223660737
148.91556526598166
149.77717804137416
151.14528012528720
154.98778824738670
155.71826708944747
156.97822705242092
155.67057925434480
154.28906176147345
155.68125129888585
155.60493182397323
157.30501261197043
153.65615412560743
151.40867631107730
147.46539052808237
160.00229215046059
158.79752519483083
159.77090563754220
160.90165619942803
160.12181187116653
148.03145262221500
146.68787724230737
146.50212399941498
145.43257502390122
141.72386717831432
153.86039688478135
149.96515434252791
151.01709249362375
149.79076370942983
147.80682900759990
146.79644706059466
145.56773636154708
146.61373043824329
148.85256966108022
147.14244053674602
148.16737508424967
147.00481046394077
146.15340594387132
147.67775151194161
145.56290138753252
145.40944306530778
145.78965657334038
144.92082500529256
143.99578401622557
142.35371461386092
142.67167458565083
144.30471720569221
144.10764227985476
146.21741628442808
149.41002377539490
152.47950217401569
151.54317136630158
152.91928284605453
142.71336931277426
142.04384656483154
141.60518217364185
141.44865370884133
141.07181229253652
138.46928706688249
138.40163088717890
138.29855803455737
137.26212357000074
138.13383351749391
135.88388372387971
135.46496840435080
126.72076728521949
130.64070871863592
134.33732055814505
134.41809896625213
125.32821008122100
115.91423171873284
124.98199018848840
128.09111607877281
129.42270188812907
133.85554474413675
135.64433603998361
136.02720146903835
139.27917454529430
143.20284390358745
144.47140684836717
145.31358169298258
143.63337646932320
153.62141851018885
152.50173964931082
155.22318724779882
157.65159396665868
157.88596736406066
159.57942502897953
159.96243296779144
170.17104980980872
164.51441027248407
159.92327179749748
159.10290550683769
157.53454751234273
152.90474938322035
165.67899091930801
166.29937811483435
165.75063989129950
166.92044813385021
161.81161283939124
159.05659225370826
156.68231403220739
158.87190516433907
155.34692378407232
153.32794055407612
155.21524057966425
153.30268686568138
150.46628802684538
150.24096805435491
151.98829175920778
147.67359985272114
147.80723445980473
142.77925963599421
139.81532969053865
142.30602247862069
145.25267978451984
144.88433497108269
147.23305501123187
147.35828840260538
145.02645330533721
151.72350952327611
149.77667549957835
149.19877193624745
149.09142329844576
148.71771328558185
150.18493506634212
157.99682940586990
154.01887681061947
165.02473683517795
157.93606172363226
157.59284776212385
157.16585660975193
165.37924130196382
165.54958609135025
162.79166058791316
160.49341191602014
161.96601859909521
159.45623108143508
158.47471105394561
155.62841652940165
157.01252948034920
151.00652784842146
149.57010592060428
146.43236266352642
148.67643408736220
150.09490489548966
152.25845431946550
151.16953901717085
149.30759329064009
158.21926462744963
156.59973646245399
156.44293285220397
153.91327583230992
149.54871291054485
147.96601590606116
146.11887954940514
148.40090683759476
144.09201089455331
154.68077536217382
156.19755478028534
156.96094476195333
165.48564310060780
161.61925954089881
157.96421928243069
159.71310704278523
158.51353349829904
157.93755821729545
156.67144945260833
155.37608898075200
154.19717921587676
150.64384661620608
147.27011795571696
148.15997606536479
147.63705775492596
148.62615140040367
148.23310348903178
146.46070792268713
144.23455374732720
135.06123994583169
136.63343281595360
135.32112202068714
135.81067972000460
132.87256137147821
134.80178252612666
138.47439881582008
139.03968813680930
138.45256759555696
138.41146393979318
140.41306579673071
138.79859035656969
138.06383148495934
141.89222689751267
143.79484790773120
147.19110545871985
149.11251092245882
144.49329950581674
147.02560879710387
146.27987150749789
142.85102237582376
140.42633052911299
140.54613074793332
141.76403288444624
145.58507185067643
148.35705979874572
143.79134178259821
145.07436058740558
144.92142227987412
139.97812403201451
149.14506249027463
147.12609312689500
146.78926282260946
159.12762764583891
157.01420163223656
158.45282652899840
160.15469977850310
157.22190683297740
164.19865290865150
162.80001969482234
172.87577695722621
170.73476356544194
166.09781933672596
160.03485651822967
155.37185145835386
153.52048457416262
152.34082219328394
152.39931166192127
148.32476508620059
150.72544820634249
158.03369324385193
155.24639974520539
152.40986764691675
151.81844996794865
150.88717436137489
148.95377198006034
148.17454210297055
144.25065308910683
141.15241976386741
143.23500942217743
140.53548154056790
138.31640567746689
134.51155722280495
133.95300041137023
135.36644976082175
135.96996511093678
137.15954826047337
136.88181065107855
137.36560462036547
135.37089829854716
134.75326048172951
133.26222873113142
118.17886415403288
122.31370172150881
121.19667383999104
118.40538907263939
118.44429293055079
117.16039085302054
115.27746140843563
116.38935723668055
119.38365798401780
122.39708664856471
119.87410675196990
120.22843304512247
131.55640055567341
134.42533653876546
133.63709530694570
132.51395646419792
139.52873803848556
138.56960329250069
144.60915595796973
147.09556894615264
142.26593136155702
141.47462816802908
144.73665553745056
141.68374957170539
138.37787639810972
140.19078535209184
143.64167426697082
144.09455798088527
158.36965814347496
154.87198939868048
151.47724660149066
148.43946228003799
149.59293588847260
150.28197290857076
151.25114889464794
149.30484680413798
147.69366407670094
149.38985923079400
150.54349767172192
151.91739980183161
149.73817459633739
146.62072590565813
146.04065163509205
144.04894700196093
143.97930789150067
141.31910942280740
142.40785932412743
143.01407684063921
143.24380866458847
146.68217103907531
147.36327263193161
144.57276201556212
145.54546516148071
145.32294696365980
144.83102019343312
147.15038139987251
147.52845353325705
148.20000242327362
146.95910438072920
147.23747143119439
145.32576003762216
147.53633412003285
144.71050282865198
134.47579212061783
136.69901511424843
137.55003308453587
140.98331201949301
140.90494791722324
140.69656043011418
141.80270225716589
139.67781302870662
141.85084931750478
145.10866620295951
148.15512447172694
148.00158492289921
143.45238615947659
144.66257266469728
148.11112836861264
147.49882742051636
139.53870942929743
141.07662328463448
142.26213615085996
140.41682906115659
139.85454564348925
149.94434543361129
152.35086711262221
149.73979110292277
150.98893758528664
152.35310700547291
153.52565036274396
149.89092676130579
147.32024349750486
147.47399952594085
148.53966282132160
150.20743055635157
148.59586054320522
149.71040744837825
152.20772541103003
153.74134297508391
148.30100278836051
149.93954191136120
147.74906263628310
144.71121418117320
142.16831484201199
141.63099842763651
141.39647009229827
144.86676718762004
148.90140900339139
145.92578394998995
142.63830959877990
134.41946009036468
132.09551983180540
136.06486596289284
136.77300628210293
140.00597848798691
142.50360209406762
143.51066556007191
145.32394403372140
145.84515852327547
141.70652535692571
143.75316868465274
143.38301169698343
141.94360964802013
146.10573719811461
145.52479544881962
144.72182048474778
148.64933108014156
145.80112179699753
143.83595198675283
141.92226828867717
140.55739038247219
143.75985696399829
141.28113042104133
142.24577116931599
145.29228372932263
145.17349851753170
145.67730830094303
145.40977643993142
142.92759270083246
144.39919929106625
142.45925044909026
144.09699576290402
139.97907389835615
139.53125398298846
137.96353465818055
138.01866727821189
138.46684563439254
139.91483597115720
139.90105806445303
140.29954396033241
140.76445242537861
144.73563434262323
144.32604416509849
148.79226158417717
151.04692959476225
150.51204477683507
153.37922015111647
153.09266301075650
149.65151377213360
147.22455250617821
145.53934106712484
146.63489294005052
153.94872592238841
151.55665402361305
154.10362636564096
150.32921722964551
153.16183134277514
151.65867028596389
154.17597206145683
149.23249947361026
146.70399910444812
147.85712539580689
144.30279968113086
146.49642758958441
146.66473093988333
150.50827578442966
147.98260923458449
148.45456970493964
141.21807321477894
142.38605648992512
142.64996040062758
141.71947168500287
143.21711035775360
143.57311419666607
146.47887828390031
143.84697073471986
141.99710322952095
142.74114540110483
142.87265473136890
144.95194725836362
143.46660665151461
141.04503393182742
142.83344906696632
139.67293518571486
138.04215489107486
138.70941437404790
134.88795624320062
134.37744566879525
147.82954465510542
145.78548195821080
144.77569293564650
147.21762282414664
147.32553824936579
150.80924790159722
150.66413923961346
148.06862192176254
148.69263554243042
149.07899509438559
148.36570349798203
146.31077600580610
144.75393135496330
146.05880435013322
145.63571605182167
143.64643419365663
146.33401881551143
145.73070422207167
147.93193739501527
148.58440111521068
151.16389042123211
152.65627741991838
154.73291274566384
154.57951183545825
155.80716196369764
151.67865040546005
149.17724691458963
148.28113319748590
147.61398207429872
147.99934288875551
147.21771749795130
142.92092688631530
143.05384517386642
142.07429175168829
142.69076594715685
142.42633333290178
143.30884588568281
139.20437308361855
136.55775782458170
138.63352315372100
141.98696439791411
142.77730515990586
140.97272100170287
137.68080466390776
137.38492940218848
135.23387962654036
138.96845115686932
137.13160767724779
140.25267623264119
144.32262842871774
147.69232718103467
144.13918682372673
144.33655802303139
142.59571497979064
148.44424387067292
147.05525828002044
149.67475506923375
149.08936359650608
150.52097646006584
149.16961900026541
145.87095790779370
146.35705094588502
147.62335838003418
148.01255785324904
147.89101320425152
147.35093336548681
151.19906691091830
151.72690619054515
150.18750368042134
148.52071818539270
147.03341488784469
146.53373486375293
157.05449755832939
156.16028434096827
165.57941060477702
174.75212955207056
185.44710863052921
193.61320504490055
202.23621787646115
210.58558032145640
217.03674786832224
218.65609484423948
