-10.00000000000000
-8.00000000000000
-6.50000000000000
-6.65000000000000
-6.78500000000000
-6.80650000000000
-4.02585000000000
-4.12326500000000
-2.61093850000000
-2.64984465000000
-2.68486018500000
-0.11637416650000
-1.10473674985000
-1.09426307486500
0.21516323262150
-0.50635309064065
2.34428221842342
2.00985399658107
1.00886859692297
1.40798173723067
1.56718356350760
4.31046520715684
3.17941868644116
2.56147681779704
4.30532913601734
3.57479622241561
2.71731660017404
3.84558494015664
3.86102644614098
4.17492380152688
2.95743142137419
1.76168827923677
0.78551945131309
-0.19303249381822
-0.97372924443639
-0.57635631999275
3.08127931200652
2.27315138080587
1.74583624272528
2.97125261845275
1.67412735660748
0.80671462094673
0.52604315885206
0.37343884296685
-0.56390504132983
0.19248546280315
2.47323691652284
2.12591322487055
0.91332190238350
-0.07801028785485
1.32979074093063
0.39681166683757
3.05713050015381
1.75141745013843
0.37627570512459
0.53864813461213
0.38478332115092
1.84630498903582
0.86167449013224
1.67550704111902
1.70795633700712
4.03716070330641
2.53344463297576
1.58010016967819
1.92209015271037
0.52988113743933
-0.42310697630460
-0.48079627867414
-1.03271665080673
-0.02944498572605
-1.12650048715345
-1.41385043843810
-2.27246539459429
-3.04521885513486
-2.44069696962138
-1.19662727265924
-1.67696454539332
-1.30926809085399
-0.37834128176859
-0.94050715359173
-1.14645643823256
1.26818920559070
2.04137028503163
1.03723325652847
1.23350993087562
0.21015893778806
0.48914304400925
-0.15977126039167
-0.14379413435251
-0.32941472091725
-1.39647324882553
-1.05682592394298
-1.35114333154868
1.68397100160619
1.11557390144557
3.50401651130101
6.55361486017091
6.49825337415382
4.94842803673844
7.65358523306459
8.28822670975813
7.05940403878232
5.65346363490409
9.28811727141368
7.35930554427231
8.42337498984508
9.28103749086057
10.65293374177452
9.98764036759707
8.28887633083736
6.75998869775363
5.38398982797826
4.84559084518044
6.36103176066239
5.42492858459615
4.88243572613654
4.39419215352288
3.75477293817060
2.77929564435354
4.50136607991818
3.05122947192636
3.54610652473373
2.79149587226036
2.91234628503432
4.72111165653089
4.94900049087780
5.45410044179002
4.60869039761102
7.04782135784992
14.64303922206493
13.07873529985843
11.67086176987259
12.10377559288533
10.59339803359680
8.83405823023712
8.05065240721341
8.94558716649207
7.75102844984286
6.77592560485858
7.39833304437272
6.95849973993545
5.76264976594190
4.98638478934771
5.88774631041294
6.59897167937165
5.63907451143448
4.37516706029103
2.93765035426193
3.24388531883574
2.41949678695216
5.67754710825695
4.60979239743125
3.24881315768813
7.72393184191932
7.25153865772738
6.02638479195465
7.12374631275918
6.51137168148326
5.06023451333494
5.55421106200144
6.59878995580130
6.43891096022117
9.69501986419905
12.02551787777915
10.22296609000123
10.00066948100111
8.70060253290100
7.33054227961090
6.69748805164981
5.72773924648483
6.45496532183635
5.30946878965271
3.97852191068744
3.68066971961870
5.01260274765683
3.81134247289114
5.13020822560203
3.61718740304183
4.45546866273764
6.50992179646388
5.95892961681749
5.76303665513574
5.18673298962217
3.66805969065995
3.30125372159396
2.87112834943456
6.68401551449111
7.91561396304200
8.02405256673780
6.82164731006402
7.03948257905761
11.23553432115185
11.11198088903667
11.00078280013300
14.40070452011970
15.56063406810773
15.80457066129696
16.62411359516726
15.56170223565054
20.00553201208548
19.60497881087694
17.44448092978924
16.00003283681032
19.00002955312929
17.80002659781636
24.02002393803472
21.41802154423125
21.87621938980813
23.68859745082732
24.61973770574459
24.15776393517013
25.44198754165311
24.99778878748780
23.09800990873902
20.68820891786512
19.61938802607861
20.35744922347074
21.02170430112367
24.31953387101130
22.18758048391017
27.76882243551916
26.19194019196724
25.37274617277052
23.23547155549346
24.01192439994412
24.61073195994971
33.04965876395474
29.54469288755926
34.29022359880334
33.36120123892300
31.62508111503070
30.96257300352763
27.36631570317487
31.02968413285738
37.22671571957164
60.10404414761448
55.49363973285303
53.24427575956773
61.71984818361096
57.74786336524987
63.37307702872489
71.13576932585241
93.52219239326718
88.46997315394046
83.52297583854642
86.07067825469179
92.36361042922262
84.12724938630036
104.21452444767033
132.99307200290332
129.29376480261300
132.96438832235171
139.06794949011655
140.46115454110489
138.41503908699440
139.77353517829496
146.89618166046546
147.00656349441894
145.90590714497705
144.21531643047936
140.29378478743143
141.46440630868830
144.41796567781947
142.57616911003751
139.41855219903377
139.67669697913038
140.50902728121736
140.95812455309562
141.16231209778607
141.84608088800746
142.26147279920673
139.73532551928605
137.36179296735745
139.82561367062169
142.14305230355953
145.82874707320357
149.44587236588322
157.00128512929490
158.90115661636540
159.01104095472886
156.70993685925598
153.53894317333038
157.48504885599735
160.43654397039759
165.29288957335785
168.76360061602207
166.18724055441987
167.26851649897787
169.84166484908010
168.75749836417211
166.68174852775491
162.11357367497942
158.20221630748151
151.98199467673336
149.38379520906003
146.44541568815401
141.10087411933864
135.49078670740477
130.14170803666428
117.22753723299785
112.90478350969806
113.21430515872825
114.89287464285543
115.90358717856989
105.11322846071290
102.80190561464161
101.82171505317746
104.43954354785971
107.49558919307374
108.14603027376637
108.03142724638974
109.12828452175077
109.91545606957570
110.32391046261813
110.49151941635633
109.24236747472069
98.71813072724864
88.54631765452378
89.59168588907140
93.03251730016427
95.72926557014785
97.65633901313306
95.69070511181975
95.22163460063777
85.59947114057400
80.23952402651661
79.31557162386494
79.78401446147845
88.90561301533060
93.61505171379756
93.75354654241781
94.87819188817603
95.29037269935844
103.96133542942260
113.46520188648036
117.81868169783233
131.63681352804909
143.87313217524419
166.28581895771978
177.15723706194780
168.64151335575301
161.07736202017773
153.76962581815997
150.19266323634398
146.67339691270959
141.60605722143862
136.44545149929476
132.70090634936528
133.23081571442876
131.10773414298589
129.39696072868730
129.75726465581857
136.88153819023671
140.09338437121303
138.98404593409174
140.38564134068258
137.94707720661432
135.15236948595287
133.33713253735758
129.00341928362184
126.50307735525966
127.25276961973370
123.62749265776033
124.26474339198430
122.03826905278588
121.33444214750729
120.20099793275656
118.18089813948092
116.26280832553283
118.23652749297955
120.61287474368160
122.25158726931345
123.42642854238211
124.58378568814391
124.62540711932952
122.76286640739659
118.78657976665693
115.80792178999124
114.82712961099213
111.14441664989292
109.82997498490363
111.84697748641327
113.36227973777194
116.82605176399474
121.14344658759526
121.32910192883574
122.29619173595216
125.66657256235695
127.49991530612127
138.04992377550914
158.54493139795824
172.09043825816244
181.28139443234619
194.65325498911159
195.78792949020044
186.40913654118040
188.06822288706238
186.36140059835614
189.32526053852052
191.29273448466847
195.56346103620163
188.60711493258145
185.74640343932330
178.17176309539099
171.85458678585189
167.16912810726672
164.85221529654007
159.66699376688607
156.10029439019746
148.79026495117773
140.91123845605998
127.32011461045398
115.98810314940859
112.58929283446773
108.53036355102095
106.27732719591886
106.04959447632697
106.94463502869428
106.15017152582486
107.53515437324238
107.38163893591815
108.74347504232634
111.26912753809371
115.44221478428435
117.19799330585592
117.87819397527034
116.59037457774330
114.13133711996898
114.21820340797208
111.79638306717487
111.01674476045740
113.91507028441166
114.52356325597049
113.87120693037343
114.18408623733609
113.16567761360248
110.94910985224223
109.55419886701802
99.59877898031621
89.73890108228458
89.36501097405612
90.72850987665051
94.55565888898546
103.80009300008692
108.92008370007822
113.42807533007041
114.98526779706339
116.78674101735704
118.50806691562134
119.85726022405922
119.97153420165330
125.37438078148797
133.23694270333917
150.21324843300525
152.99192358970473
151.49273123073428
155.84345810766087
158.15911229689479
155.44320106720531
150.69888096048479
145.82899286443629
141.94609357799266
139.55148422019340
138.99633579817407
138.19670221835668
136.77703199652100
134.29932879686891
133.76939591718201
130.89245632546380
127.70321069291742
125.53288962362569
121.47960066126312
118.53164059513681
115.57847653562314
112.12062888206083
109.40856599385475
107.56770939446928
99.21093845502236
89.78984460952013
80.51086014856813
80.95977413371132
74.26379672034020
75.53741704830618
76.78367534347557
76.70530780912800
75.43477702821521
74.09129932539369
75.58216939285433
76.92395245356890
80.73155720821201
81.45840148739080
83.21256133865172
86.49130520478656
89.34217468430791
91.00795721587713
94.90716149428941
97.51644534486047
99.56480081037442
100.30832072933698
101.57748865640329
102.81973979076297
101.13776581168666
105.92398923051800
111.83159030746620
120.84843127671958
131.96358814904761
161.36722933414285
186.23050640072856
193.90745576065572
224.51671018459015
