-106.08522699776964
-93.26535994115584
-88.73204015816788
-90.84323763724984
-107.40001979112722
-125.04241338842562
-144.11342899494139
-144.26201251939506
-154.59779974121648
-162.06724635532623
-170.90368772143466
-174.46833447034962
-207.58901970861234
-217.40280973153409
-228.32246580426909
-233.11131129755663
-238.38853780077312
-249.06846250626324
-239.52438604539444
-239.42345067466962
-252.80350284008122
-284.93589960016925
-290.46366308898320
-294.30144799557348
-316.77290695881737
-317.79123815661660
-324.36845435411811
-314.31184936002194
-304.30239690871815
-295.57674830996524
-283.30020119084901
-278.64582660207196
-277.82294000975952
-271.61807589709031
-258.59205086483740
-243.85756160251503
-239.27499869556289
-233.70367100013010
-252.24639622749058
-239.32825331935234
-234.40333956877581
-218.81478777947217
-197.52855218673915
-189.30120983338344
-177.44777126588849
-191.98607728891375
-181.92531172234055
-179.26925132918720
-165.12702436895043
-152.89995724709530
-152.73280438949996
-147.73709343156165
-142.52476230904622
-151.87827123444103
-148.77150897836356
-147.46236660417009
-161.77446592240813
-157.28081607213747
-152.72122958513094
-141.74356535024808
-127.56709701542682
-114.44234806257157
-125.23727255279373
-114.62288043453022
-151.05617121971440
-163.92603682844867
-154.10099285756354
-172.31711108645305
-155.70912169763511
-169.28887494140264
-164.20942021773354
-158.52236136879631
-146.63489878195114
-168.55159704026536
-173.86510320148511
-165.04843803039802
-176.39138742471920
-165.40156248462409
-150.92255290185113
-143.69504359939450
-139.18585474358619
-137.78550777912881
-154.55429581219693
-147.83216936110259
-136.06082218342857
-146.71491369770052
-142.06661208530141
-130.02757158247994
-144.69856718409477
-134.43911255804116
-123.61223723765919
-126.62010179034408
-117.02477004095188
-127.41936666262714
-150.36259292696508
-165.04668417881254
-176.63536457115120
-164.78498303671586
-181.61811764453907
-168.66037103896491
-186.63960556990978
-171.49519520258548
-185.05730531534800
-170.48628984711087
-160.94297486668290
-176.14169520919967
-163.56976602327174
-166.77984283317210
-175.41623444171717
-189.44945331868760
-204.80430947489742
-221.97057473600734
-257.93608466323275
-261.47544350918599
-264.39828003935588
-313.19834048641366
-328.56224842969868
-343.60564569474116
-324.06053399866232
-315.70763870178814
-308.24558902338822
-295.96308607299801
-281.30110734116784
-262.72484480423844
-264.48092852112080
-240.37217306150919
-238.70572030340185
-216.01678139764516
-203.92546801369662
-204.54389042067081
-191.41885137318891
-182.07147288230345
-168.74251180588922
-181.49640755968346
-169.84983010947900
-176.43085837489136
-159.87165607807756
-151.95267186791173
-166.57250145092280
-168.31770015471756
-169.58683601705923
-166.33999636181963
-177.37772990161275
-184.53943533089324
-188.73266469288976
-145.68669536852460
-144.56060430423705
-136.55963299851729
-135.17370164696450
-155.78052246705630
-139.88865335010479
-126.05920256097825
-118.15297525364417
-130.42456778811817
-122.01546099056817
-137.84326531048694
-140.40171318009973
-144.93280245401246
-150.49349093802334
-171.86054769172330
-159.26788250843768
-165.60732096139034
-159.88617364949280
-148.83300255215599
-133.56271945310959
-120.29154585556712
-116.86836065066142
-115.75816367496509
-129.98560759911493
-120.25656944389448
-130.55945024936315
-125.51943501985390
-109.55119506015747
-114.74694541004156
-131.70534607170154
-122.56662251422640
-118.47470109172325
-112.37120536599006
-125.55592313499847
-135.25012007607296
-126.22823344033004
-134.88951125118024
-144.05629311593503
-135.01486119206891
-120.08911747731811
-129.20126062213754
-137.81294547240489
-147.02890980709017
-158.58943815298022
-162.34650926945866
-170.41111871279841
-161.83824306634233
-178.57535325161933
-186.00374505509498
-168.98038173072780
-154.32230922861436
-145.83211235659476
-167.01104495075009
-168.48096659933341
-158.98446949059283
-167.23300891644917
-189.75325205310284
-178.72743755415138
-197.80500846968170
-196.71004117118721
-196.57157099952138
-213.10831918482606
-193.35467932500094
-178.71233380802707
-167.49707158974226
-160.71710317551413
-141.89053044196413
-132.83165186299303
-120.11881448013220
-116.32406864989930
-101.12644648713540
-99.62192384830774
-139.87717427959674
-130.86508242627676
-121.52190580712110
-110.32109438050196
-138.98399871326586
-133.11768094373582
-122.41854762731076
-114.12310453660550
-137.25838256907957
-130.97574095392019
-119.99942196814159
-117.45219682834532
-104.81431720889250
-96.34520980005654
-91.87788785825452
-85.52400043588406
-80.33197430332342
-74.71367749713595
-69.60276369128792
-64.95270259080181
-61.81504532304172
-55.66433120007431
-57.10475698406668
-53.99609693765102
-49.90055112198576
-57.24758718644863
-52.70866205369769
-52.83004068412635
-60.92417973155938
-55.43499295360663
-50.90843021651420
-49.85061670656039
-49.59274920320210
-48.82766692670690
-58.64405732728002
-60.61248081446416
-61.23592595854881
-56.49444218356597
-61.28874402364206
-69.63481463954378
-69.43839615946943
-66.17739227863252
-64.35100515953870
-67.04108957585328
-61.83205485664813
-56.56103550277150
-50.77979165086720
-49.20085014001972
-51.14884160813505
-48.00217198548021
-50.22103884943945
-57.36214995889654
-57.04792821964644
-59.64131690705461
-62.30253659886928
-60.17021590740011
-54.07291664126661
-49.16270331132026
-50.37275388956488
-48.64333023674791
-51.02932904048957
-47.14359829872189
-50.21392454054155
-65.27598104970843
-60.99994136559562
-67.00880554866410
-65.51718853298927
-66.65497185378865
-72.78889518838213
-94.21673538230715
-92.63034695616935
-87.77243152719416
-90.12106533636556
-106.96409756125603
-98.85168390028750
-92.22905497623194
-94.16319203569634
-89.64465619651953
-86.15004237171405
-84.81028204283636
-79.06905786804980
-73.70406967093462
-85.28248827696275
-83.56280455198331
-79.77365686265141
-70.11071693020658
-67.84091894655216
-62.47366066357601
-83.81445303730517
-82.29667149266504
-80.11403941593969
-67.39222907765479
-59.10928354547254
-56.09055868797856
-49.04284562253756
-44.86048141040013
-44.08326306385913
-41.63866227856091
-36.97466571693948
-31.50098808181082
-29.57955190377388
-31.51569111957641
-29.06576253852617
-25.71612884601680
-24.52335482002960
-23.25655753805032
-19.93748305495607
-18.38499856986680
-15.48038428296140
-19.69712935330086
-18.90732331455585
-22.44946732816929
-20.15662628990851
-20.57476196704850
-19.66652810166231
-26.25029313606640
-25.61298414465334
-41.10890151384005
-34.97572776638901
-44.93526075702642
-44.16745205697885
-43.13293745116550
-51.73261019420546
-65.16323230803724
-57.85530511611873
-55.39846655984066
-58.35139988699405
-61.13413764951756
-56.81051480818132
-58.03463085947395
-53.31872300631243
-54.95619208682692
-56.99518955841974
-61.28329139914750
-69.16147561417489
-63.37525165737554
-71.82263053498367
-63.54775937749059
-53.83551158326954
-48.31173350274449
-44.65171047474325
-59.40952075828839
-54.74357400101734
-52.48469579996964
-48.90383579851039
-53.29870865842805
-54.94706166621680
-70.93576960954726
-62.60047675460651
-57.83888303353924
-51.21786777668775
-50.70235274202822
-45.56972630417533
-47.03133114823889
-40.33261521641255
-41.63710259875335
-38.25858879635793
-30.78374806707314
-28.34353120400870
-23.48875513190833
-22.43046119554257
-22.87754352542989
-24.07365406297875
-26.72522185748512
-51.22254727054020
-70.76892541172298
-72.99382525567492
-87.62046224922804
-90.47301855883171
-90.11194639506456
-88.37560497706036
-97.10612888703986
-103.16434454759923
-105.33470361763750
-107.39613847969369
-103.14566290355836
-109.06924879398936
-119.35118448174154
-116.17208398625482
-127.87497735657217
-131.34430604771603
-136.91117051496181
-136.98640146261440
-135.29647975462274
-140.62498771992250
-132.55162072133751
-149.12702820441359
-137.59020782863942
-161.28393132620380
-150.72087721281233
-139.47503673057699
-148.48132288807204
-132.84650794746062
-150.37219940938454
-133.59586559569718
-123.45786928512287
-108.95830917117763
-95.58875306312977
-82.40597584387511
-74.83004970625177
-68.21136961405811
-71.26011709023476
-65.78545872835966
-57.52030122205131
-56.83577675398210
-50.70924529125480
-58.43382776411043
-52.65622169136451
-45.31925936093690
-45.04939641300945
-43.73338669938050
-48.75402444296768
-39.54933249974000
-34.26943663135269
-39.79378772152837
-40.72778806583076
-43.18498134909846
-50.10212409108998
-51.90419022569365
-51.63132414166057
-51.50122869828310
-50.51412631014627
-52.97664538004497
-56.80367806613492
-58.92035577482175
-60.89961360441550
-60.39270230039102
-60.07624535978841
-59.17403109737791
-59.46360587235355
-56.11725159451810
-53.26204038876106
-56.15082953644892
-60.16059393329019
-60.19073477969054
-56.51495324260303
-52.85957846258005
-63.20925486003006
-61.06060930267010
-58.08354815062889
-52.33064536915001
-50.60411021256464
-73.70871393635392
-84.06691070744357
-79.77104782663744
-79.28023405098044
-75.72678972328904
-71.76816616143824
-91.99623810059188
-89.19278253729458
-89.36454439017491
-89.08693841582314
-89.19706969671824
-82.08269576351441
-79.95003492725604
-74.20410348789426
-76.91768512185507
-86.05096288241103
-90.53658023551017
-89.31456818339382
-97.76487215601315
-99.78582926754126
-107.76706978224789
-101.63306223046703
-106.65972225328248
-103.20145122177047
-99.93530174570499
-105.78084151990630
-94.81926290355324
-84.30973032015619
-79.48975800862559
-69.24969676756614
-77.10016078130488
-66.91988847076001
-65.59272004550608
-72.85212748226635
-64.82950540945038
-56.28119781518036
-59.77378309748728
-68.28914516033385
-58.25101972042416
-48.67464679239004
-70.14313179211391
-78.09308811821532
-70.26330122763190
-63.13540176759034
-51.22185206416008
-48.12923513696774
-45.98581699461305
-48.32796513783482
-41.91254631287779
-37.15010919083061
-32.18342953440116
-27.91980840522848
-27.52357413762137
-24.22113907102755
-20.08733381639227
-28.64077745939947
-35.26349748519559
-38.79609868930076
-45.95748262638769
-40.47635960342168
-30.55976998718001
-29.59362003879191
-34.17918822350545
-31.39535724841100
-27.92976444554145
-43.58678407815351
-34.84894534691528
-33.04170314507606
-32.98484241605554
-33.32517424178118
-29.98833920689743
-27.46358677945755
-26.30055908317737
-33.67060385264596
-35.97407716805306
-29.76464614170557
-28.04198486466885
-28.93622466226622
-33.56832673604669
-36.47121197527421
-43.56816049809908
-41.06802771530175
-36.17502720127712
-33.10001341291959
-31.95559826828098
-27.53269885414811
-30.15696066535232
-24.23150109252658
-18.48170721799888
-13.77867227104416
-11.36200009047024
-13.62132240815806
-2.74620348381796
-16.84926953200564
-24.20484571315575
-33.72813672566389
-42.46159959986222
-41.86894112757670
-31.34677348656196
-37.23430228337703
-51.88364120120774
-40.61796512125743
-34.47120953639597
-35.48531798941914
-40.66922083756903
-51.45144415820395
-45.31262100183697
-47.14878653239516
-44.19327717775513
-52.70230958129811
-43.33766613984939
-39.40453641521295
-32.44058684943374
-37.55628247986790
-27.49871377988405
-24.23986081338817
-32.93282773116078
-23.27933766682321
-28.12561459467450
-32.20446622315602
-27.91101381651583
-30.25896604433619
-20.66735822872537
-17.59607795471277
-21.68789285973477
-27.03234137902756
-32.76174504729397
-32.22707610079627
-31.45985181227065
-29.50720033869190
-33.92685802108931
-21.31203646395664
-21.54989283502588
-26.39189551580007
-18.97086980183424
-18.43781883302401
-16.93066768713017
-41.52140157217515
-41.99637755954909
-38.65232876991653
-37.73622544525268
-38.45263881994252
-44.85217266775320
-59.30173783102894
-54.58409314571448
-53.11203466731708
-47.56058020028964
-39.84072062563276
-75.12399181975783
-68.41432802149195
-57.44885863605139
-56.60400387153873
-51.24052912379442
-44.66122849020846
-44.01850274956957
-39.17135963179015
-33.05462424261837
-27.43798305956884
-21.90435911081261
-14.97271798964838
-13.54341836234621
-10.00695528935923
-21.41288324555858
-17.09701920445537
-37.63338074275672
-40.49905813349856
-37.19307820270490
-28.79137209440654
-28.82838989897247
-28.77943937971925
-22.23244652635749
-17.54579163880104
-12.28944329688332
-17.06441724532169
-11.31474752504195
-7.76495893573675
-6.14302816797331
-0.66556757763519
-4.43202977410823
-5.74765513348905
-9.53784353478550
-2.97663801131687
-0.57922688731719
2.25998969045936
3.05311507158498
-0.72378535371898
-0.55643517914708
-9.18188655676365
-0.66289544005469
-3.87500258464914
-2.00192700445496
-0.61039031281902
1.58880768746686
2.86881388148430
4.58070480619017
1.84461592754316
8.72596520854753
10.76357531993095
12.07381861032151
9.96153484308967
10.76584068190513
12.92706737217785
8.53744814362303
7.19538692478318
17.55651965385636
25.22949414583768
23.79388562573667
23.06623108580617
30.03816343504489
28.14998622837851
28.97112102893902
21.90213739048052
19.28749099253928
16.78392994769073
17.55301557599138
22.08499058978477
23.81305462275862
22.25386832711161
31.02629015594077
33.93672615961244
33.03589400604681
28.13251615857063
26.84288977227856
26.46883877733594
23.97253941517799
28.54594206874897
37.56728318282128
32.67307939766928
28.10598786084941
34.74806308104526
37.13519739736268
44.26122770889947
44.27626756061686
38.30156229955845
13.09681069778404
21.12429998686520
23.78131772078995
21.23849808028013
29.60836460095618
32.81000530479838
35.52774175121624
35.94159775621013
34.91330855029209
34.93667155736819
40.14975072445171
40.93178551159325
36.01389402948427
43.45852073917169
18.00590497256628
16.61437502863419
17.81952824318030
20.19163870365091
21.49036170877042
21.28271285771402
23.33874587650023
30.69644175514488
26.92813030267419
24.21263160124942
20.96010994176051
15.69111782318548
14.34481842007563
10.03742258713470
9.68481147459966
11.62095936204169
13.39084727572343
13.52409016766295
8.69749791211935
17.46315074705813
16.95810466991197
14.30835398898710
14.44090072946747
14.00088435117012
15.91040869210004
13.59509081247060
10.90800631912531
11.31091586934087
9.72212938512000
13.46922220090291
12.32023339637294
13.79930090491657
17.09423198589040
17.69121776765327
16.00966029683914
12.06525898212611
12.48585993005415
13.78162934158605
15.17890839913488
17.53259991514691
17.37149912588517
16.45763015579772
18.74061646664466
18.97216733076554
2.17119968928326
0.94232816130530
-14.28922066692489
-17.64691601971249
-21.38813488195855
-6.50764837827784
-5.04440173695723
-1.96703463670526
13.18539337720637
13.76914258725887
12.98785723975452
15.04685673806457
17.71181331259463
19.85453506844599
18.61786519159957
30.64674268497200
23.90546426035485
18.80251830577009
22.75552818403644
17.01463052306885
19.84749177685935
21.25242087861736
18.97913888384161
15.11730094414447
27.35663971644196
37.68356916001508
36.82905758654975
43.39666532333226
49.00689280950851
47.78991590004614
40.78978440979451
45.99070570246715
46.45821671896249
47.19713687473995
46.04489185488934
40.13361204779584
34.53571287781602
40.68609100520898
37.92584756288934
36.59499041324001
45.68769120510674
39.69814569022925
38.90037135080042
36.21814628995403
37.26377955184483
29.19929663392846
31.92930144657111
29.70811504092799
37.92210494979340
36.90384306634260
36.08474830066196
33.02766857317392
20.26398287505996
16.15184730304189
19.67823933940277
19.11829527345516
26.84456988512882
20.96813397097736
18.78832622763879
15.21470114698001
8.78618569171740
9.60797415235702
-0.79293436931466
-5.60017752740600
-10.69312489243594
-15.42779345701759
-16.20159531527591
-20.18320446668236
-23.47243962023790
-23.57984764850439
-25.43746129861398
-27.98518204397318
-23.92798121830604
-25.77687264561549
-24.05220307906530
-20.57413123666000
-18.73384438861970
-18.35841861164010
-23.24066599524259
-25.00276959940912
-25.16597233476682
-27.19388217494252
-22.29671788796271
-18.13257313013025
-10.90717661681310
-7.32595551023237
-3.11578229444614
8.98707485692493
10.39040717113229
7.21902725896609
4.54998700242908
4.45028069378435
-1.65865226085854
-0.46644205962527
3.02361203329289
2.75127652019534
3.71317671588607
-0.77548327144867
3.16753490173420
2.65634869500795
3.24103994550564
5.99110801498455
9.08098645053735
7.19320315254734
17.18131296995535
24.74462062969431
20.42428787456883
20.00538664480436
14.44853085708229
13.29044321413881
22.68751334393261
21.72767959836312
23.86004846200370
23.39905958828840
20.23516953794423
17.76095772641671
7.48821341432859
22.80014114508902
23.42193684642461
30.95485056111886
31.14769948709793
24.54648888397773
34.27966974477572
31.50713656835469
35.47044083076099
41.30681691288174
48.34162679826363
49.91124088969909
42.70226742959256
37.64154041717254
45.32386469655955
27.02822747481991
30.34268773852838
35.42621905739732
15.49891986902351
28.78752013380080
21.26542473848238
26.03912532667506
16.63549375098476
22.02513313094990
32.52151338038529
35.76678558132429
45.45634281529924
50.74046168239456
41.45517905903873
48.06575087715854
41.07343739518343
33.70561152023092
25.00655011055700
22.19005646860270
31.38108112702152
32.72732212334557
27.82338424368340
26.07327137376349
35.55589951963111
36.10597722334503
34.13033495416816
34.03737019871308
33.44801937676009
31.19547663667519
42.57016286057081
51.04826319649397
40.05457324270874
34.11443943173557
51.18154096589035
60.85911638218980
66.91262479461631
66.99595072955175
62.68674398783346
58.16544975290639
49.39107334665569
57.10405150236632
65.83881434422088
71.68736105337467
66.90334787288091
65.98049108855405
53.57626515681448
49.54388665972794
51.58423406115816
53.17728581927739
49.52667125425733
46.75331720636848
44.39803244756487
51.64835041240789
43.27316148684261
48.60674419072998
41.41537947374233
46.19969758077997
51.46112946323985
57.29648324642794
55.71923188147771
65.58896184022159
67.30756934223844
73.65461842093870
70.07911147254642
64.09591680903553
70.74151278805903
49.57444624649327
45.54121228514620
51.79265847817975
60.03450938137397
66.35560537322908
55.02053207013930
64.54107559495073
56.51635322195193
48.57355189017166
53.04924837165892
54.71390091746602
48.67032704548312
43.24982149798844
29.23148098424829
29.84874761051115
37.96822584116396
41.73315588485828
52.37832014758968
57.55648354273729
58.09339552088727
51.37125651208505
42.64189242581548
55.37111300224112
61.44290366157539
66.57229154253164
76.30264708029934
69.89623292174929
73.97836158695489
76.94966355218416
83.61376428242603
87.18613931603599
60.60000665752733
62.65337763319438
53.33031728451431
61.31784856560334
70.02615712429439
76.22620216812446
67.19511537033527
77.08654512250061
91.29168724040473
101.14545966300669
110.82706765761074
98.23917969284705
107.94305892014705
124.51631238445890
112.77180976405607
120.57843574160039
110.54534361312641
125.71616134836449
136.24034148078846
126.94117502694940
142.79298492769891
149.45041513622482
159.92043453035240
166.72692575947468
169.98026530037853
165.11430218474018
171.31293003438967
175.42680355405349
182.66509915164553
184.96739066614336
192.52370245772897
197.71242449050308
194.90771097864254
172.31499151035527
183.40922555323220
159.73149571569596
141.91552885625413
154.00860036019807
162.38346242080189
164.45670898496905
167.46318603861704
175.38185664918254
158.61882390258981
136.67574660903605
142.48865642862810
156.48343529193957
167.19990901671679
176.25885399432946
184.92226318857507
162.68942402715845
168.64913198416991
140.41807826580543
152.20912872392529
138.35845961297284
123.23117377680384
133.85060270550917
124.83387244286958
111.88246513796308
103.25294173144016
97.34389749128182
87.61392049643936
75.06857119441021
68.50687037774981
61.36957989690841
57.12042834530341
44.99450762748982
43.43969668085264
39.46416801456281
35.51492901714813
35.06057000160207
33.17021708367950
32.74427694523986
30.58993743879980
26.23472832600726
25.62287945349646
26.37906875004301
4.82844632440293
8.38648433823957
10.98094187304368
7.32446640333971
11.33438145632097
10.99962218412842
13.18452347291891
15.73438022489229
18.70046774179514
16.88954166917293
19.32458381798688
20.91083960354198
18.51316886622459
15.68701086194405
13.19161289479544
16.69137888432743
16.38410893844853
11.85259507015972
15.26959496474102
13.27356273740003
12.31709795578046
13.82381959410181
17.52287602233739
19.51410510434650
16.10397828498225
9.00000223116461
9.48704692093476
12.13709666523214
11.56340445832441
11.82634669950662
13.58296630918265
16.64091288806602
18.83791261891188
20.31017198196030
41.16011253780285
32.82227764673591
58.44435245884952
48.03516726921216
41.81428511276537
64.42433975682124
60.27366743588300
79.88535191554422
102.43402565644946
94.04058294916233
102.31406191452443
81.87222794912527
72.48761003836515
87.14185938089355
81.21680290475521
70.17495286323862
89.96797992286879
107.23513527692796
95.89261299752435
101.07777333697271
118.66995283961428
98.16950304729318
90.73355767375347
107.93507383902023
100.67564989334316
86.33561916717264
81.74474105983030
95.88875291943063
114.38368292128703
127.25455719867624
116.28324385329310
102.84724262230776
90.52162265902703
103.29927277232120
118.99412045138683
113.26553328545872
129.94035800942555
114.76503139799759
107.68826063353958
118.03492611501046
130.88234611953433
140.63426613275180
129.46281346615766
141.15249556799361
114.92248709272181
109.41158412339911
124.27384811583256
134.43585037933437
122.68143173118057
111.71659645081081
127.24298585119216
135.93872738434425
151.74106242630054
135.81008182522808
124.92403267888356
139.31229564876045
151.02726503641841
158.80073728911518
167.88080011211935
175.86438628892881
176.28598087389526
183.82433863189613
191.77476896063320
175.98957197945683
185.12517043262628
189.98311544550012
196.84798475661538
203.41406457112006
204.54857558225669
210.13843263332669
216.48799277060914
