-10.00000000000000
-8.70000000000000
-6.83000000000000
-7.14700000000000
-6.83230000000000
-6.44907000000000
-5.20416300000000
-4.68374670000000
-2.81537203000000
-2.13383482700000
-1.92045134430000
-1.92840620987000
-1.93556558888300
-2.94200902999470
-3.14780812699523
-1.23302731429571
1.39027541713386
0.85124787542048
0.56612308787843
-0.09048922090941
-0.08144029881847
-0.37329626893662
-0.93596664204296
-0.14236997783867
-0.62813298005480
-0.76531968204932
-1.18878771384439
-0.16990894245995
-0.25291804821395
-0.82762624339256
-0.84486361905330
-1.86037725714797
3.12566046856683
2.01309442171014
2.01178497953913
1.01060648158522
0.20954583342669
0.88859125008403
0.39973212507562
-0.24024108743194
-0.21621697868875
-0.49459528081987
-0.24513575273788
2.77937782253590
3.10144004028231
1.79129603625408
0.81216643262867
-0.16905021063419
-0.85214518957077
-1.16693067061370
-0.05023760355233
-0.44521384319709
-0.40069245887738
-0.66062321298965
-1.39456089169068
-1.95510480252161
-1.25959432226945
-1.83363489004251
-2.35027140103826
-3.01524426093443
-3.61371983484099
-2.05234785135689
-2.34711306622120
-3.01240175959908
-2.91116158363917
-3.32004542527526
-2.78804088274773
1.39076320552704
2.45168688497434
2.00651819647691
0.90586637682922
1.61527973914629
0.45375176523166
-0.49162341129150
-1.24246107016235
-1.41821496314612
-2.37639346683151
-1.33875412014835
-2.30487870813352
-2.17439083732017
-2.35695175358815
-1.82125657822934
-1.23913092040640
0.08478217163424
-0.12369604552919
-0.81132644097627
-0.63019379687864
1.23282558280922
1.30954302452830
1.87858872207547
1.09072984986792
2.18165686488113
6.26349117839302
11.03714206055372
11.63342785449834
10.27008506904851
10.24307656214366
10.61876890592930
10.85689201533637
9.87120281380273
9.18408253242246
10.26567427918021
8.43910685126219
8.19519616613597
9.77567654952237
7.99810889457014
13.69829800511312
14.62846820460181
13.76562138414163
13.28905924572747
14.36015332115472
17.22413798903925
15.30172419013533
16.57155177112179
15.11439659400961
16.50295693460865
20.45266124114779
23.90739511703301
32.31665560532971
36.48499004479675
44.13649104031707
49.52284193628536
55.27055774265683
54.64350196839114
59.37915177155203
103.44123659439683
