-105.50519034601297
-138.36212387342727
-126.15669585403522
-156.03539925176489
-152.84866537298828
-193.13781114124396
-234.26758007714099
-276.19648448181169
-253.35431110253344
-433.71801517268023
-440.87404448834991
-553.29640104010673
-604.19008511241145
-689.78453948909635
-668.60061094607897
-656.49475482288801
-656.28144184880182
-854.23090037322322
-848.98439150684976
-888.88183533594838
-820.81070120534969
-810.56721930874880
-786.78907638948203
-781.92192067546875
-759.39532267431878
-853.64049293657968
-827.59069427924271
-822.11648248322956
-799.09302378229688
-821.93772430234162
-790.04970438472969
-1045.97074252898574
-1019.19425206348171
-1079.92330315733489
-1021.21953912034598
-976.69599201652932
-946.83729759650919
-947.20161238343235
-962.94836064090532
-914.37510481741811
-875.41425261024585
-902.46529570340113
-950.23625077352028
-970.26286865528323
-913.27073153545666
-865.04987146284088
-810.80812061337861
-769.91287603963463
-750.35730864151378
-722.74591639847131
-688.53350348706829
-681.36349461151690
-644.43240085572029
-659.99659339400966
-649.41283617712907
-606.96825393631696
-587.88104536770857
-567.95538719975673
-554.84844280368395
-546.97420112161649
-531.30328889273676
-540.84318936381408
-608.38166501985199
-576.14378214478518
-575.97065482572918
-557.11575645474352
-499.93916537576865
-505.68908042818543
-481.36224851426334
-475.54370379637993
-487.10411598058238
-487.14350954464095
-477.13926119236248
-463.39528163438683
-455.35387344529852
-440.43000740175762
-442.52502282805295
-427.95083576621920
-411.87100298889231
-369.31514731676043
-378.20781878591015
-367.60871490395181
-341.62840026452022
-310.00321926706943
-290.75857934945765
-295.42797950018848
-294.52773804105868
-278.92094595548059
-275.49014884341670
-260.89801342170335
-257.14828012115009
-241.37929762530280
-226.88245799599534
-234.27750722601616
-213.06462492443168
-220.11944032518761
-216.64983843434246
-239.27385636856275
-221.46635794459084
-232.84924919307744
-244.01770382801780
-226.80807572905522
-228.31078046984143
-238.56339016662491
-235.33194677139167
-225.86168818325493
-207.39168263770188
-215.36395537420645
-219.21034239740544
-212.49671091347116
-217.52326225112654
-207.50605957344573
-203.52126395885406
-195.93165378030568
-187.79854720881551
-178.58220200258759
-171.15133505291058
-159.88830766016540
-152.41062636445446
-148.57455870660431
-143.81301640335639
-153.37125653594779
-150.85075426727462
-147.30634476810835
-143.65374069334945
-138.75596584175258
-136.87445561047198
-134.70668310589355
-144.99366467390411
-139.78307302387446
-134.03752764584411
-129.31178326096614
-126.37686500473690
-120.63659150150468
-117.06218278485713
-111.04079793101789
-145.36015939868074
-130.80088294669758
-157.88869309001663
-204.63904009930218
-214.78226822128050
-230.43438136189863
-205.19303467650647
-222.10284705342295
-217.16136906917131
-207.25089944139697
-201.96296214216599
-219.07529107196049
-237.50520384403399
-238.44535736836968
-192.94893716359826
-217.60713617152311
-201.12832942445900
-182.78398042977170
-205.52700702476957
-221.32099455587155
-252.45582154793254
-242.14370886825742
-228.82061688150390
-204.31489769731945
-185.87140916843748
-170.68896282482550
-157.75728521474548
-180.76025274520833
-166.19886928508095
-164.34779285130369
-153.32234112742398
-136.00268026494354
-130.19971566017273
-124.60001025049829
-172.10879598422829
-154.66287886409572
-166.55863859510299
-158.61195495683930
-139.06465781962856
-183.30173156938244
-169.63196224885382
-158.05800476664078
-140.86308585299037
-134.81434799165123
-147.17318818559204
-204.66425802665680
-196.28138851312588
-185.95823707016083
-179.78579804238174
-169.41205981559906
-169.83829941687333
-177.90467210297345
-172.41883608436217
-177.31185674039000
-173.30950446193927
-176.64053468037574
-219.37125404065245
-251.86757104766932
-245.74682032732792
-237.00213666139672
-256.91127383604686
-253.33226326422823
-241.69052137417231
-226.81422358788177
-204.56068663000201
-247.90723643974633
-247.38898883670416
-288.71515807743316
-269.71875436157160
-283.43184888751858
-263.21058054680998
-237.98520520947693
-216.88166475449555
-198.80256726484217
-181.59728951158127
-179.55143940053915
-176.01141832549408
-177.52995521890972
-178.81904406765628
-187.05616260574371
-189.50785711580855
-185.46526533826275
-177.26464836662646
-201.56724772827397
-221.22279123799211
-232.74381035368361
-224.08253440626038
-219.98872884630083
-211.87680046504758
-211.40157455368629
-203.55119272958325
-161.43001838492049
-157.39567746964991
-141.59432415726931
-133.62729663414942
-117.80349073743137
-111.13235436122136
-107.16261173464274
-103.47564165384600
-112.62469921985128
-110.89421383448776
-112.30966083004355
-106.93707989347718
-96.98054616995697
-92.47540008318244
-91.43662202604904
-82.57441628808390
-79.98541370529578
-85.10127336621929
-77.97849412809494
-68.67498525926867
-66.28646377635691
-64.14042278350318
-58.97186714133210
-50.74421028489161
-46.36186274810037
-38.59234248849150
-29.05888343788984
-26.81959260296779
-22.80712297838321
-16.55499915514552
-12.76873093021870
-11.23542356672372
-9.25816898496910
-6.81422635206359
-30.68017193063970
-4.37445224534336
-2.29678660355790
25.63090737811492
9.39138698133676
31.63354327639912
-32.80662836054576
-69.99432062254213
-86.15517159504958
-109.15798926861940
-124.82824478131113
-155.18621364617889
-177.05914484776855
-191.72873590417893
-214.62796744625723
-344.14630677334947
-350.57339594422928
-339.30820253719685
-360.21257965417703
-327.70407588591200
-341.72869942644746
-339.89610826893738
-300.51245133585871
-261.11389672960786
-219.67537640476604
-204.29658414191974
-172.03149350370114
-138.02735133151288
-133.62465372214905
-108.85899252277369
-78.86322334369135
-63.11617614267433
-60.80593158376215
-44.09086909506855
-52.91850912747778
-55.00214494984472
-42.46704964818926
-82.33673654878342
-82.18393123702356
-63.41148038178700
-49.71235633896721
-36.69852187081480
-39.84673136278652
-48.70216738825653
-32.32451404825219
-51.57688759863106
-32.31872865767069
-26.49346539123789
-33.33445859366731
-20.56488725930760
-69.68892259198660
-55.08422358356500
-43.98151213550220
-88.65314439226880
-76.73845260830521
-124.86117480081344
-122.03659726621132
-103.13659814843703
-136.08733366820053
-124.60316744398024
-100.78673711950232
-78.41954142064729
-68.71843837052070
-82.66932238173695
-62.69857880914115
-46.39464169115796
-74.75994456322934
-77.26155700242862
-49.99321739306759
-21.77495151096624
4.62924593760598
-18.48019486867400
6.24839667649346
7.80407827094099
-12.35474176293165
3.76838367806882
5.18966276303426
-4.49300549801187
-8.13853590040954
-12.38252128320996
13.30561083017818
-13.47554519511256
-10.54612617889348
-10.00464433444328
-24.31061896862747
-27.07802461744999
-55.57374797089998
-51.75053010372298
-51.87099549728401
-46.13528921044892
-37.82262905104655
-32.31880721292914
-25.93101658458620
-27.89834046298081
-24.52820724317040
-17.37142587587301
-21.15662363219258
-21.62913052138270
-21.52119523635688
-20.65760484800312
-14.42973027473416
-16.21137977020541
-17.04372696362926
-14.76690636832134
-12.66557307592790
-10.91865357295533
-5.75982553121256
-1.36280636759347
-5.11415887493676
-11.04418947381287
-14.63453464423266
10.78849286637410
9.68259585821120
8.04713228163980
33.52936385243952
27.93982959958117
30.39255938311894
26.73778874334535
23.14660305080524
20.30865203254678
15.82584510424925
15.91007370103295
19.13013257469509
41.58966536361716
40.63073484220774
39.26884327471979
63.81132416113165
58.23127752003180
51.58513992476009
47.75076059227283
42.44305901851144
40.16194940023628
36.89325876712284
35.44841541588059
36.81069257214435
34.82517937330759
31.48701333743622
58.97786849239250
52.79116232311006
48.20269439230292
45.08698649449815
43.34937871206446
38.05067064731517
56.58301376897986
76.12352399896568
69.69914451559252
64.91608418870307
87.44119190105445
103.64204954873479
121.52545020054889
137.02687139088818
153.08458342080718
141.08863347899586
152.70368041871797
139.07528244775111
126.55425276061669
118.49266121345052
108.77624274696315
99.94820426611105
93.33229693518395
112.31692865371637
105.49508511614562
96.48433749669019
85.73094635135499
106.39163576470924
94.29953555164280
85.49837853666438
81.99789905580084
76.68157827275655
95.60309544987921
114.79031472896081
107.61530199616173
127.15779002616688
144.40261697037022
133.26570732667525
123.18087927410632
137.85781477297846
121.54756854922080
136.12104713603838
149.45957093604852
164.65656393472290
179.42592466609020
156.36769386449322
136.55362232271256
119.22560785691530
103.60967606062924
113.50579426207412
130.74787579077508
142.97363514378560
156.03937405146146
160.48999645013231
148.24886704402368
159.61835644585375
168.44773135426846
147.31884690888722
134.32340914943236
122.72735541425725
135.36215549544781
145.95215545220520
157.08172253454782
168.17748973017513
150.28995322376343
165.83937371411250
172.77675990235727
184.01926502346083
190.92286830376028
175.71029841550816
148.06079387064455
135.59100204945017
150.93033588601884
160.84998500979691
144.87630703909801
138.49046037300894
152.81100031599595
137.29759019373620
121.71660788553802
115.49084090799747
130.27000761183047
122.04254765077246
111.78795641432565
99.65675801989103
76.30256246597358
63.00074183733337
61.83788425177658
78.53584900993707
75.56851537822540
90.71786200735416
79.89028486661232
98.89030231697416
113.98868463709263
105.66679281469686
123.65631749896627
111.57906342315326
95.31490897945362
84.79725284999306
103.88301713071036
93.60488524732881
87.68619924283450
95.81159140758105
81.88965652897835
101.00966304503427
117.34311307442746
85.94083073401806
103.78676811293884
76.56315381752262
96.06819178308844
112.40256734498176
125.73043188930521
136.74218243881270
147.53692792357603
132.35353367233449
118.26914825723148
135.60763907034499
147.60039088832249
154.45437416424247
124.12876387123001
110.39704104055774
123.78377087645926
92.28438392281707
89.10005495505102
75.78450892708931
68.56790515017815
57.31409592882480
52.22214938499922
64.17790007670737
59.20021409099589
74.15140803236618
66.68658636895620
82.09991801609939
102.62035481296138
79.21676544094360
69.51692474448258
64.19741891884557
39.06616999313303
15.52266510352523
10.82864113869472
35.63174257517529
62.95234738407224
53.84679082133110
48.25894916361332
29.34557146900049
19.31777162970119
14.64646480259245
42.37501715330836
32.66886706243520
27.61134852067959
37.02011642612068
28.68453455265967
-2.02562638397782
-62.63557618622872
-68.70169354885674
-79.92415387677876
-46.52457904925535
-99.87715807215231
-95.00953643941193
-61.66130022853953
-63.33739669637068
-65.46398623439303
-40.46384789770646
-11.99893433552281
-14.74419038224295
-18.02582377777615
-21.84870435206036
-24.05021475509130
-28.53924210389380
-34.63617345233951
-37.34950271049249
-39.43884880223916
-45.12206999979395
-17.47839339095188
-21.13480774634681
5.61297773564341
27.74817174470646
10.19587675080284
-4.28222771026117
-42.32217245436328
-42.43517648634401
-59.92975676749194
-38.74784356802013
-12.58912272093001
12.20713673397890
39.24869030836864
58.01833367694849
74.13126539179471
93.96320649595221
5.67454833141927
31.22933300532319
-18.16804927858391
-59.59257473049777
-32.61417384413124
-2.18776574339624
-5.76866629349932
-5.86246517774475
20.05673587302653
15.45391656558793
39.87557872753602
32.86383186903338
55.67981780189373
53.87401548151824
47.41670988487436
23.34767472154618
8.89419889622997
4.62966530572126
1.89107608696293
2.32511097099996
1.45471912969197
0.70011428218780
4.43127234699756
5.77019185637143
5.58554863002988
7.73716627137515
6.66852613785090
4.61996625960972
-32.18881611026213
-3.39750008913378
-46.78283265879634
-46.03824144934502
-44.62039953982006
-37.07203419728638
-34.12815215624804
-48.58696339052671
-42.64186961749851
-71.82148831682142
-65.35302546279667
-59.45511281599652
-53.02301899933712
-46.38270058231360
-41.04229252807975
-38.65923353039033
-32.07680464314967
-35.29793011904933
-31.13907465049786
-31.40745808387091
-27.05784818977711
-23.99109380933080
-26.92814843174801
-22.21695873752558
-34.53670738697774
-31.75776971552564
-30.26903964658105
-25.45499847843727
-21.15310427874751
-22.11410311303512
-17.36850760900683
-13.76965691621056
-12.03520290604984
-12.49343742268630
-14.36122410907067
-12.81430458241033
-7.10833709607306
-7.71143303447867
-6.22473321125350
-5.38524427683912
-10.34232035099641
-12.01451857781181
-11.94383005326158
-9.70880048833105
-7.03026672101354
-4.13802518237672
-3.48176814022669
2.10592795243603
5.41842352330507
6.32364597886513
9.86367508848299
37.26579337556350
35.84244733045823
35.30055383283955
33.88727377180351
29.05427206820256
22.01938498846176
44.34129975496802
64.14514950749118
60.98530157063863
85.50103940011925
105.37034082074734
122.40542446037369
110.64406540843100
127.05380268371283
118.30051720289892
110.82155422981091
103.08261331258333
95.12375557424156
83.61234218664012
68.87729978659907
42.25668198163275
42.33281220013421
60.24179459032096
83.45660244353238
100.00400927667783
113.96632948564323
134.06998975727839
116.01659670014313
104.16773827225353
116.09244078161092
131.89540827735092
144.93419234322585
132.49684117071803
142.22308557537499
130.20871083032125
116.76174041526393
132.13237984417896
143.08524460692928
155.53351237269189
142.80122703283965
154.83745259037207
165.02095518638637
171.64798536028866
155.66266903813883
161.89627534712815
145.38669268064859
129.24875364754851
117.31102539449806
106.12695889792322
96.93408829879861
114.84635716364431
104.46378206936350
119.04910635993751
107.10712365225386
97.59444276864069
109.78556140708798
98.28417709114156
89.35001800653336
108.05657685298304
99.69192537788851
109.73151135803785
97.60374428724830
88.34901171710619
99.89382898795134
82.99028965749245
101.90807908056388
119.60770070533721
129.90668666026960
138.84506276363879
127.05303196121710
138.74738820843066
127.42715193854902
116.74791798033023
128.47602415545057
139.97126248935294
121.75494964077448
138.77537517480505
151.57332280056744
139.02227131646887
146.57684345083237
152.28239784996717
132.76053558835034
117.62783778178536
99.80144479695511
86.44042225955275
99.97659348182394
90.21995496656922
80.42101070873133
73.94381325981691
67.29204062143037
65.10965475117629
60.74934632905283
56.67452830234448
75.56116189985633
96.81792919125796
109.40216807912910
98.55886950870824
116.62657675315809
132.76363283707752
117.55560323254434
103.76319727585076
89.41955667909154
110.19206251211578
99.78370317430659
115.31859439983508
132.05141316230180
112.51764695414147
84.41486401155616
99.32813062316771
120.18007199314903
114.53048358847272
108.37037393609275
92.90471300963419
82.09923566901305
74.28195711683642
71.11181505705912
62.15600534082328
52.39687399114614
48.63155263405236
44.36963330819196
69.00065264169065
86.56081882993178
83.18706633216037
94.19635875641518
112.86279698118771
106.29877147085591
98.43081139228460
114.25587756182131
128.07631301241983
115.32364398044680
107.76562306136701
98.67839171638148
89.48534485622692
86.39371444862695
81.51452303983703
79.29355936016385
96.75263538468839
110.55674892557457
126.95227352396110
141.24298042478065
128.29364480612688
118.06245384157403
108.24219918043892
121.49630225853224
109.83592187213715
102.02257124965915
97.46055010744922
95.22478294791590
112.87029106764518
107.59349736950985
121.78439160619641
133.98441332658675
147.96988346240596
158.59244371470729
168.29540160059520
150.57608257907845
134.16223334653856
151.76633751054996
140.87395186961453
129.27557609158683
145.73988595609251
137.27090799268987
131.20431952248464
139.27930567347045
127.03335403053418
135.77449216356399
152.61408889050998
163.82505461729738
147.93125626569059
136.97705122623782
149.58782270510875
161.06294616732148
170.68152410052843
155.84334648665811
136.99331692469300
129.51597060756490
113.60697092780767
120.73648509155758
134.23679676837486
125.56705498392175
108.24681448687973
101.91307211645547
91.40127933289580
82.11927131544013
96.51942398202307
92.08036056022652
86.83177651756249
101.56495716053379
115.10662546709838
104.71102875952243
94.37272320833046
113.55806857584966
123.68786143720574
129.51993137986557
141.53262081790811
158.04657591754145
169.83672109150419
149.52918578746818
162.18076838127496
169.85652532481336
152.34046568707848
139.03515805820652
148.36659620682960
133.84433080169103
125.68194937175258
135.62210098008606
139.98412147332166
151.36687250261440
163.46302154892993
174.33673342602924
154.81371869403284
166.87174967276786
167.40057813061270
143.34957386902585
151.33999984661500
135.91818690754121
149.12067666020153
158.10534247246687
165.31258096157268
136.22949063334249
121.92159766571217
132.75886182441451
120.55036766198754
124.46816446650962
129.73631065212868
140.53911872817622
122.33466176664174
115.34016168189882
99.23186354533539
91.85690165583111
78.42879374354754
73.14281057381481
58.01835506318312
53.41826029659151
72.03241498428774
91.56040287150761
84.40142947693806
74.70050522531582
71.17037516383945
65.43121601551528
62.54361052465113
57.73926216541340
51.98628114282719
48.84846340064446
45.17981932734337
42.66688305503799
44.20936945253694
43.63773501261208
40.07768808894489
41.47735166567770
36.87337780882338
34.29089436548011
34.60149494071185
31.11983762831779
56.60947202843290
53.23515278776549
52.41115579087020
49.09500323977478
70.78110415029406
66.64551108400546
64.14250696393074
58.63797394158662
54.48216908019926
77.04060008091614
94.29481033674702
88.11239635871263
104.09361208916191
91.43021784108475
84.20834149945122
101.93227893305833
115.49477140006701
100.14097006800289
93.14882267046195
86.86400177397614
100.53579586170424
112.52617367928519
106.41932256242251
100.37398219213551
116.28289587206559
131.74841116459066
146.30902932770320
157.61341837158301
136.73357817631785
127.12358492329075
111.27761479432586
128.50902877241487
145.34686205068837
152.55895238577239
161.39220750309283
173.42607367606141
139.78955004792903
155.41399388143179
165.77306406487912
176.82726066713380
163.29447681600175
173.20512160237399
157.47030959413158
142.44618136286562
121.03907476039537
105.89383025123493
122.26842856770079
135.63867721365736
122.55468358488572
106.98038572974882
98.99689571130698
75.21337417059159
93.16499139456351
83.09069271716982
76.14463314761824
68.31230900068438
91.64010281469092
104.06148722979091
90.06067115264364
76.74861857371275
95.47689882351347
72.76180068535398
83.59352637607793
66.81447862127303
86.24989687366552
103.63541199445929
77.64792456947644
65.36870752565270
50.20201647185596
36.20243283137758
34.65936065067402
55.62792814450824
78.51769121745404
99.70420116925888
107.43851393129512
104.00307324931796
125.04399272683489
101.35649898877953
117.93563365397257
135.04962265178702
136.08627643044306
149.58516640393225
127.48057842541319
116.29992820888499
90.21264471053877
77.70433417261384
89.99256952236016
98.86096292625422
115.19209832441373
124.65579972087608
131.22784843733103
145.51538132318291
128.38642304875034
140.26777118995847
152.55206494675400
140.75313047170440
154.48818116919998
143.78960430566002
153.51472090583633
161.59689408353094
146.93957777277186
159.19319746223883
152.22493182294664
163.33455235623239
171.29678096201792
156.02576996271677
164.37840559208894
126.29323468740697
114.06664798042715
130.65119669886101
113.15261505441411
125.59527738846882
134.90902201204034
126.86841999133730
138.44285921082110
116.47250180162018
81.00756081169104
100.59224833511988
62.51168146298654
36.38357733027674
8.77492064551192
-10.57783850183762
-25.90744952129714
-34.68795111754407
-1.49755262171058
-17.90904231136725
8.83356359735228
21.46906123376235
12.15832562011911
3.89382128412128
-0.05460417601870
-6.25951053843023
-9.29460727995727
-8.14557641602964
7.36779532285975
32.29916345667956
34.50770331369903
27.88381728285642
21.11517694769308
48.02577988254767
64.88130581663373
82.76805679159320
96.35436072349950
84.30387352379765
81.36862920097636
101.02177272809936
93.75984896970704
90.34763512048960
109.49944279493316
123.99234218404240
115.57692627607814
132.06141071180318
145.51741097238391
156.45290095541239
166.06714619857445
176.87380436021246
185.64493003303272
192.41893604814024
199.54960387498821
210.11750542207119
209.23413877676217
206.02217982383743
213.15259746084951
218.33617438207489
213.35703485267786
216.98128808665601
182.56537061698251
187.46767221135326
198.32575859491473
205.84507891247739
183.72142687732187
191.83404345564097
196.41321848330304
194.66422196604293
173.17849885924423
177.20295074787305
185.03867530626528
190.52274113041821
167.89686382937884
153.98835685261523
161.47641867342753
139.71209523262164
127.22572924271354
138.97710667718536
150.06303454654176
159.90357867728073
166.91485038236385
153.39881005322260
165.52136457011926
172.20435018057316
173.15516180498921
154.34332447830440
122.23815774953893
131.68304446381103
133.95398446872804
143.15023608510990
127.04642506488935
133.74177705127170
116.84786713986691
129.99545373208466
116.86288739180191
128.70659507860819
117.61743396877627
110.28777527662393
124.34835702690806
112.08067590883367
125.42434911546285
116.29690782597417
102.97561782671028
90.05650420483208
105.36349134866370
120.46637107618864
134.27469943914852
124.49905473457461
115.11339389224105
129.36779059817576
117.01296516704636
129.00596454836042
113.69958211743952
104.19410993722767
121.70597064506173
106.26098303293423
96.45520978599943
105.33060521895327
116.75991019066343
105.14110949816877
97.09405589000080
87.89212920902118
98.55787801022845
113.37091372022904
130.45447497409120
117.10914408761238
133.22385718004725
135.96737678019909
146.70440592430796
156.87489245349488
139.90130963545511
156.16455727118054
136.18696563404256
125.78600775220707
138.53103672644545
147.29323117653942
160.25155775431864
170.99383104530824
178.18992587026267
184.93347635915683
163.21556825323859
147.24754486779648
135.30840828602635
125.53998561248481
112.52541969619236
129.87884321367343
116.09310520505065
132.00984612514972
142.32007174047726
153.49047596763529
163.83720505350351
151.48797411428080
157.67012338959978
137.17828234535529
148.55096302676807
155.18587912057353
165.14402481621545
174.59440658968555
173.65871069512323
183.73962116029548
160.66761855390169
172.44750211960223
179.08291090570094
182.40249957301808
168.08162736763822
150.59836852924255
158.63906760152707
143.57513781447176
157.52564852270260
169.37659232284733
180.49159492480138
158.43233292869189
172.08137189283926
151.50900228360970
157.01735399487134
134.87674730871527
141.40990879214246
148.80898578934560
128.18374519028487
137.50312421656997
144.01895071019226
153.59526143863525
164.98935902928582
176.51223103647092
180.03029277210385
192.05834586867684
194.49016247176422
195.36828901513832
197.86037176079333
201.90037550592157
207.77069353085997
187.86779929890108
196.02213633831644
206.02265980896340
208.72176920874179
