-106.08522699776964
-116.66043890205454
-113.04369090927617
-142.74698946080309
-177.89291980491146
-192.28786634561973
-197.07268795195770
-248.98609900599263
-230.48319047833127
-270.92423270049153
-299.08355507265048
-335.88103026392730
-329.38497304103834
-346.13859534727504
-378.49248694067222
-414.21377540442245
-433.71408774089980
-442.43782147262755
-468.68247189697701
-462.06461697531614
-474.95896959952103
-496.37951010189124
-494.98077817160691
-464.25264999952708
-489.25884054005974
-517.05919944769460
-543.97933433838682
-555.10719941080026
-563.35998430527241
-577.77225561842261
-555.41097385728790
-557.79999852205708
-568.61668383338952
-575.52217353643334
-559.38227088835947
-517.91758923105544
-531.90995651081107
-534.79110902595187
-555.68929671906335
-559.89633959826426
-556.74628805911675
-570.27390555487625
-581.72684877041513
-570.00625897829093
-553.00701792234167
-562.97212587152524
-565.22150329887620
-549.59158149738596
-496.27270569535699
-466.63827216617523
-482.89210210591875
-487.60654450868344
-446.83849855732007
-459.53064670638003
-473.09091350385228
-491.03695908355002
-444.84992996206137
-440.86751519456590
-442.28840645885236
-436.47457349827471
-442.54471908016461
-447.51102696701713
-411.34560115416900
-426.70858420864693
-387.39250782214827
-395.22025362236315
-391.45336515962998
-380.83692256218580
-371.33890234376639
-341.69847856044265
-331.24744254785372
-324.71866973195489
-325.60322108401306
-354.81081438497125
-334.81906579293650
-344.97453100518192
-344.28557749670142
-344.76078109712705
-365.14799450330861
-327.51205624885029
-295.27482016461283
-288.67593072670371
-305.44213198743932
-283.20758367522740
-258.56308601443334
-265.02600549645211
-254.53191780540357
-237.00274315567512
-222.84503895962234
-218.75952775299425
-207.20229594988891
-187.91662573438700
-174.15538834161845
-167.15082682517311
-164.50720008219366
-178.60418686167338
-180.15882261541509
-187.40764008142051
-195.66012572055689
-185.33346638523096
-171.32350043736633
-166.77953478380701
-178.77298837612111
-174.46114710472739
-166.40615768703023
-178.56531898565839
-168.35980764616281
-153.11626672426829
-147.03206025136399
-140.79991972861413
-134.09460647564765
-135.51427773299758
-137.28546493587754
-130.54327861130906
-127.38814549133050
-125.99758751867481
-128.93525467766381
-120.11644098553772
-126.32564631356018
-120.87177709824839
-117.78912235495605
-125.94453993466223
-114.94057381743127
-112.56986642126776
-106.43264818520669
-117.33981493683306
-112.33316821674750
-118.04690485179529
-121.91698531864240
-126.45982502475852
-122.41857265235680
-128.21951754632028
-133.61113454424205
-131.85812390615567
-128.08460642087641
-122.47973610643868
-111.86829206378306
-112.90622589066703
-131.27638816414168
-129.45722174160571
-127.62248573331230
-124.45552794088894
-121.12453325270451
-122.37116620463192
-131.94251550373545
-128.52287643742520
-116.58021632558501
-114.64342426559968
-119.07672804719127
-122.46345274252559
-121.96183776539141
-122.97014559545013
-123.03647976070049
-121.03404297042832
-116.91153533503126
-121.03608409638011
-125.44592238635801
-117.10958788014310
-117.91232393537841
-116.38169329467985
-107.68780690139481
-102.45333320214272
-104.86470695062667
-104.23205656513493
-101.04925903598220
-104.67246388597673
-103.88910162644524
-98.76309958514511
-99.91968694610071
-98.21013951770841
-98.22105050980042
-91.01631692581724
-88.49695062366104
-84.73391149299346
-85.35716508198787
-85.44123188751617
-81.29246172754210
-82.95894434720361
-80.90407519929626
-74.31719717751251
-93.76268418741935
-92.65423680360901
-106.18056351911295
-104.77348784411402
-104.49112790517313
-120.85885427314793
-123.30149363158273
-164.96583728778819
-172.68705139448124
-186.54276314911334
-173.62711295902426
-208.04413204704437
-192.62960512638364
-195.27831689370163
-190.65407320698060
-175.18329944146575
-179.41059916607509
-187.38921329958919
-183.48455684362449
-188.79796594896285
-195.74380708102939
-200.12212331607560
-195.20893605125491
-198.25194156786637
-197.62849761997799
-190.19690552536821
-187.44560557675254
-174.36224953503586
-182.92685724373067
-202.62816553038832
-188.79130062893216
-210.33541020240338
-205.27239154399462
-219.45481520687264
-198.62053801396925
-204.48312188102494
-184.55342588308764
-181.73909565899240
-194.75695764719623
-201.40999271613933
-186.73572143924682
-173.92232749107464
-158.06113126324718
-173.24123895287903
-157.60976257918878
-180.72613743133059
-166.81005852159646
-195.15108666303212
-204.86889988416317
-180.10482767538844
-163.35892823675243
-190.65005484339392
-207.68505813620067
-220.24414130363553
-202.67604689026820
-180.72993176740124
-196.64744100899389
-246.92012772577891
-236.91570060179436
-231.25994176702881
-217.45964167818684
-227.96796444806469
-280.60982677500698
-274.14553697009029
-297.91746769084921
-291.62457628825962
-285.25865700011025
-301.13819639257594
-269.47828084464010
-264.21093610006972
-261.94349258403264
-414.53065523113185
-418.47488012155878
-430.75051837248424
-457.48211771201795
-452.94644018988049
-465.79339657383264
-458.82716083408036
-452.03609643373341
-447.78260450384869
-464.16449927215751
-453.39706351469454
-479.20746870899973
-487.79626475412090
-470.27443731568894
-463.82920786308756
-422.52437068218165
-418.00362718940858
-406.69780878075687
-366.67631172488865
-338.27047624924387
-373.36278173214708
-370.07561984301503
-345.25895022206782
-324.51160124317170
-311.87995171630473
-312.15031745100100
-296.46068620430464
-305.25460138026290
-279.58509411211105
-259.99127364303553
-257.28799861009475
-253.93012230872921
-249.04210767796386
-231.42342506622779
-228.23647198072052
-217.86180260867175
-202.85236822520449
-195.61666433520026
-199.38703817103277
-195.40603709600109
-207.57191528825328
-198.02078612665821
-184.59181467141315
-164.77040581064557
-168.59488696127119
-151.80766416631030
-148.44859411737605
-174.47187857921477
-156.14073554723376
-160.36158810625497
-145.12260655995809
-143.20454051426685
-135.69753446664294
-161.49526304861547
-147.19528905807789
-137.15880322957400
-137.38636073386573
-141.33848905896784
-154.56564431643045
-162.30409438125585
-146.97020486958749
-133.70572044141659
-121.93446956610317
-107.63305108374603
-95.94517509356913
-89.28735803520296
-83.15309933088849
-79.76987477811545
-69.32310505485172
-65.31431371343227
-69.51142279601156
-91.77160773669084
-80.29430922543850
-67.70229785281295
-61.56638212757830
-50.29364576876052
-42.58986706203317
-38.38029948549919
-34.07678786740809
-31.55990702222966
-30.61619214647306
-26.47552998038739
-31.05660871030076
-36.94168323694881
-37.30473971679514
-38.20766061160350
-44.19469778470054
-63.40934107753183
-54.28781249827707
-52.60385351895197
-49.09996457537095
-50.23991009979641
-70.08345189280001
-62.94022992106168
-73.67093908823196
-82.79127524624202
-76.02817487349283
-67.28562875463483
-63.72679995927929
-61.81381730496488
-60.15620699917191
-52.51788448639348
-53.71393531672349
-49.97029939392431
-56.92457314580551
-68.48881020357597
-57.73952626344075
-47.57092063910127
-39.13582602808231
-30.16862569953140
-29.00810826753375
-25.24661800407764
-25.16373015068906
-19.51117281478325
-13.29613815369423
-10.69145286303953
-36.69230581199629
-56.90992525743225
-48.49385591358811
-48.24595733898235
-63.58205981771154
-58.94379471409648
-55.47582875175453
-43.27938629122497
-38.83135089612514
-40.40656836535496
-45.71744177085341
-43.16357119387441
-26.93179471918405
-24.41511405727494
-24.92838991797093
-24.19366242705174
-32.12998862361097
-26.91762669069601
3.39366518251627
27.74641741511559
22.11026072456499
43.71961546590904
33.26350826388082
33.68991837225874
29.16076433017222
24.49021456013056
42.76948312918132
39.96061257133100
36.15186565440021
31.99194518662427
32.83465018310695
27.23986053490418
25.33510793180327
27.89215775061849
28.44137222462804
28.06119304017272
23.12675415009035
20.50480413403976
11.17548766663732
13.17028379161177
12.08994461827263
12.35784663773545
8.88019731959286
10.96695872683198
5.72977714838547
4.89534798573134
7.77296164342436
8.51675343109102
9.93103176844760
6.97320481402122
6.70044841887172
6.69400248986446
8.71232162957073
34.84405414019426
26.79451591775894
29.79438238625093
24.11471066406929
44.42057587347732
36.94316253513933
47.93142718017200
24.19720472778241
22.10955504186878
40.62957492163279
28.70463966817704
45.67282969663042
2.55827877525205
20.44337681370164
1.11123561684492
-10.99477200932858
-18.19453339982845
-25.22049759902248
-39.13321073259158
-36.61166353492410
-38.98419866387844
-40.22844840822076
-40.52671181672274
-36.97158367995129
-15.29525159980027
-18.25148782529255
-12.31537684156723
-14.96144185563029
-24.75429313520605
-9.40022270906686
-4.25276584936002
-4.00874838115776
-2.91731666687924
7.82263377608951
0.78808619955154
11.17602570503710
7.92846666729974
9.60165325959936
11.16390762000248
4.99348994699431
-4.36212485564856
11.02683571129709
10.22260758855327
8.85170984352642
0.64924579754367
-7.51697239919377
-13.91695849738379
6.30406666770716
24.55630158876979
11.44354118732495
4.57923454076744
-1.45240566819926
-5.21776276368437
-13.92984272632332
-20.86562615003083
-26.70748691208520
-21.46106798411339
-20.29986500690417
3.22465364781021
-2.88221705016676
-2.86156014552867
-3.29350309581794
-0.92517807311722
-4.96009585420453
0.50351307640526
20.61949417471693
23.76765205777807
46.02737613952143
67.14825841528022
38.93606124869184
29.76174306594650
22.21270520316668
15.76822349793929
41.68188280322755
35.24448378767580
31.49236449495044
27.30651901742776
9.40101977155292
-11.28133483700533
4.70614560348533
-25.40460583265072
-51.14073725020947
-78.82981881447617
-43.46466728613831
-68.94948183348740
-88.25369093548792
-117.11777016399915
-79.98344186234694
-104.77002857835362
-93.66721037001179
-107.91131611086242
-76.43351753093630
-73.13141728099286
-37.93218964982465
-15.37586380562697
11.68051958010189
4.13202208050584
-44.54103457684018
-21.77060852211505
-22.97851661982905
-23.30792926971403
-26.00308209467519
1.56151634829521
22.70895530372369
41.56986109610376
34.10717414272047
56.08606806576461
78.78601332539097
67.77651948652526
64.76779818607551
82.29475747813100
102.84495633897214
92.76927322182621
81.72604774235700
100.90972193699848
115.45958223828049
99.54496115102445
115.30937322495927
106.15291884436822
121.59864244736676
107.39584538761025
126.11466186421092
141.20481487911439
154.61555075448899
136.95297184364182
149.60034639266010
137.71780060564529
127.75100122596609
120.84516465074526
132.01933062284516
145.49668067472558
152.13929277765865
136.45284171834084
122.14088461830400
114.39030895889866
117.61122582619797
110.42384629877913
124.62166793118224
111.08543374444545
102.23770764807475
97.30856553077911
85.81657650630505
82.90395559718507
99.58174262968615
93.21468878244100
87.06816555404070
82.88265512871641
96.92906901750712
93.44867075797018
109.98668865149880
124.61265858420114
136.83544325354904
112.60595822684657
130.99711527599999
121.80103041550687
138.20769382648785
148.35673297941386
139.32777488249945
128.62711490252522
141.24764603902173
129.95485884219539
144.04216171073131
125.50650955281478
114.93800945517474
100.23887770444996
90.70785201830569
76.03571934540426
80.23474245712646
89.63168807207870
107.31211340401043
120.39702580796563
134.29967080488595
145.08795092898691
158.79866704646855
164.52910481311679
170.95611178135366
178.33774648672059
185.76050700890588
196.26460088916326
199.11312268038725
199.06029645785344
204.14508892391569
205.66801569104189
205.97926197054414
205.51124819773548
172.88859721698239
138.77152505227738
153.42353542066894
154.30261717611347
160.95649831598513
130.47809155561978
142.08999288077598
125.33146670796280
140.08375290994354
153.02492691570734
164.96043882932815
172.80320454008657
178.89222199249397
164.19100898120553
151.42646534751830
130.95537692753069
121.28575076198651
101.75970793783733
89.63799797873929
77.87362490026021
63.08972652742450
58.69111987218868
79.33970071828647
70.85268539236729
58.17792432846821
42.42651930435647
35.11689351751077
20.90533919835646
16.70545437419389
-2.30605029241043
-1.86333226902058
-25.91207793270589
4.82678953962362
4.66685302059962
-1.36853964316746
-9.99275909029291
-9.08786353989501
-8.65449782447400
-15.18131244090534
5.15574876842131
2.15191112675635
2.99908875972486
-3.67555811025322
-2.67618705163658
-3.59248318161195
-5.51913269792355
-11.96104434562464
-13.05089451099187
-13.86504732307744
-10.85305945374988
-11.67141842173097
-10.66362912780383
-14.16983854623196
15.11954132385834
12.02344213964446
35.50957094445260
29.04236733642634
23.01392971156541
42.24322724436712
34.37542115506483
34.11287506450753
29.46507611758075
26.08123215763197
16.13725842060574
13.73844458038982
11.82567205536474
9.94860671782669
38.31591448466973
56.35300509863819
75.59267315631502
95.95993190043558
109.71480827210263
96.34308102689434
90.62437835520309
84.25472838249632
101.76569584521549
89.18752663420345
81.33859695422777
91.43414892207410
79.00203331242626
96.60392293283881
108.07738286361341
120.47980669640074
130.45973048006715
113.24453068673549
87.65186863871924
99.92438437028474
116.96013117964775
128.62332567030879
116.01589406969644
131.51796823926992
116.22090177832879
98.62929776099021
85.20693551911781
102.17522345938562
93.45740026578089
113.62468891799011
131.02051138922994
143.70429602629633
156.04892892630912
166.78881456560941
178.75852246242090
183.40254164601816
192.75398180410184
197.60913110434544
179.16418987501223
188.53128014576001
195.65634560718871
202.68330737534831
213.42981752242849
220.23715790071270
218.81803326695714
