-113.16448949724105
-125.01156557330464
-130.94939144601085
-133.34532387300717
-134.28261042555562
-133.27400909249050
-128.79567333690045
-127.87377794360063
-124.02089279708225
-123.84430736558785
-122.41299770060760
-133.25993112302865
-127.07817219234963
-121.47414586454855
-131.73577255602194
-143.09786413820885
-140.23063845454072
-134.57816122743182
-144.61854234854769
-154.78585067060061
-197.85804256619355
-234.73137259943775
-230.65427535950300
-257.14420171161402
-296.46974764852234
-308.54441934351553
-316.81637666757103
-365.10306897423510
-378.84164031638807
-415.12543600622388
-464.62655400655535
-483.64682368219343
-496.46372773804444
-536.66735862651058
-555.76689321253775
-562.41201650038533
-554.87212836435322
-576.31330519287394
-569.30640704961888
-550.29306330884390
-533.57234996963064
-527.29627893830025
-492.93499098993624
-480.79397454376806
-497.93416653193901
-487.25482257196654
-480.38029094458295
-457.15544619949662
-415.49215642857729
-417.46287282730788
-408.88698295139432
-408.48888377161853
-399.44480919373439
-405.39898631665653
-402.33792522906390
-405.01124822286880
-389.32298924578566
-389.54521480507196
-371.01706738811180
-337.80402625730011
-305.96987621808688
-312.47385071612507
-283.39296339511657
-258.37581957349329
-232.77397900541433
-225.70894348184905
-208.66456517686311
-194.47015667382567
-175.43843335351684
-155.53107192631842
-150.09522471414891
-152.75977159235023
-135.97240977050902
-127.46878254749535
-117.12956204351730
-112.42885337596046
-106.95962672832502
-111.90211199259988
-120.19943541213615
-107.32761789145937
-97.93260355672079
-95.94335204160224
-88.91711944285602
-85.67299099470989
-81.47425975970880
-77.44666708108637
-68.72603417487572
-68.19791742722633
-68.66980679663769
-60.51008702536517
-69.16752837137008
-74.12561713688825
-92.06474129041038
-123.14325590382663
-137.40398557259618
-156.40281014210726
-160.72926170762352
-176.72180564410499
-180.46035793954280
-186.63240470050451
-218.37620101043228
-213.24123828972409
-195.29086649646877
-190.02287160526640
-187.65590808124708
-193.94185633492353
-194.26814420779414
-185.49766437369922
-170.14647707662110
-168.53160817531514
-150.96449238598316
-139.30465949681485
-129.10279755649728
-122.77161808078367
-132.23171935225872
-129.58329521315477
-114.80141168258135
-103.85662015133883
-93.60066833091484
-102.52511814209539
-96.02191271125767
-102.27314424617825
-122.31858783251670
-134.62622458974832
-147.86613612831803
-150.58471068101312
-153.81675868200193
-162.32026134777453
-179.09680965168400
-182.35452822033989
-175.52032345494572
-179.99225884170087
-165.22465785576455
-169.22247977356380
-166.28765622707161
-155.16708042617705
-147.88664163821224
-131.97678321127376
-166.93835539657078
-162.20875267185616
-144.14093296580702
-137.47414482493630
-114.10647016144947
-105.88616110320136
-97.22042887224369
-86.03595595168137
-81.25531136462965
-73.54354509098302
-74.88303097962117
-63.26224522800915
-56.66730251434647
-56.51984756436932
-50.42158766870529
-60.27639731846527
-54.03714216886495
-51.49363408540270
-50.90199252622076
-52.82450901881909
-46.07197757899012
-44.45529721699202
-49.31441129700666
-44.38687471490346
-46.82765038746438
-45.22054811058879
-46.22117148284985
-46.40552312202200
-42.52165985107109
-40.65659625547521
-38.17007992960890
-38.61053934379240
-41.37009692980808
-44.19433422164397
-45.60471167819754
-43.35049217547675
-51.85142827108475
-41.84563735354026
-37.32191210876316
-34.09147316478435
-33.80457779601848
-31.29831404888668
-31.63612567241643
-37.67542601770232
-46.25043185834118
-64.89429962502140
-57.22989590659824
-64.84906425560885
-63.58979289536110
-68.26944842787744
-58.39562256284119
-60.86789100972060
-43.25621635037933
-52.39691983519121
-45.68632131728560
-47.11547260022373
-51.83215153216607
-46.74494820136871
-44.22340370164280
-52.09186693701263
-59.15282185126374
-62.74537139006979
-62.32907441322769
-68.32978153427818
-56.95068492311820
-49.87932884552314
-49.24688747834679
-35.13331750765440
-38.18638243225340
-33.35088690866490
-40.19356010915502
-48.96342929303943
-46.94528410088096
-40.80710249995985
-37.47934490358453
-35.55525200767927
-32.82781588684216
-37.44430578117266
-42.78268669852851
-50.91053616936716
-63.06377590051645
-59.92693290080606
-58.32112504562021
-46.99515814622504
-35.63147329500184
-56.20567787469593
-42.54029180436249
-37.47574559388598
-31.98582779575085
-35.90165463497511
-50.21701222503150
-56.23733501339111
-66.70293040269102
-71.61272925047074
-90.96179497295975
-104.71690363617370
-110.73360611092968
-97.51927049522745
-83.06015849007477
-80.35009378544244
-91.47852045829146
-79.51476670331724
-64.14229116100049
-55.15561670810377
-38.96682989889345
-57.27852924077209
-77.72871580470493
-64.41583878549602
-55.69005152020755
-47.32317932750328
-40.67790724208136
-31.88157279606538
-11.62838674953872
-7.51352230344843
-4.31264884916932
-12.69351739710959
-23.31974953531819
-23.37137203129476
-22.39384790988326
-18.78388902384190
-21.97077121666497
-15.79034975912510
-10.50425404043446
-9.01930684245072
-28.17627300535861
-28.61334141502426
-21.68656344908561
-23.31537644506356
0.31415091676452
2.42027720984721
4.04042116084775
6.57902639469666
8.52030089032885
-6.35728768733864
-26.49560628142950
-17.44751695395410
10.74431001847453
27.68352911486272
47.54270908523556
63.34261552855443
61.82991644301475
13.12435370477663
-5.10975770243300
-6.35418409106814
-11.98856668844257
-25.15905299056688
-14.83265335388740
-55.76970947435002
-55.94787042784778
-76.01917385524261
-96.22956368038447
-84.79763461856628
-75.51182797641282
-72.15446185370028
-84.40614622476919
-110.05514134054950
-113.10780290259625
-99.66576330837249
-120.76776620192813
-106.30528941984723
-93.13120325855917
-80.38149318282690
-60.83704305626390
-83.74503035062006
-79.12577496647930
-73.73738486762996
-108.80679400406412
-77.79111616038870
-74.09208618365665
-76.41631874859384
-50.55303271988346
-38.76938585736567
-65.80965828167849
-61.13438270595612
-56.76032551362820
-30.82360951957013
-67.92789719396086
-92.00659124301914
-74.17735445256373
-97.93585277261087
-84.91766379768059
-74.93191751903856
-63.76573012726600
-50.05913983320153
-21.36564588685253
-20.15440840930048
-21.39377388683598
-55.08726241264856
-49.77437958385755
-40.91790769418596
-33.37894695518528
-26.02995378804873
-22.87961772067776
-17.38452570968785
-4.15588204663595
9.64013389404359
16.96312526688563
12.28673825723996
-4.88430706947583
-11.66184087697224
-7.87250268626248
-7.88040731767407
-2.31241771075069
-0.07461647893319
-3.28301844119233
-2.15932172841602
0.15721330896956
1.59215829905581
-1.48479762482507
3.11409131778560
0.25549179187228
1.86273473402923
2.60896946417464
2.65976944803238
4.21615893383710
0.99214438300853
-2.04836101088339
-2.47077113503795
-6.49905818871778
-6.75728744067039
-4.45594207372793
-8.79279613514439
-2.73528606688001
-2.87194256093392
-3.37184251357808
-4.95213690224191
-10.92105121917921
-12.71769847931907
-15.83695512142252
-19.30767975549899
-21.32021279686471
-18.06480033190383
-22.77295336185776
-21.76846022486504
-22.62727069176787
-19.43215281959954
-23.27917890815395
-23.76923655699684
-22.58957133624367
-20.46053457194218
-24.43312212503551
-27.04093605117815
-25.12233969405319
-26.43909974976251
-25.08808865854585
-21.65438387558690
-19.92781741826534
-19.24755686123212
-21.21926468018766
-20.62962580794492
-20.93747631700224
-17.72192315947511
-18.05091638368468
-20.68331370511868
-21.48475271062812
-23.00754470232683
-8.52682180548770
-12.68385310947767
-10.91012008838944
-11.19631356809075
-6.82854947899422
2.92905746220873
1.61260927753436
1.66282051102553
4.37756827284673
14.46879703667485
14.00824562050845
21.19270169593949
21.50452266433784
20.98109231075610
23.51199740511772
33.08616560377736
28.35667635675213
36.22962331189900
40.15962600293817
39.81700019425806
34.23464626313437
34.61940136758082
28.84497395537291
22.32084101142884
15.12541880180600
18.32866766120135
2.00790445407561
-0.55916881728948
9.03682662091020
9.81313064586633
10.86605960940648
7.33027985182621
5.08387988678786
1.98371354452382
0.46943633856531
10.07864263557712
7.70820492719702
11.35716876928731
7.19739534891431
6.36814879069919
13.70956747762197
14.85102334284849
13.74944370167574
13.24257542166500
12.03351456681630
11.77092957670677
13.14343460979990
21.24906723848127
21.57254831854078
23.56443649601712
23.86811053391802
26.89617374652263
22.19892474607919
32.36660770501621
33.51684728523961
34.00203744894507
31.76235873317939
32.56590914814183
26.34495408273758
24.70235832209724
30.60639721795504
29.60064246716080
22.39653091918062
19.98310846797932
23.22267964048814
33.18841027474500
33.02527104201798
28.13301709405849
23.92071982914279
29.29905363984743
23.32462465426406
23.35366720912887
19.73967540602654
19.33378132307898
22.48581884527528
1.19495940407942
-1.90713073431691
9.66226723353949
10.94568822925351
4.77419775117285
3.52113404865090
15.11997292759425
18.94390551609216
13.62440397844923
5.04205184403719
2.99019547735368
1.48472068396017
-3.77068990198282
-5.23559721279273
-6.40334247083192
9.27743480559444
6.84475846998898
6.68185497879539
3.09959215384226
0.70753933430359
-2.09599242636288
-4.09519658423393
-11.15536961476551
-11.39805022198476
-8.19676893336226
-8.41092200813141
-10.47505740990388
-8.27214841618036
-7.33430093750300
-13.52776615686292
-12.69200427679807
-7.30228675161767
-19.50039840954707
-16.97522577060084
-17.78786234096064
-16.89087621637914
-7.40595525634253
-6.50963742902343
-6.81831105885215
-5.82734900049833
-11.18620879500963
-12.55059611826265
-11.57228697255650
-15.05993837581238
-15.86297285716502
-16.59822662318791
-15.35740596702370
-13.25903222411555
-11.41300179637865
-9.26675316127788
-10.60294887653957
0.18856142805060
0.28822880088583
1.63717500941044
-1.47194925737198
-4.58199955993178
-3.39928665794512
-0.50759284715526
1.10200881143576
1.35863269864344
-1.36809373961153
0.02646253223186
2.67224307451732
2.94857959898207
3.45807442170331
-0.04072176284066
-2.78215853149968
-3.37549089758511
-2.99550683095009
-3.93834545318214
-1.30949944683665
1.15172921021110
2.56232883340017
13.18640837374139
10.21751074840575
13.06680756096083
15.16287826270122
20.89412458025382
22.64103835683675
22.51599553169420
24.21198858045669
21.64619234018459
23.98179116449075
32.54669187896116
36.61576637332475
44.63332767076700
36.71199687978122
25.58348485179798
20.20102065668414
28.91516113079386
37.25834272664940
42.29468175472291
50.05422746241928
53.99024876920193
48.45021223692272
51.46631129413826
47.83735412778177
54.92312695615643
59.81934232602282
60.32419335137895
57.12372976449733
49.06740576007133
42.75891751752794
24.77998853531880
35.23346474216358
19.20378823447663
20.35289550799894
0.83869253134513
-4.40976248149231
-13.03046178752665
-16.12509665365349
-2.67546951981506
10.43241563331662
6.06793194926655
7.43321800431754
4.77573366285634
7.33310329169562
20.53853473946171
14.91534533863835
16.98064661756925
15.08784523484730
23.48578179019366
23.32991798286837
34.09266801681723
17.86234431279671
1.53769903349165
13.84441986414013
3.84929298444487
3.97481606490433
-1.21425360304969
0.38404943716130
-1.04420293616579
-0.32386639587073
-1.31876108087014
0.12114358396453
-11.60675066909820
1.13877291524945
-20.45539500835321
-19.32510828166043
-7.77779991125402
-4.60772994797221
-38.42922183391978
-60.66213023779453
-101.00496140737815
-100.86263313243772
-73.27345006268396
-109.86490979137004
-111.53055026564094
-115.11467614281088
-125.02802382723996
-132.51655529484194
-133.06937896537710
-173.25049355391513
-194.67071682555314
-206.82083494917637
-223.78941177174715
-223.83215118693693
-212.10318059537224
-211.45514922768277
-204.35499882140155
-159.18809158764751
-164.96420726135818
-122.98754430732343
-132.86164395594130
-93.95935380470738
-106.05311490295811
-116.70467342048929
-111.00007836710488
-110.93365989143389
-108.60277270517453
-100.41444295481946
-67.98509730963146
-63.52202669409294
-73.48746062681296
-68.36847263587636
-63.60297246459152
-54.41779230812225
-58.67481766144507
-62.84119601717090
-58.31096951344753
-69.12511049188990
-71.10958332914910
-73.74155866678333
-72.10578727645770
-63.68394282141957
-67.37630332298473
-72.78005119755640
-43.50478859094881
-53.02385422584869
-79.50913591750114
-82.86231159767317
-93.79302123410811
-99.45805253399124
-102.40163747292669
-92.83596670726936
-89.08283299175078
-98.93998021205037
-99.24714093437710
-103.77758733691026
-94.55199700067077
-94.82872358821271
-107.49310254074530
-114.71403070195140
-118.07582757259112
-123.25398307293955
-121.21484317059125
-117.81383622712939
-113.87422248005198
-107.50127771207410
-109.50883365266402
-99.03378425193667
-97.30792113254751
-94.27544361421640
-89.74294393821299
-84.19336910929130
-91.59747980735068
-104.25253399788997
-101.18508591000992
-89.09418981842832
-90.57975701327754
-95.95597893481371
-97.27370724501753
-64.25047739770515
-32.66715994176951
-31.35322533789987
-10.50607321495926
-34.94720188606075
-47.10223757281950
-56.36515047653109
-72.23739927321043
-92.99790993077832
-109.29553561611044
-114.04221403173301
-113.78345743309423
-117.41588650032342
-108.24794530529108
-77.08082048559001
-73.76406921294421
-43.82373777899316
-45.10924192316070
-52.64183597634908
-44.62172746618307
-51.69275991158820
-47.71496109496913
-48.83591029941748
-51.91536123646273
-42.74290076108160
-33.59187972786949
-36.41188867163201
-31.17617100478560
-31.56070544421663
-27.69879447682641
-23.27530933191924
-16.62334702207860
-12.66286708054287
13.20317565303657
5.24146002120188
-3.17952777202292
23.51047549205862
18.04000310562252
12.66138109210536
-2.23307961281949
-14.27672842913820
-23.59468970289684
5.72908034860212
27.14387880298728
22.12151685758379
13.10987768159231
28.31861587021474
21.80263841973449
10.16407956612453
0.52985632390020
-19.78742407426986
-29.25694948260586
-33.74849893415826
-34.90282563738431
-35.99812469658914
-43.09372582042476
-51.01135755843426
-58.05372149203830
-67.96989716206149
-77.44381891124628
-44.46017430651065
-13.67283906740628
-20.23793811673143
-19.62126355863577
6.31533488694003
6.20451612893310
21.70544251013628
5.78234200493085
3.96026186754574
-3.02713542991650
3.53799105535244
1.03082346334592
18.25363306458073
-28.70950839793777
-25.16263845164604
-29.23411285390690
-40.09676278768281
-52.94544109332193
-26.05215302902899
-27.51934637375119
-22.88515447476007
-21.83784471942302
-25.49905689892626
4.66680600359215
3.41808467039003
4.72219879391255
2.89146367029083
23.42863882558915
16.17258799347942
38.81521712161486
34.08549854456091
58.94549339218958
71.68986651334950
62.04341268858225
50.94134199342652
39.20248375104026
24.05589121223830
19.66863334857639
15.41841676630003
-1.31001980802727
1.52501754791521
0.69598531396963
-4.28826699757987
27.29066994591935
22.57815031287305
18.41452391852765
41.49388250409047
56.00710430745033
49.86898762422447
37.45477792009493
58.81932944585316
49.18995846812194
35.15599011632408
17.01418971081617
19.36280754816334
19.94297696963458
34.77468305668017
57.37295572704377
42.85750143742438
65.00768619134330
59.81624254590033
51.89684543964692
72.83866077920939
65.96017361083905
85.56850709930484
102.63311654159753
116.25405234927742
127.16866369960411
137.82474112035410
123.55410093959468
110.30819614472442
125.70268182156687
114.52114813666684
106.41820547176476
119.87856084232664
108.62327887755517
128.32295801204825
114.31821893603998
122.78304869225359
114.76208277348373
96.31066889588330
83.75839499271262
78.87481092705301
69.64541834822616
65.58440375849240
60.25292962358790
51.89769178152601
65.85949625425688
55.94386029507790
74.69849005178165
70.55145443644471
60.25671386323079
49.26902106790936
45.59964430279385
35.56222927864657
33.21374997912346
30.91001814872766
27.46875162717924
47.25513878870888
43.37913395021283
41.15144967795337
37.25388750820628
12.71546754982643
9.08877558085392
8.39188001778429
8.20489292732262
7.42342319514801
30.47540517831326
54.74040573591119
50.30541079469347
68.15033589990824
62.46871080686440
82.55802374309042
76.35008113659438
70.96714532413949
58.92334709622713
51.88781113360333
71.94244182782656
91.39187949677820
82.18619478272919
70.37983911335633
64.11590708797168
71.94198379793352
64.35264408419907
57.82217677685249
75.95963034292569
68.64559299507020
61.02704862518399
74.66564273121600
63.77370671305832
56.92914682119073
57.15732152378169
51.28984563267304
70.63856344361349
89.54958489572330
102.96282653685023
91.85412371905670
105.05602694158245
97.09378134099775
105.64774840252807
92.55359005640230
86.79987452053582
77.80866260231862
68.14064203615860
86.28794498472281
79.47984838291671
97.60474029945601
93.60671915862400
105.45877724795076
88.31045978775175
104.79865972093508
100.74217958146140
89.00245345699369
78.47861363680916
94.02574246492662
109.92754303334513
98.94304355679857
89.29568640593288
77.35116820339475
71.20238399147713
87.39174555159704
71.02444212322115
63.24721572894698
57.17118780059827
72.72574015402168
62.86378195497760
44.72192381604705
42.87518087364747
52.34434167523526
66.43665964825963
54.69214678777421
42.11817877477290
33.19023989924996
30.60938601888625
20.26631440710041
13.05877489305463
-7.88333659708816
-12.19410843468766
-16.78135215165884
6.47241228707866
-1.09865217202499
-11.87869234111853
9.25644318589550
23.64358939351854
16.83111253203379
13.26138790999716
10.99205004606759
2.41032513328667
-2.78683615454000
-6.63398309483888
-11.91667031264052
14.42562459761821
33.86105940495075
27.23574527329360
48.91908050689673
26.76841311747697
44.10761807541166
31.91371026088698
14.01465290703221
10.70989127034226
4.60293885320669
-1.28530875759564
-3.86981734763737
13.07667681937060
5.86378681124549
28.82252208960153
24.53823905157642
21.74813389872976
45.98828322723138
63.65201678882545
81.50014223097124
97.73371503289437
83.68363033195170
102.16395443495179
86.82868427660807
71.65227312721802
84.53552888400826
75.66550483348425
67.67561721260776
62.31507905117611
80.96593428575252
75.42593289769162
71.46575737235895
87.63004963977873
80.15051283994964
88.74486242968686
80.78467778495470
96.28709484275176
109.60157888469990
124.11471846699024
109.02796201024432
96.19328093799325
86.48180077004940
74.48998371061435
88.31415927504229
74.93189162375822
60.81429098763417
50.46920886146621
70.37518730027149
82.55081003827107
102.48347471996765
109.58845949301350
99.86208671693053
82.89941868161581
99.98774753046327
91.47547046737418
78.54193377233433
71.91024589694831
83.76034310578891
66.66214345724849
62.01905292687342
50.66425412948958
42.71988165330978
39.68901563926792
37.49216788748141
36.24966738190393
32.58965002480968
23.40626044804306
41.01848962566810
56.93649877435314
49.58934307441007
38.85224631195499
32.79528328325098
31.05684792173646
24.76511206396231
27.29252328773327
25.44450305111326
46.96244049787455
60.17999721271856
74.10454674626122
49.34667537668858
38.71960615091555
57.57665492717761
45.96736117513235
25.52512751214816
39.87459142784894
62.86768302741731
38.39470613490654
37.49685094407644
34.64113913212469
9.47057032843095
5.45229164983185
7.51708112437589
5.58935207336047
23.27610798409160
46.53822222452114
59.51603760736162
50.00061927222104
35.57367209104866
52.28671916818072
40.94673082713305
27.49643529111398
-22.05741295906010
-1.62303859845050
-9.27393916801056
7.99426168362441
20.96498093611292
42.46459394673922
22.13655263964360
-7.44312374947878
-29.60702266009017
-41.66749488521918
-47.94574587612816
-52.14331944065857
-19.46617376239190
-20.37591219152052
-26.36068982275162
-32.40390720403840
-33.63761420458753
-26.31232859299514
-1.51567386766371
-6.15761886386859
-7.81948240279327
-47.73203556700951
-17.56246741018596
-19.94729572134359
4.06541442828099
-4.22283090047350
20.38975633124203
-12.17556902787137
-30.04475216958710
-49.34595363443275
-24.06813798020441
-52.28906923771817
-69.36561654229033
-104.36336848418875
-120.55240050341648
-116.11855402920314
-134.46990428477318
-134.76314991592733
-128.66659468131917
-142.64306183136543
-130.18154604382221
-122.09440044448279
-114.80854047305144
-111.94031498054684
-160.58986116239049
-204.44315837385835
-193.80368171552709
-194.58266222440494
-182.57503164862732
-142.79673495581940
-131.39312950421510
-164.41025130349411
-148.25244895216841
-140.35016758152605
-180.60906632242074
-168.98605435589545
-190.20083985723807
-153.35118635911016
-121.71616493622074
-113.23653227399319
-81.83786804234276
-97.30907397056933
-134.94573158790880
-100.80224647106128
-150.95837524727773
-111.26244085472800
-136.18469796653278
-168.20363706823488
-130.19250761228665
-102.11537018331387
-106.27778649789072
-142.38416778555700
-138.85697240461093
-141.93719951278348
-102.98822816981080
-75.36638735446036
-54.01607728514275
-33.76064939771148
-12.66699867515618
13.05566167392242
-21.60899468832017
-2.64096135685965
19.38175818378744
25.27038358316890
13.28881603223300
-25.81478849319173
-4.68426293363780
15.43688653539624
-31.75989270956913
-20.48788375171523
-34.65359911274686
-53.55224634236738
-52.00592848098711
-30.20292969686652
-8.63862151298448
-33.51967775541395
-34.69891198006745
-90.43939195854944
-111.88756648238689
-120.22621528744764
-117.31017937602508
-124.79722855633533
-123.44646909490361
-124.06543131944129
-130.76303399105419
-127.65839929750140
-128.84681654265017
-124.24274364138947
-121.10870281929999
-144.47454908185136
-134.27274683857749
-133.34453422027676
-127.72746406539363
-140.48255758654244
-141.47978762929910
-140.87585551534829
-108.29308860711086
-74.71122816461012
-45.16200074212801
-15.10876471856865
11.58841992166375
26.18914284114592
23.27226847978152
17.71727858021468
1.89539202440131
25.87560551919421
50.85123885278812
72.14907658717117
91.90503393890020
103.05091041685026
120.83161185957975
109.14493437972946
124.22374125427208
139.11919856697898
151.25745459166274
160.01325588967418
174.38002209549353
179.25847528977249
189.00186617999856
199.20531949114184
204.61487800270655
209.39257843853539
212.68483176761953
218.70570807042574
222.57012039244626
203.12268645406513
182.98116517695999
171.00781309138168
176.24500502556447
160.12047400061437
171.39149043244791
180.90016045321445
181.97271031848501
182.18521480146524
134.07489153055667
124.03239291240004
110.04765511294424
102.04546802570732
115.08633321067640
118.56335934887150
131.91348048604738
123.29449957309569
116.05939993293345
129.98373392324228
122.64776057070496
115.80912071540745
130.33262237276506
118.05371714078041
110.02740380629216
124.54904008555822
117.05338081233306
104.61707138428979
101.05934828701956
96.33455750160790
93.94299793890991
88.95775907955162
108.37900319551332
122.37721095721786
137.82332800489584
146.93301701434592
137.27525463488146
126.29707672591674
113.54243445817964
104.28143973047125
95.43660057353630
115.26230990395734
130.16021441536788
115.41171176146914
105.98861174463669
123.83620945464179
137.17113528807727
125.52959886221659
131.25626366339554
120.44671752070118
133.98949297252688
124.37063133547774
111.75250182912893
99.50022134222303
117.40100324727266
131.80991192034296
136.13416947409866
125.81326923543287
95.08417059785204
87.17405176258843
107.67641458619497
95.58325764943217
114.70874804014460
101.85183565807030
91.15180511194835
109.88344211826600
102.08626201945295
94.80571503308128
104.68549621976615
94.72533529079794
75.30085810593553
65.73622524864305
62.38257065578472
59.25922450204577
78.18443532317389
97.05279511731598
87.22182978723841
80.75576601138594
72.59547568416407
67.99779065227389
65.93144671404983
56.09641006442292
77.41876560689639
96.53526344378420
115.62616294473919
129.93533926781305
137.35848325025108
150.33000078684705
161.87092033022418
172.61707538853668
155.64958376613794
170.94943169600381
100.02061012021562
86.27689827131583
104.05156416852134
85.45906588368538
72.85661697304930
65.41078232493318
58.64720071262553
79.99525828580320
65.15738014567289
83.71430248665146
75.95172600994613
69.18961769963293
89.22375261436461
81.59018612971346
76.52438576819013
93.22147746550695
84.18595580821112
101.00110364509925
116.00067613970126
104.37399226694579
94.14032788259773
85.09383105696284
102.13188650086855
94.94803704223355
110.65653610792695
127.30001093914072
142.00413723389647
156.56937027455263
157.53124370261278
145.25951808417352
157.80912776001077
153.62708613963827
136.91186971427399
148.22648549824811
133.04523045256457
116.48000874700405
95.66713358567603
110.12124579320212
98.30037521273631
114.84017745442975
126.98476343075164
110.04585062748397
116.18551693988297
129.62946483387930
138.16000975365148
150.04297790780893
161.09491643409058
127.20495244648637
97.72669272382369
89.69381896502840
105.91829691531936
118.98854081545771
75.41887040470354
90.69746391088678
81.34637859497158
95.83652478265162
111.03763663652119
98.56632771330609
111.56723103865787
124.09671017564439
109.27762497669409
103.68303517221435
118.22085781086959
132.97964834552738
134.70177219002449
145.24932074370625
122.60636576093833
112.51439685101681
85.33984885154852
76.53009477298772
67.29725115406947
90.35337891320023
86.98764478823280
103.22637575846304
81.23012661119573
77.24900810311195
68.35300772150534
61.21529326450714
45.96674383045928
47.78078865747939
39.76295168364077
62.25260491739309
56.12735016627022
49.42590592765579
60.65534685310801
75.63165319517688
93.74219388918412
108.27485869092342
102.44104417732136
122.02877851482563
96.40311959998564
113.93866133089958
121.56625533720357
109.31882532067556
118.76608567620076
129.37982246967294
141.92689958258410
154.99577794042210
161.96907121798830
168.75176925723900
182.53551771728178
144.07808505090580
149.70665408741513
134.21451641282974
123.34823688490820
113.50037902310815
99.72512962660626
115.93065905347467
103.53712725999370
92.79686803747511
109.01670846549121
121.01705090985163
108.48473914540621
98.07878585838191
87.44605087224036
83.43261313485117
75.36188247092026
70.18118434072163
63.56303843878855
57.39522579248123
52.45584377053298
49.22868790109234
48.36701485826479
42.93415671597894
39.12908542112191
55.89128879443206
69.42938491448990
65.61424468507035
62.62240915567754
53.54633520067841
73.80786964064454
71.19275233259152
70.02262355848828
85.68481638429073
98.66840706870626
112.65601007684316
84.32814592107763
98.39074812460137
116.83739505515965
106.12329759841037
94.05637429124293
83.95649134919309
94.39787689614792
103.71367679317382
118.28366257283146
133.65143905263088
145.67140198995136
130.28396067838210
146.07312236873980
126.38272143991625
130.88708442075736
111.99334790253401
123.29224496103481
136.04038899050033
147.36931416333798
158.65018331240864
133.05196241848464
142.80477428627546
154.37474085638564
167.43695418381489
129.83450634497973
140.79828457032772
148.16090491578530
144.79098725142427
152.05058699355752
129.44226733931157
145.89309072599903
106.37820796716241
121.19707432186568
130.26795183199164
142.81895945997539
110.58132373547201
123.62430298447860
136.56703625848627
143.40190646917466
124.84102933284773
134.52931734047934
128.43902605405168
140.28887966200568
149.50695106307668
157.56122777737181
83.83724384587006
99.04267545426617
116.51661358252059
133.23755681992731
128.65014176863482
137.06682261984585
111.63053997802385
88.81542614653655
55.87086408286309
33.12588989247729
54.12848163512936
68.77906195115362
64.34320291665041
52.05232111076877
68.41829842682083
89.06803191565641
75.66071872737005
91.74335190445166
102.87821663123373
114.11986382143738
130.15832945772007
142.02320068907409
152.16335529162927
137.73508936596312
124.37404569371182
140.45041632460769
113.79795516455661
132.84961634253293
141.23131248193465
128.94386555033810
121.59188620203344
89.95419780602683
79.98832897918496
93.27024578589980
105.52411777805585
119.06455569390619
126.41394152505956
116.83520607195119
131.11704648766573
94.30686185710465
114.16775898621083
90.14663891476967
46.23542748350289
39.94776024840186
27.73282342963800
51.07143030800088
42.32229913716220
6.78519420451645
34.03224539072761
9.18874605992679
-10.45401712631398
19.36603199960895
4.40181351962609
8.81850801984132
1.15755865561275
-5.25056592392299
13.55722581785377
38.54863168282773
20.93314521714211
10.19347489744202
-0.28178928045617
-2.21638229915750
0.67579125972368
25.27656826199544
8.94648735294587
-7.11463850764669
20.75501246597867
4.85140635309335
31.84638980433920
47.80108998194916
19.44468332182016
44.03394468898668
62.40209804688248
79.76343781943108
91.70631858364074
105.96190212331450
121.24243673159401
132.41456318752063
142.37960178498955
153.66134020322670
137.95374618943131
147.69704942581899
133.11413763563894
143.84463409159980
129.41014492172823
115.54095443507060
100.65112432935021
113.79662947230607
128.70322717823015
89.50465966504444
72.41293291334165
90.24517600840440
71.79368692093725
84.07304594668059
101.26030757376490
91.31567117257765
107.06958685792353
117.37248407779383
127.56182439254809
88.08207970014642
58.11986077360620
73.99885049439266
92.30055931215783
109.58809225296875
126.76590743737465
138.09654876758276
148.61235115022217
154.02044918274521
160.20259815206757
163.78933514275863
168.82849145484147
179.67131696237703
184.46216867228441
162.40395849479299
164.44725354919319
171.67834009473754
136.71118443759602
128.41999469464218
140.07620357172243
146.17962717230975
159.79496226032344
169.89603068361060
177.30955234226488
179.94716592826569
185.50011425663564
187.75396425304925
193.92779520599407
172.81247137517150
179.13106320189092
185.55194932264939
190.11933845783747
197.48088201902576
205.85125456712353
212.61044975938100
218.25218418521217
223.49002953450500
204.83444423402443
210.09905424941198
214.74621446997386
