-10.00000000000000
-8.00000000000000
-6.50000000000000
-6.65000000000000
-6.78500000000000
-6.80650000000000
-4.02585000000000
-4.12326500000000
-2.61093850000000
-2.64984465000000
-2.68486018500000
-0.11637416650000
-1.10473674985000
-1.09426307486500
0.21516323262150
-0.50635309064065
2.34428221842342
2.00985399658107
1.00886859692297
1.40798173723067
1.56718356350760
4.31046520715684
3.17941868644116
2.56147681779704
4.30532913601734
3.57479622241561
2.71731660017404
3.34558494015664
3.51102644614098
2.25992380152688
3.23393142137419
2.01053827923677
1.00948445131310
0.00853600618179
-0.79231759443639
-0.41308583499275
3.22822274850652
2.40540047365587
1.86486042629028
3.07837438366125
1.77053694529513
0.89348325076562
0.70413492568906
0.03372143312015
-0.76965071019187
-0.89268563917268
0.39658292474459
0.75692463227013
2.18123216904312
2.16310895213881
1.24679805692493
0.72211825123243
0.64990642610919
-0.41508421650173
2.52642420514844
1.57378178463360
2.21640360617024
1.09476324555322
3.98528692099789
6.68675822889811
5.21808240600830
3.99627416540747
4.19664674886672
6.17698207398005
6.55928386658204
6.80335547992384
7.22301993193146
5.40071793873831
4.86064614486448
3.37458153037803
2.13712337734023
4.52341103960621
6.67106993564559
5.30396294208103
8.17356664787292
8.05620998308563
7.95058898477707
6.35553008629936
5.91997707766943
4.82797936990248
4.84518143291224
8.86066328962101
8.97459696065891
7.47713726459302
6.72942353813372
6.55648118432035
6.60083306588831
5.04074975929948
4.33667478336953
3.80300730503258
3.92270657452932
2.63043591707639
2.76739232536875
1.89065309283188
1.90158778354869
5.31142900519382
5.38028610467444
5.54225749420699
4.38803174478629
4.14922857030767
2.93430571327690
1.94087514194921
1.14678762775429
2.53210886497886
1.17889797848097
-0.03899181936713
-0.93509263743041
-1.34158337368737
-0.90742503631863
0.08331746731323
0.17498572058191
0.05748714852372
1.65173843367134
4.88656459030421
4.49790813127379
3.34811731814641
5.51330558633177
9.46197502769859
9.61577752492873
11.05419977243586
10.54877979519227
11.69390181567305
16.12451163410574
15.71206047069517
14.94085442362566
19.54676898126309
17.99209208313678
17.69288287482311
21.12359458734080
23.21123512860672
21.39011161574605
24.05110045417144
25.94599040875430
28.85139136787887
30.76625223109098
27.88962700798189
31.60066430718370
29.84059787646533
34.85653808881879
33.47088427993692
37.82379585194323
34.54141626674891
38.18727464007402
39.86854717606662
41.58169245845996
39.32352321261396
47.99117089135257
48.69205380221731
47.02284842199558
46.62056357979602
46.55850722181642
70.70265649963478
73.03239084967132
67.42915176470419
67.08623658823377
64.97761292941040
73.77985163646936
70.80186647282243
86.82167982554019
83.33951184298617
78.60556065868755
83.84500459281881
83.96050413353693
112.46445372018323
112.41800834816492
104.07620751334844
97.16858676201359
89.55172808581223
91.79655527723101
126.01689974950791
146.11520977455712
142.80368879710142
139.22331991739128
126.60098792565215
118.64088913308694
112.27680021977825
104.84912019780043
111.16420817802039
150.04778736021836
