-106.08522699776964
-138.88415686000829
-127.43524605085702
-146.24497237153588
-161.07476260800803
-168.81352142330690
-214.96333452140223
-231.98312554269012
-265.70525150363687
-263.70865571825510
-267.08624891355709
-293.46686059378021
-304.70047315645400
-311.86329236338122
-291.17467670173164
-272.39504913014764
-264.22511688250995
-257.16103447236742
-249.65018989565513
-230.36781085270835
-210.83604333973295
-198.35994352690869
-186.78492506720676
-177.93501084224206
-170.93441012723082
-169.00924350900166
-176.48596274960954
-158.36869352425092
-178.63722032549657
-178.65007022080229
-168.44331173221747
-193.23735762923323
-185.54096752566150
-189.11521846155199
-176.11050053454679
-174.29292869679847
-189.06380349280238
-194.18905486382283
-209.69682148177839
-221.94829169688947
-226.34756737982235
-218.42183158311917
-204.67966554468850
-191.54439606568022
-191.14570234712380
-190.68246416721436
-181.31919478668195
-171.33304761776003
-160.37571546778827
-154.65048080583068
-146.24908855869725
-149.90191634210200
-144.12308617528771
-167.46438707330418
-175.31172719428747
-178.27558936126954
-173.02199033084892
-174.72188720624837
-163.95679338124918
-163.78968234876643
-165.96397967482292
-154.91522733506372
-137.76216645773766
-148.24336647758290
-154.25071949948190
-164.70368534784569
-157.14706815814151
-149.64245830721887
-154.82313664904714
-168.95615422259610
-158.99058901502747
-147.70409881162564
-162.12560321110459
-162.07361055830430
-169.40298139242535
-173.23911428189552
-164.82702848075678
-169.94294581925593
-161.34471527489373
-155.17387309617240
-165.31399361764508
-145.05205969444816
-133.93117052266317
-127.16174747725019
-118.58849795903751
-112.04198417008639
-106.57621094196479
-98.78261928949649
-94.46775219308425
-89.49679294268998
-89.83739574290425
-83.51937825163937
-82.26715869107105
-79.34875865964752
-81.79940211208583
-77.70779057435180
-74.78844980272554
-75.44594614876222
-70.95890901387119
-70.11163631389714
-68.00745949050219
-65.18157873029067
-64.72343414964217
-63.02552501648267
-58.70163180249263
-55.32749623572274
-54.16272680231113
-55.08250184845797
-56.54768221692103
-59.62012039033547
-61.76112593486540
-59.20755983083198
-61.45295060748036
-66.77278896547868
-61.49171840429186
-67.93674241594987
-61.08838280952153
-64.22436129325034
-61.05528262269883
-71.19349059528096
-84.49310666677039
-92.38829845150239
-113.37923132248946
-121.99677510808996
-128.32193984761406
-124.99325403594520
-113.65762817586428
-105.22941201896637
-94.66884645860630
-93.05311569816988
-93.81787493660539
-82.59248827551529
-80.05226302902091
-78.86791581450093
-81.43189752317156
-79.68975452218817
-94.10876132872136
-78.19673023923055
-77.43809764801047
-77.92340664140900
-71.52598541336539
-72.70138601426446
-66.51549376423425
-60.71658258471535
-55.99061812951649
-55.54409362766797
-49.65204756297095
-40.69814583422758
-35.99266510815271
-34.87017770521768
-31.15685632754331
-26.31918455974973
-26.81498943735166
-27.79568603090308
-24.39732803381417
-23.58334327372118
-20.83307597251496
-22.67351848225890
-22.82410210359766
-25.39446949559357
-28.87317437728835
-40.82012310046395
-45.30306663982844
-47.03444883606191
-52.50455756889929
-46.03687811035371
-45.56366806358969
-47.82886502486237
-18.91378888386776
4.99512433056952
0.50501184025852
-4.68718407328126
-1.58950592601065
-6.67130230859513
-21.97551198034324
-24.99996317773350
-34.50688116164983
-34.20092924486256
-45.12796070179889
-63.40130198982920
-65.86269312386497
-55.62504586675215
-53.92769355026157
-61.45868434869323
-59.74799167620385
-57.55940117950628
-63.10644709787478
-71.24483819277668
-85.09145522787119
-83.91846246525370
-82.44182290317850
-82.76991797044435
-89.64506238588615
-92.16227513470201
-106.19280254641802
-104.29086151668892
-107.19589499621135
-74.82932082370004
-84.26842500113008
-92.60167573315806
-85.54926236019267
-87.81546596268626
-97.63606552671389
-92.77484392940661
-94.72740406600931
-97.35048338586694
-102.39678927778878
-111.02498261324403
-121.51310402150595
-125.02164295658673
-126.02427190547156
-133.26248731659012
-136.59150613957505
-125.26840124782920
-129.87377305870433
-136.18372839950763
-138.77241618071767
-139.92683840707181
-136.91712956992961
-144.42668957458645
-151.81120532628572
-148.66910147442596
-172.50307592836378
-184.56627258340939
-185.89921017337082
-170.50570950530297
-154.50473327431504
-146.79990284919339
-140.13068282472571
-132.30208934226485
-116.28888931833761
-102.03485313316948
-89.62026764945961
-76.74701995044884
-68.45615467899042
-61.17528186382422
-55.45041613256014
-47.85688669444758
-43.10130573109802
-38.28689558807081
-33.42973068822101
-30.84029141519494
-27.33918779521975
-24.73964313371604
-25.93191144536734
-23.74393397516890
-21.52914483907958
-25.54726298986024
-25.62340612134063
-24.31891171956843
-21.09553372799889
-20.50840510271859
-21.52707628485776
-22.95010297072305
-20.50223619522368
-20.86415225388721
-20.74459374760888
-17.43041749130431
0.58045243413314
1.41674819963255
-12.39719025960460
-11.66687096429790
-13.52874370418220
-11.62871309478687
-9.77928357667071
-11.74295490662084
-4.94936758119551
-4.93666684419924
-1.58618410715174
0.20886343094655
0.05031912702864
2.88116134019865
0.40700695141983
-3.15118399881424
-0.17459956096650
6.23948178620302
7.04760903908997
10.53913218323445
11.54155745433382
12.33598695312337
10.08859697021209
8.68930080016657
0.27753310060234
1.24552701187876
5.40772004992275
11.62895333178345
14.61937814052825
13.71479891829106
8.53888378385309
11.23205076342677
13.06452771293557
14.63256873412150
12.73175981997700
30.16031269038000
26.05185119550410
22.63500072883144
18.76086662286546
16.14532202124717
18.37905512276568
19.98830101998473
21.10317677238736
20.16040204401740
11.19637425295380
9.87248537567075
11.49257828094443
10.30754254126331
11.08546847250181
6.29964020951520
2.27962674115039
-5.91214593759530
-9.98605324551391
-13.81835088513947
-14.66476693712160
-12.76057741726343
-13.77122362172640
-13.25574084134231
-17.13238816123137
-22.10809044677792
-25.39193227043767
-25.13583438071344
-22.49022643559699
-19.80284572370464
-15.56439866841783
-20.79121110582517
-23.31725540161689
-23.73551337697165
-23.47439234046929
-30.72070425910246
-28.99079231173133
-25.83502517523595
-25.52412176505189
-23.23281310598935
-18.86881474081788
-19.73034323240227
-19.51711600319348
-19.10847046560816
-15.97464430744612
-14.68530405764900
-10.60666027522270
-8.84452727512876
-9.60493204422278
-5.57310774177616
-5.50076152145844
-8.93924410400436
-9.90744644759370
-12.67755625054670
-8.09595175305171
-4.62518682794478
-2.31832682454067
0.25562896977872
3.58454432110231
3.98474792764758
4.33230193880779
7.60053846794729
3.38301839426276
7.01669625436945
4.32318097307024
3.20709853665485
-2.58702538668584
0.06328643146732
-0.98458903128326
24.00684730548452
22.51924316461080
43.69700192152792
41.59203203189998
53.64112287475856
51.23840347525722
42.08804046501101
40.00961310525394
49.08555813786279
38.35191872484137
34.96033338335765
35.89967530102149
35.46210581959738
31.42954819285583
23.31235538564237
20.20320180027389
18.71123340848390
19.86616159822296
37.64375347403050
51.20311119949692
45.05358235733748
52.61087534911307
56.27249578741643
53.97995951415592
52.64069737118896
50.89131909401537
46.62184044556605
41.43676416754939
36.82178299771495
44.78682149650403
17.65815772676821
15.95190662877924
2.13615525410026
-2.05404772305443
2.04663067395304
2.75093656971754
8.97449531100576
7.66056230519002
29.08091392508880
25.24302744857775
20.86047438439580
26.43416705254257
22.82205942375044
17.92727331114739
15.77714188724864
10.36309105757942
9.03452371983752
26.68590707783273
21.29041943088919
14.50634891712026
18.15371845164199
38.77680020113797
31.23080468139298
3.78724305768089
-5.06582625018704
-15.06795999307785
-19.32919557024653
-11.53498963127823
-16.52766868373887
-20.23386503583943
-28.57071192035208
-26.55732041053593
-19.84845759942285
-17.04372997769299
-4.85223939715970
-4.72120469966977
-25.62094329095607
-31.14621727633018
-23.46758767939384
-19.37835907297237
-23.66400627842697
-12.08335877661916
-7.39418599335174
-1.84832012728250
1.64141070247290
-0.06498504792500
0.89173825859306
-6.80029815346763
13.01482067285631
9.54055151460845
-6.45979168199768
-0.70299143630877
14.07342982922720
14.63520726255292
29.79138749715102
22.84966791610601
11.38658432817021
11.06130548598717
13.18840032523528
33.76500301642582
22.09622089219203
15.80750743445659
5.51084840969406
3.42747260142435
-1.47328542945098
-8.43357206227275
-10.87328805535559
-31.39849908299448
-34.46305134677829
-12.58195329214665
-22.49812544221647
-24.40443099265359
-22.65869064826838
-25.17439623429820
-19.44735521074843
3.57793350787419
1.56419965672168
6.79311857869230
24.23288279438122
9.29911501120822
8.12713470497827
25.70585994773712
39.91654412606518
20.40835254042569
9.00624002626405
29.06682875639000
30.17290070101231
27.06098942048027
25.42386670644790
51.05158971522577
72.84964008985270
65.31973939402846
77.58863361725297
73.83389194777583
79.83537036948005
64.56365375065580
73.89397131332016
86.66247942451693
98.92532683762956
87.49304223702906
80.63298679328814
97.54352353107707
114.62949441374630
105.40623074814235
76.85954423201134
66.15088482311548
61.33466381836708
74.56129418837745
90.47459135069808
81.74826247786118
75.79775782446067
92.72280271294107
82.93339196299603
97.83045904582535
93.82887736214268
87.08702249166053
76.57333942288493
86.85238414738144
80.48948170787575
61.47666024195372
72.90407267391187
80.38394873451941
86.27469100960036
88.56990930753614
97.96853159084793
87.23012074773349
98.95037815840922
113.34313608811011
123.65876820395209
134.16753403775283
122.41013298871823
124.67975717591322
128.08842387283210
134.99632520270603
139.27109283933171
126.66239721213945
138.35200243177667
116.19047612810236
100.64824051681640
106.99588409498648
120.70656877700554
88.35063438036381
99.77787124834408
93.87032150374029
76.15895885513768
93.15198311363916
100.35395833424087
90.90102718536522
98.25597476435355
114.02482465851276
104.17019747500024
115.24661147460529
104.08690302405105
76.97723977333681
85.19531250924786
88.02122424957975
99.75002441306387
113.65332083749328
77.07858031950583
68.67667935162478
61.91125431814490
72.47818183914023
65.62164992798179
49.08604021683674
55.71876726987092
67.77104995991893
38.30800224239062
59.95769479629789
79.26457399286059
84.19637923121391
100.83240539279355
105.95603583863556
116.75139809724439
118.34132697906612
105.42143788757151
86.05492105706473
92.51311797946373
84.00739691265726
79.93104245923088
62.00063880158174
83.15036543920607
75.95292995753067
89.80021362045365
77.78695353111499
93.31115399052167
102.51915382834025
85.05439747727988
89.82523205232792
86.59961292027100
81.34246430922735
76.03864247564546
90.34195947969228
100.52848522591033
109.92115789295406
122.14643130208219
117.24005466433192
122.96363786902955
133.26381576016280
142.33114365698884
151.30866870002930
137.03821054054222
145.24874086525369
134.44021290878436
145.28032457019384
145.10166481170774
146.08619358137349
134.74550055908679
147.66492291181336
150.61072015008230
138.12327444410656
146.85051135474063
144.14285665969868
134.40972688978357
143.75287076081398
152.60726669215515
153.13293469554853
157.14612997649573
164.36438451026342
168.18106798993949
173.40515841815312
144.88533545290829
147.00957284389963
157.73294539817891
168.07073247687882
175.25984053995825
155.73642310991755
159.09672197254753
157.14838552634833
161.32648316616536
167.11952667262582
147.42166017321034
160.74468933036391
150.82302455196810
134.87642664550876
147.43030999695466
150.90539993438566
140.37499374524342
127.14723298211447
113.92938269217859
109.84773222405640
119.26759168753269
133.50045071249238
140.26446658502232
150.00167945189526
143.56038500489342
149.58673195910740
138.57895248607323
148.35891914188983
151.20516009493895
151.95350831324174
135.78292089678234
145.15003417846893
155.46768024386904
141.62909649399867
149.36740910277092
140.03164643259407
143.56773385666995
134.33135144190695
139.12130740252780
149.07099818765309
157.40541416099808
149.15124188625578
149.12749137720982
160.51868357375082
148.02492483660942
148.63965300114336
156.99177846111894
141.90803829064680
146.01446672110723
151.60586041619840
144.13845708819542
151.77808832695351
159.03201899354539
149.54880021215877
156.44281249993605
162.99532591198169
167.49793110602380
156.73280545931183
157.60361636818001
155.53605200892338
150.60990848633011
158.97909638114763
163.56342741357830
164.51742705279125
150.96603189352786
127.13250617674039
127.69003562990149
110.96118457241184
112.25771594754542
122.23012186199907
124.52053347574464
131.56852779708026
121.03734926167287
109.66832676603079
108.85913365138769
114.70323959426861
112.69581518338762
111.84832360912407
107.00593478509444
107.24924517507036
97.03937524279142
96.89483308100007
92.09921318916381
89.15711116574484
92.82806889886025
81.95882807714911
82.69054256290516
82.43484101724934
86.01184461673124
99.41217923430108
101.29696755750651
98.23721740716073
113.26627520976564
114.28307491809977
106.83657489455969
119.40645451147357
116.24805370103572
118.93691882478650
112.25116937254273
110.91618172361366
99.56715949648112
100.73013413602312
89.58806734188531
82.24805428314654
77.53987344640927
81.85113343547292
83.29926936926556
80.37005187179716
72.09273142201440
69.93459892288357
70.05383431883891
71.84709402047784
68.10858767999747
72.29446638380611
80.26484852415140
95.91188311984392
111.33679361417893
102.36911341246791
103.89214078862160
93.49774334956417
111.33006292131833
104.27828716087537
95.76369753405075
96.55646014296573
95.12940889625068
108.53714656910850
81.79836274234630
95.10636267947997
108.79580714805553
123.00134090364043
129.57255209237348
121.34335368639030
130.94470710007641
130.20700565162156
140.13954070615588
144.91093349685568
158.60509431935159
143.15221457046985
152.24770163553896
148.74662504005292
146.56570970037046
145.01020266653876
143.70674995645521
145.82264411841504
136.69252342016389
137.29335149501992
120.39833020123348
114.08485876438242
101.65695570648691
101.85210723109672
113.91839392515206
121.54537849460527
108.06627130234577
117.93105170330543
103.46795397367322
115.23855323019538
126.68107378876803
126.80282402324497
115.65521778423664
126.15778094559155
120.41162012498965
119.47259539612060
118.97132987481008
108.07379256762403
110.12710863108029
103.47427362397497
105.18255103349392
106.47644728638477
104.07811189688131
94.52644482200346
95.82967840185535
94.03790275434696
105.94931118611163
116.21718760130136
112.51213441502634
125.56104650850776
121.75043619696913
129.95500280764497
120.38592757670747
108.46376445226532
104.47704282240480
112.03268855639621
100.82544266275632
90.03067516903752
95.98950308890066
106.82572619564952
105.86664752675195
103.72278470086280
120.62719920892543
129.58891467162408
119.12213945628997
129.96453438867576
127.50879415596046
123.03207317361857
120.55285124865351
113.22050191499864
100.45994482712126
91.25168363840081
101.53421938869755
106.42559839774005
93.92893941340084
108.02726513416792
121.14078722357588
125.43329979889450
134.29949667156950
126.29380780683282
122.80337926772377
109.38997821267188
104.52089584151962
91.92911831998813
106.35360899395052
104.07224302147806
92.73181168377835
93.86555603072161
94.04941374814200
86.83688045512571
100.37854537472650
113.85661143711299
115.02733021211301
99.25568689049997
100.79219782764135
103.51847722876786
112.94056319515902
123.58973700252351
123.02036599254332
116.94866534031129
107.60787702019013
103.58060201404913
105.90701117897812
109.12130111086034
101.27387976394644
113.97520993492198
127.27783314482876
133.74954057480085
134.21663262885534
136.15775733585951
134.31398633814607
145.27048227087604
142.94339276618848
139.05962017764037
129.14687713040783
140.07589017474044
132.40237185755052
119.96548154245677
125.33471729077172
129.46553998895365
136.55535063509211
142.50443254293384
155.33754832451098
165.18277927471706
163.13572145696415
148.97495471765444
161.76525056024508
151.07011180082691
144.01637055904087
145.82957606809268
153.76412529391311
148.11482533189186
145.06323841439092
142.53755238501495
137.91069321012330
129.11774527085757
129.55476538717434
141.22583206403647
125.64857939213719
134.99214899870796
134.33788020996070
144.61709383158058
133.47671598386151
122.00640826614236
120.40627762687957
121.25621709567258
133.80767635391805
129.40746666647192
134.48150327375714
122.60793016659575
111.68483388961292
104.49720434566457
103.69795572174377
103.53237886096039
113.80758799712595
117.37767278037637
120.98450932739578
118.81406515401692
118.08287361044754
127.58732280475765
130.26955751213859
140.23056834358084
132.41433267725725
140.45962352835198
145.01816680499059
137.18431018056111
147.79524123596482
140.82779419530422
134.76528946155204
137.87824251669264
149.09590655804826
133.35775516303158
140.99139643870515
128.20805884607134
130.25844137895160
139.05560812939470
145.16864952104589
147.23397210238312
137.94194241486900
145.38179415157617
154.85733438863681
163.89897212533549
174.87721989022810
183.49695185398883
192.05088027860066
182.09976392631006
191.89999996063506
189.69153811775465
189.66831001369368
185.46789526262845
187.43247250489853
182.96455692859115
181.08740129710506
177.24731350421436
189.04985836564416
194.35114146038018
179.54515056593127
174.15352658246289
185.70479483402934
176.72340118489879
173.21038280309094
159.42375997122346
161.03369638228369
147.35086177993946
159.64676408854942
145.56725848524516
135.01387919064607
125.19200754252381
135.78199550741905
134.48209046590273
133.88845297767944
122.75844049862678
111.87377450780838
127.35238176483028
117.64901871751069
104.74075677045784
95.81575507388069
89.03578363190800
78.65639043534703
92.83160668953657
81.73466197446619
74.61415031538932
79.38438814439546
73.58953620288278
67.31979272803501
64.29922681390276
59.74204492350874
63.94270294530429
80.53046919629014
72.68508445579585
58.96055553982119
56.87508253755139
75.94977426847791
81.17662708198665
90.47491213437601
96.07998582038901
98.55602597814740
67.73495693695089
61.97825177731953
35.57707656148241
30.93837887620202
15.92610409700785
34.95458928733132
-3.02823513817080
17.25133228512659
38.88678948172607
46.36986782136774
54.02015825203387
26.69047364955535
17.91319703071630
10.41703192301260
35.35624392972596
55.73697999140228
76.09131600682542
68.21387444359527
73.58483021187602
89.93619194901211
97.78920119178639
100.78677421284722
106.17714693291678
118.31257122887521
135.50482214761584
146.77440751364281
130.27719918261320
123.91745388150719
132.00363610579709
133.33542103761775
139.61087551970462
132.57999705776999
142.57239734728341
127.65456390040603
135.99537478382615
84.26179866729505
98.50558192623816
90.01547300461661
97.90689059244721
107.13163378781339
118.18287092442544
90.21457789786892
83.67560057921173
85.19285492327953
59.46720434029400
74.61736943068829
72.21158318929913
87.92604258020390
78.73609661283479
99.28866559771045
91.99822846549625
105.76103184582098
122.31227748245834
124.12773147366008
82.96391815189752
86.94467643008885
89.08114101722893
95.95300544955603
100.36705839459246
114.45104639894316
84.71850304288026
75.89940952331492
68.06687780781076
80.34989969935525
73.40671754725328
87.87830834120884
91.00473466198011
71.72228862912030
81.64171090397855
90.77217260458845
80.58390051415404
71.13366408669177
90.75436403463772
84.83231090854660
82.30717480085872
77.72966173647134
80.81452098582405
50.41280744178481
58.70483421851098
58.71502691997240
65.06145942647780
81.24840939771636
79.70714111449736
88.76982916450541
103.57309305349992
111.01735344756462
114.38788842432324
115.57615893477956
114.79528900278031
109.29126077769145
123.54246530127273
131.10381917284226
138.83747516877281
144.22434943342586
114.12481270024796
82.76608732876238
96.17097183786009
99.87129121178691
112.87821456652435
129.03548354734903
119.99191701764323
136.30108034326403
143.10934509249202
157.69558677281742
168.14344704897303
137.92737231507010
144.48761788410462
145.71634508585964
148.27540229198075
148.51353023531769
156.25117714126111
167.59965348598558
178.98838506950364
173.87927090340133
177.57271253172718
183.31586457954785
193.51511450963847
184.85962122498285
179.58121691632067
152.48098402711994
164.00793145084737
175.11776070845957
185.60439034716109
171.34369644778749
176.14566336872684
173.05273593265912
169.48122848339324
167.31312046940474
154.50570922901375
166.07686578125842
157.64014221348992
146.04808936901290
137.47978258274958
127.03247914300145
133.46759747914658
141.42789476983404
140.21242472916680
145.79424089030550
145.42115558290007
145.31425347039931
135.69569603749912
132.88964486792483
147.60505934871685
150.70181723941536
134.25555483756537
118.51451475369920
107.12430845661984
110.07475046745719
97.58559463600005
93.42528703761528
102.91979590636724
92.04521276659788
79.99762184747561
92.46209332725923
100.87500543192981
100.80748317368042
89.69571312187890
99.64695879231761
85.85375521058734
76.70465599730501
84.31860486270790
88.60712764842785
88.24442970264738
81.15229734698774
70.35463007690515
74.15635457527846
93.46186107618340
76.76699085887410
74.96440805915445
65.59604310655541
79.70972139363272
95.39275833049106
85.36613436648071
76.20650327434230
68.72557318151117
61.06092998184282
77.13057616991648
73.83748082848115
68.49855134224943
80.30763511332842
84.68327748309162
96.01695052571915
107.94585700083213
116.20377792545953
127.61338460843308
115.68925284243166
127.79977253031423
119.63375118194931
105.51021482264926
101.38076389118818
93.73913903441361
68.83620748684953
85.68903250117025
93.28670021682586
84.79546659656036
87.66059540893150
92.61404965278935
104.47306662072347
109.93217247678147
100.86434607999067
98.59884429936240
93.03562753237716
89.59189674853346
93.57997210910088
104.40726796016509
99.05268397038341
98.39285641442044
112.59367767758684
102.96524716377540
113.54122380356098
127.38939512055370
138.56844115879647
149.45418357868559
147.68616210363237
132.77361296589237
141.60844645525000
153.54746453526056
162.27395626501391
161.97649724229632
166.22351522362652
136.04026521148361
141.93089621216566
135.52693412650862
108.34847980207543
115.90323002519780
126.12048626795196
133.12699743470586
146.92610395990991
150.48117066064373
151.90821548377576
145.47575295122090
155.18913971365862
156.69150525841277
141.69323229648651
143.87494720931525
152.44094070431981
146.35887181415893
149.06708276843969
157.79072674614937
124.47179622538984
134.85439638536693
139.23022405233547
128.64040466129541
138.29764999072319
146.06651878851287
154.02125783514416
149.33668796163556
156.69816844343643
156.16232070871169
143.40737658631627
147.29378086246797
131.59158525721864
137.36649365825198
123.20863902469594
126.65958797105480
136.26152894178341
126.56456337895017
135.05901904122632
123.94436135245621
135.34368825933268
130.13802205605850
128.15610080255806
119.85224103202820
130.29204682875243
119.33753854180904
126.50250001702028
129.30168723179287
136.14947934499622
140.33098694958096
149.35969800819748
159.48645955048335
163.69961367797887
165.19790314803373
155.19623842521304
160.09979153919167
155.51612836091178
159.12470376860327
165.02763891394918
160.09980660790544
167.05895374492803
164.97008152481087
152.90278404994510
146.84688040626025
138.69759485845043
136.55615658292717
127.77094143349268
138.49483938938860
144.64497561273245
143.98821511229357
156.76334262539851
156.07474124242910
150.96598924975203
155.86259131696883
159.87505710372730
154.65096136526728
162.83279885594993
145.86596830685866
151.43477155345258
135.06360028983912
145.59242730052310
135.27564848536409
145.66272959898396
152.29680192185265
146.13003675201014
145.07862286738913
143.43950881399039
132.78588628285274
142.07763558382629
139.98290496817967
142.05336978719313
150.92696843331041
135.34323664367963
146.72477212770374
138.14133229144431
126.59542521552665
125.42596559288336
124.04131931718439
127.39758009065821
139.47323697543135
126.57366665205905
137.00500223082904
127.61257761444845
137.40577758094537
129.71461454811907
135.71249542834931
139.97137410462315
129.20274619307889
144.62943657701584
146.91747431759339
153.64213521797046
141.10367270656076
110.97296549970402
120.71763516064379
133.55574698901168
139.74134124215232
153.03630359792834
164.44470837484474
165.14034674659248
169.97222513542920
173.64358152509186
161.80549138765758
129.89320681080426
139.23134716755035
121.41365193553436
125.23143503744932
105.54751395027479
112.96140341710058
103.65745057984911
120.01625902873586
125.37594360971738
113.36624090816325
124.46471980941615
123.02287808162211
129.96278012317268
135.33043193836966
149.37702443389540
138.37755894280332
142.09008303514710
140.54675578757667
130.73694263769590
138.47608096807465
124.82261562126187
130.91240472828147
137.96833355742132
146.20605077091881
155.11834662733591
155.50100169239872
167.10624199877603
170.97922277692390
158.44595381422172
145.10173152399602
156.89178193323335
158.94996460799902
168.63564150429272
175.60495557194619
168.02457145474972
174.25487381514034
170.24118034589537
157.18909614615677
162.04424093886405
166.80232593089622
151.24757559670985
159.65274681414573
167.12171111200649
152.79266614162427
162.19465245886829
151.31863530587424
151.89206800044170
141.25213779646288
150.20125718355814
146.39216629939813
131.08913801429389
107.08334687566786
102.90603846667159
93.20684935530143
87.94522733821894
80.46773780143936
96.11737501369851
103.78193972991643
120.93261215772610
112.41766060005165
104.61366608317591
98.54247480215029
90.01207872899252
83.07690769605695
79.06012659382525
76.42170900342333
90.66356475011298
85.87860312516318
94.29187145730026
102.07949575828579
96.69651257841852
112.31845985445980
126.05025726724047
115.97308115680011
131.44873465724848
121.45847159639067
111.08792354787262
99.98888241967884
109.47946073873112
100.15808374892347
112.41130150163774
104.17166258890357
103.01760327815767
109.15981126797773
120.83318178266458
131.33354876714753
140.11626125655042
149.13337661788071
159.40320151036329
155.26402676296186
163.96417922870938
168.78692197902510
170.08774194271589
175.10024332031890
183.16146740935434
189.27375883664052
188.27068547863919
197.71549094597754
197.83482135582614
203.16240232168633
202.12653217658917
206.30090475930950
204.10308348889288
205.33995777258673
201.79691986979961
