-70.82480027856006
-89.15228344231059
-117.46010852648774
-116.48418576426226
-124.00347448872739
-124.26414478953056
-124.64469342273715
-121.18622021187730
-123.04445863666636
-131.23571192763632
-140.72995676173076
-137.04531641364278
-124.46121976561933
-121.68806247914577
-123.50762917852612
-124.63292607859263
-126.87081631857524
-126.00645211554092
-126.54467532761083
-124.95476888712044
-122.11400214219211
-125.98222705470805
-130.12728731198024
-131.73958780916556
-130.26195618069050
-127.54622662836228
-132.13085031284936
-130.20359979277256
-126.28027600027578
-125.97691898546229
-122.28648154863309
-117.64675657216839
-120.40988455998301
-127.32946307354742
-125.07714732154771
-123.68219020862917
-130.87579262022126
-141.42168217243815
-138.46088179034371
-143.39644284823044
-154.90888958729076
-149.24170429779178
-148.94795480434800
-148.60382585380228
-144.33134086307052
-133.74691710541154
-134.04880341509562
-156.54158968974832
-152.35293247253540
-185.82252974224124
-170.03322249405375
-187.77714543739262
-180.23629703815982
-208.92468399469152
-209.99368463526480
-186.98305749304487
-210.17236382208611
-235.84766324317263
-259.27908824859475
-239.41251631608341
-257.31599777231594
-269.90819846742846
-297.27262533372641
-274.13970211216679
-301.01457260619202
-280.70786477854534
-294.54331282488585
-317.40161889030463
-296.78087398721971
-288.02833134672943
-290.25425200472654
-313.32272967273241
-310.35434863153193
-322.89899862659735
-327.60775196258584
-361.30482692110309
-351.17610357766432
-348.73037292147342
-350.13496477572130
-350.30823200898533
-368.31448669079793
-342.32446824569001
-346.33973578845547
-341.54897568624477
-345.67766080032146
-333.76500261935161
-353.72470222224536
-354.14461246673710
-362.21063784142757
-372.59051270941040
-381.95021406023136
-360.35846498665757
-373.28553503451303
-385.16699362228798
-383.85217969590991
-383.66079567878512
-408.13232989902832
-406.01179338215707
-398.94704919003476
-383.02788380755965
-379.20200506225638
-358.74307640246786
-349.37792620190908
-343.37077602684343
-332.99413865288335
-316.48126485594389
-294.43695112059896
-271.79789649780361
-269.50256363272007
-254.12427184329221
-242.64427348508715
-229.73050992639583
-217.00974635022112
-213.73539522169150
-198.15359705729708
-203.68892417221474
-190.28366301517872
-192.32940801946765
-178.18789831293387
-169.38789784709826
-163.22341473672782
-153.22899975568217
-143.27523859819146
-135.63899058664114
-140.30844580179445
-150.32487261708494
-141.74446264872591
-134.04196386631375
-133.69157283434731
-147.92122329580155
-150.67481813105368
-139.88193563436340
-136.76845443517311
-130.68698415669877
-126.58401557915306
-119.43877680128077
-113.35149532797652
-114.30669246729353
-106.50571428682383
-108.64214671797494
-109.39647654847106
-104.23352456563435
-101.65546324770379
-96.48583316745366
-98.44730661801434
-93.68401420619476
-92.05381731741899
-87.31898513433593
-91.30438016800169
-91.89737196711829
-96.43343442574346
-92.24593186509432
-89.65417403895017
-90.24480888422552
-94.69865000364362
-98.00807609851270
-92.47708125391677
-94.70544091946212
-92.37300995150525
-102.91192501955302
-99.59875874999162
-94.80037285942535
-98.76845583896389
-91.45868377728760
-95.42611540224372
-102.48780851130999
-96.98714990403060
-101.96532491621257
-102.80317788656784
-96.04181908294477
-93.27924574312681
-88.34165561810158
-77.22592500230886
-79.13191337350392
-94.16252348871927
-98.69950085476842
-98.59977760841562
-95.03436442245737
-95.00174438969005
-95.88494588136054
-90.12729023595983
-99.68528954971177
-91.53943511465076
-93.52558529509935
-92.45192664192362
-95.28838469749826
-88.36884578128843
-87.17709943762583
-83.76855192310563
-89.51396847114931
-88.72749518052795
-78.09084308215857
-69.62415953603127
-61.90403100034710
-56.30132498610089
-61.41668055937594
-59.02085113100461
-49.18665763526236
-49.70274567156704
-47.93715444976337
-40.03953326837424
-39.17132590059209
-38.30949678028177
-44.22467643197533
-46.71959589158170
-44.10930162632317
-35.70571341758505
-35.62502260975330
-46.47858759932808
-42.74599608264860
-46.76113767719051
-42.53084219083166
-46.55001731179519
-62.98939223941973
-56.82104450551538
-70.70976476928064
-97.55761621703017
-93.71445680746369
-114.31422253059321
-143.13522392181608
-157.23855106450773
-158.97095721870906
-164.11428302978308
-147.10201571995924
-156.37498460313512
-184.77176412534382
-186.86798787980285
-164.69841755899000
-175.70890114772402
-180.99556915356203
-165.88835668719537
-161.05698029652257
-157.66185848966717
-171.34604256207209
-179.32534298465421
-172.56203088691373
-174.74202204445800
-163.17870487471015
-160.21914477856308
-148.64842081553132
-134.42094165933008
-126.61524815199409
-115.37092597804464
-109.17773037428844
-101.00589077756190
-95.40686661805842
-89.54839633056342
-86.40536769550148
-83.38063635865524
-78.67989622676039
-76.90951062029472
-74.42464805602954
-64.32386940060128
-62.07490343298504
-62.03057177683158
-62.17378523786908
-64.99413006422883
-64.43344132016398
-64.25233954659049
-63.20082733210459
-62.44396517224720
-64.55040618118433
-66.86701469331599
-65.16022834703512
-66.23579153212023
-63.21893768302731
-61.31668055038308
-56.59824612514671
-54.05549150716706
-52.25963754521653
-56.14862154614823
-56.15790715923178
-55.66183159887179
-55.87948882245338
-51.88638494868034
-49.15560537716316
-42.19645470065190
-40.26881076137629
-32.61541611788455
-31.80933739455874
-34.46300738677483
-32.63723635434373
-32.41538795558934
-27.46681669706812
-27.05759839154224
-28.72625559950297
-25.69357677980366
-26.73491399993491
-24.21273400067545
-21.69438569510459
-15.81476183454495
-15.18337384349355
-13.42524981043826
-14.09332598640861
-13.67846579731485
-8.67923342059143
-2.87041171604150
-0.99800972940274
1.62570511131656
-3.20752963883697
-6.95217053397526
-12.67677118540309
-7.76360091030028
-7.41690614825260
-9.53506242722746
-7.98678169258268
-10.65687231559299
-10.70007733911829
-5.93324832136235
-7.96103895355648
-3.71652325672272
-5.23935893735365
-3.93003645647362
-6.28415321829660
-6.05578751275340
-8.86333053633148
-9.37756602535699
10.94888947250050
7.74441297435227
1.91688650787881
-1.29114103956980
-1.41529882074564
-3.30937697759030
-8.44595860376532
-9.21436606109397
-10.53840958082023
8.68208780150977
30.29288124423833
9.36436308571814
6.55705077345242
1.33953575535329
2.29575890699247
-1.62490856174520
14.40398672189007
10.04359434864171
4.24335039962868
8.24290060087015
8.20651086255135
0.71565928721718
-3.65285750435335
21.96719856515654
23.08486139411747
18.07760537422880
18.45456012144258
3.36973234155121
4.38729543598708
2.88409162557350
2.18323743869924
14.90899060339005
17.11584922819151
2.06649470292103
-5.10299959949867
-16.42337509927096
-16.77636723372339
-14.83585070734103
-13.61113421952304
-8.71322830188301
-8.45956864799387
-9.23889194239275
-5.24643153879949
-22.38508332962986
-17.14635508371407
1.73245722961922
-0.28195721337151
-4.29081747527252
-8.18611186327990
15.60573238745950
36.20182375427143
36.27710944188625
36.63184165524400
36.09542440161097
29.88345814254853
23.71383173300817
22.07742457250310
14.90942391709826
14.96828100630532
9.54495816097380
5.99415294195589
0.50460154208698
-2.27200887833816
-2.65097839321738
-7.30390784074169
-12.04856280135012
-15.36607008747996
-19.12906983523392
-25.46350195095316
-23.17644926823072
-19.34072821107418
-21.18307449340842
-26.98356854008045
-26.20513380636104
-31.22807485930576
-36.20116058044962
-39.77518092489876
-52.85262216987918
-60.06035030498548
-66.36420941931435
-67.71756762692736
-66.54227484446827
-72.73619832662033
-78.45820572723247
-75.74984069060601
-80.07097416319486
-84.50667366417230
-80.68772414982737
-82.20747023815224
-87.40640775056468
-80.80552277172640
-77.36502692994584
-79.97663261732225
-79.91501399428724
-80.03224121047046
-83.09263139785709
-79.77447363108237
-74.79088967082755
-66.10864431192745
-56.03334694899245
-48.34447817133719
-42.90443491768456
-41.24616610672141
-41.14550344167561
-37.47911863655253
-39.20330493181670
-41.91309969902071
-34.66758728579658
-31.27809974724013
-31.28077699465518
-33.10626835754550
-35.44056278013703
-35.23723486575233
-20.73753753406537
-22.55312636693740
-14.67830001162081
-17.88393728261670
-24.09580968296785
-24.06225531965470
-42.28598534331773
-27.53584969019109
-45.06114454294772
-64.80998923617877
-85.41273510091561
-81.38375302392768
-80.51270099017300
-59.89365610880194
-68.46607968018149
-67.44528087531955
-72.22319511679918
-89.61923920573403
-92.37908432144067
-97.32929489637847
-90.01205789338132
-62.60669824664728
-82.28975628844337
-83.58721571803076
-87.63911180939428
-56.51458752729356
-29.01275816496599
-23.28227272894174
-19.13536004634782
-15.17895911325759
-12.75476976273380
-11.67695221517915
-11.58821069401768
-15.13669374107828
-17.14520608756429
-22.67044729462688
-20.01219067430880
-18.20833698433815
-38.24144919559379
-44.26069700806663
-42.82327756631266
-43.81253820477449
-41.09261737046774
-41.44117488370708
-36.38635369142800
-41.68933405409959
-37.08457261836553
-35.55439586318551
-31.16976701498268
-30.63427808718394
-25.06592679914908
-20.09803989321592
-26.71908877233834
-20.64330731116253
-19.93128714302373
1.96466029284063
17.74430106598950
7.77665124600575
9.76636920555461
-0.05425030874152
16.11020125282194
9.78756389427882
3.27695352573062
1.73743641519026
1.53385583546265
-4.14081239004179
-2.70868773672411
-6.89402333030298
-11.29963045244404
-12.01981639875698
-6.51228007962025
-7.55434488718432
-9.77310067727757
-12.83475085688660
-8.70191239649631
-8.34485341037307
-11.83571444842317
-14.03172949781558
-10.11583705272748
-7.15890945180250
-3.76641463241286
-5.93733028951898
-7.23571008328527
-7.62490241956837
-5.17540410083267
1.40481160467288
3.59867358554874
5.08789097610065
7.92104910822725
5.64282245546674
10.00357232988831
10.20062450150248
11.51984473253923
3.43709888541213
2.38289931117714
6.19701076486954
14.67579986474766
18.21492025330829
19.89467771998343
20.85314885602573
21.52435924532190
22.80506022471173
20.71345277668649
19.94466511573383
28.28653392198439
21.60273652009029
19.81786457121487
19.31375191548268
24.05336683217079
24.27840776845500
24.73519452668363
21.65687090327695
15.17642748435842
20.32054725405821
20.54976746105348
13.06825144637885
16.48749644209073
16.82907085168272
17.98227180230500
19.14010746712444
23.35968632848496
18.88775586540316
21.57954301524008
21.16732172435974
18.69843946044754
-6.58960890489059
-12.91789277029129
-15.65555859919795
-13.94905912431866
-8.42932988922753
-15.67273240908928
-18.02282124951949
-19.08166145337916
-18.35339235858078
-15.11964267306773
-11.65327323911793
-22.05782049183064
-15.53376701110896
-15.84935187331596
-13.99288030735105
-11.41156128168695
-6.48446714386384
2.17633316063040
4.15246081099220
6.66166099963925
7.33281542156306
3.88712243029027
7.85048762159311
9.05276946909839
6.89495387010938
7.77638912044457
3.67211566465215
1.00498672514504
2.75398809523570
-1.06661580103989
-3.44815480678075
-2.65921876690842
-1.36852605910398
-2.12534314753393
-0.83341395066236
-1.21499760690961
-4.23654393219546
-2.11818020918996
-2.69039539748429
1.96617249668483
1.04358519142528
-0.24952114949593
-3.62203490131126
-3.45410509304460
-0.74430724327150
-7.20415239651674
-3.67198451619612
0.62006461544591
-6.35819116464965
-2.40350758003359
-7.01994741751268
-7.14067482066865
-0.26955803902114
-1.94153860384370
-3.35817311599003
-0.26006562014992
0.27600030343748
0.25627986320354
0.50500449470725
4.64258768847125
2.81769914445042
0.52478071525523
0.94240369055979
-0.75190666141767
-0.84949259982931
0.79603306975899
4.34105516827977
10.61522930338275
10.53250272647999
10.04012582310416
11.78120286357733
11.48619079312032
9.93432741917086
6.17486859301467
9.63475149624473
8.78632329316993
11.12425527156200
11.17162241456627
2.69353888657113
4.58127999420065
8.21090300554011
-8.62410166238095
-7.57105310392481
-10.32781853691968
-11.12628693441258
-13.24187734746591
-9.76316447391060
-7.95553350098759
-6.78545583596204
-2.06802461171469
0.42383806969585
0.72126956599040
-3.86389914597802
-1.42120902465083
-1.50299396633574
0.52159282319497
0.96892602818963
3.53000233375365
6.39648020515272
4.33903330686607
-3.94048576121044
-0.41810114648518
-2.02694627181807
0.92529324338614
2.54692187956802
1.82738709395344
5.39450858950721
7.44128409686852
3.59770843811402
2.50419212549377
-1.62174606368158
1.22212950060358
0.58063031699734
5.61172044415218
7.35472974723766
9.84464319604290
12.63190405837359
15.35441273706876
12.48453924245062
14.00713376948401
10.07410349781888
15.32205839099798
15.00039367490925
9.71168327798860
13.13433056128381
15.61891457903820
15.96143362725803
18.45979386352001
16.71847410833965
18.66933393690714
16.91870254220584
18.61351474929692
19.39455300167729
14.96127724073521
14.80824291256977
15.37421353379109
17.86062817889375
9.40011240034592
10.33182627243983
13.20367539160721
12.04627605390848
7.08433448346081
5.41645078793020
-0.63074619163468
-4.17934892542128
-14.71421609712811
-12.12668270894169
-9.95581278348734
-11.11677578728277
-10.29212920965115
-12.84802973393415
-17.50560176540603
-14.59858590551743
-11.82913150692277
-7.22713386073135
-9.87674754950018
-5.70191474616740
-2.24537377811664
-3.95308586454523
-2.90688088277432
-2.68999210961197
-1.24089423392865
-0.35032415115268
0.76991197854677
1.82262340023806
0.90820772207456
-17.46999642638649
-9.71888992722424
-10.08542659384264
-4.93037388478052
-2.77878929965701
-6.25487597129651
-4.27557801314288
0.10045917552099
0.68448833919334
-26.70006444367480
-28.00189278190241
-21.18740905041495
-48.64734633300526
-41.26794167381006
-57.53416113547095
-55.38398738779495
-64.96625993924705
-62.80749956116769
-53.28830050552071
-49.43689493704433
-44.44430352690052
-54.27697918635140
-47.59435575532976
-48.49907171800105
-46.83171302831425
-37.52936899174980
-47.99624428244449
-40.74630662267590
-31.86613021396339
-24.39652748406139
-19.39188298564679
-19.08821782104701
-13.00571016235854
-22.21043199202460
-17.03504968267917
-10.98193696009668
-7.92608375785695
-4.70915136803756
-13.50596859681490
-8.92300832529131
-10.59800438483891
-16.34672816242483
-13.62075476080153
-9.72042510182926
-2.08694795325346
6.10464886171118
8.40523556929303
7.17434849030379
11.76656288653334
14.16149898152384
16.15798834229207
15.64250004517798
17.51225252863086
19.43117860845813
20.88295123906446
21.73790186005625
21.55323792421756
23.44051557997875
24.00180135261491
23.59744744892803
23.08475500703888
25.90069620228378
27.06230471367294
22.51289293570879
24.65365352356309
23.86155227431219
14.44367571539212
17.68881941182608
16.80651012506804
-3.21707495374572
-1.41297243781961
3.90945521070672
6.40944753012291
14.13571676328827
10.19952591854248
11.64196410696847
11.12905026578311
6.10698643338870
6.74236990268908
3.53124467821631
-20.71026221267869
-11.38120967801911
-9.19118826377786
-8.24191096986660
-6.27668231756486
-0.91327146798860
6.68647302319258
4.06753851236743
-4.16137153680726
-2.96467029741353
0.86057572606405
4.77402933787423
6.45566589815827
8.72157130297962
12.16580410251045
15.92023618682385
13.71499405692840
20.76206174692101
18.42505715489200
16.99599379839117
18.38735908800654
15.83801920732439
15.30489992617018
15.01646944453451
15.81444710874979
18.73009377527681
19.73426037857873
40.34530983026905
37.50298500920566
35.49006463833629
33.06560834168352
32.69995089824484
27.09520612208140
24.69231495429626
21.75281453888822
18.11374494100646
18.60964058253543
20.50727288341033
16.12307780107892
16.59776178068164
15.57310118766540
14.14237052168871
12.18907385440118
10.09214291775926
13.11245103793081
14.71447700703737
12.50923955225939
12.22417524606453
12.27991089280372
-2.96773826522718
1.30068337554810
2.82719252387900
2.48555696941686
24.98010640905097
24.26814256295869
24.39864915830194
21.40450682532981
22.59629838219373
20.42607563013218
20.16208529618538
19.19629518196057
19.08183735865284
17.45110055410840
19.00699204236611
19.05428919025347
14.56755386833988
18.41690151727786
17.44119438242001
17.39590742549036
15.96816668330474
17.79998247680516
16.01169949812006
17.82588507212833
19.15729844923448
17.82061576825137
21.14950432132144
41.92098863501582
39.75791167985232
63.53104040565196
60.93160752087744
54.67133695772263
49.60522972355501
48.07805736333578
70.55552719026028
63.36351033344386
79.57372754719444
73.25953269324337
68.05164193065207
90.36796982409581
106.54912259438153
122.91713100922621
128.81478186785156
119.30772952811716
129.37098330309954
142.00348829168840
126.71868481331353
116.54120955049271
101.24469883232591
107.07831180858537
115.69900872116860
104.05234889398947
95.78797279066117
87.87805623736413
83.24243150730854
77.10402408373820
94.38648861736601
88.12768116188893
83.25326025774977
81.76263298369896
96.43937389520988
67.79572364652785
63.68981439308270
59.74835693077390
56.75863596688255
78.64898267093157
75.13840079128636
67.11669860573676
37.49917508443563
58.68253811685246
37.70814734640656
58.12889906128427
53.84133421014712
66.55749182459886
64.96417868832113
82.18149019585708
69.92601385710716
80.22349284381357
93.53122027847064
77.11280636320811
85.99352665110175
99.48612463332945
91.95787172780230
78.25689097474672
100.19878135509082
85.82932456553706
79.36244879784455
81.12304449977373
99.89465187801888
110.55295379550648
118.90092453993617
132.38880780852969
140.61272258210099
123.23372502532233
128.78993666379560
120.17250440638209
87.41782748796525
103.07009307824018
112.07022304484329
127.77654056296139
139.66377214987077
130.32010614232303
124.64726593795432
114.61771607189749
124.29099494912820
111.60670421254417
94.90728442071858
91.15501273154378
88.40345017208431
107.43212854357270
101.38826643211391
88.40065591170234
102.65446466909916
98.35126705608825
92.81975002179695
113.99650138227250
104.37279957431592
97.44207389940786
88.92051263246249
97.78456614969420
113.91840061681268
129.41691224277017
134.89614935223037
139.24548510709715
121.80227013926319
108.63103465383912
123.90027518477083
135.43594513446965
148.01212902360959
158.38534322614066
147.81507935232210
164.32647691577785
151.76903136729612
162.20877901257876
148.63428855804744
139.44798195414427
155.26393504157895
165.84232565431049
176.45791375820411
158.46789006814669
167.73790271846156
151.76450857831446
161.53019119382984
145.63340711112846
158.19272255733182
170.23447615801993
179.47199797211218
185.82730417896414
186.15994770521834
197.51995835506494
179.79478663624960
191.23714231597472
174.19551328088318
182.62681003564603
162.85277303221645
149.15812429701268
156.92413296458886
165.95917523795902
155.61749725014289
139.95861415943776
127.42644418578689
136.84952925544985
151.25908634806368
160.33481167720336
142.56003746961909
158.08958897119894
144.29442664592261
155.81685911041464
139.61577031004254
122.38133184291999
111.62832534568298
128.92323374972358
124.03701175700489
112.01921466728325
103.27925841387925
95.46529343201715
112.51598104623599
109.48028559699490
101.46613727480663
117.58437334790790
133.10985427786039
126.30874215892813
115.22757800003063
129.44853759761884
141.42706562620828
153.65866390993227
142.57549249699736
151.19919717286015
162.10830757848237
172.80497798035304
181.38063686644162
185.71456322152613
190.05205673854428
198.27556862837196
177.56464610251604
184.18342732174193
196.88852938137012
199.32588497005264
204.35947368810156
211.73671021277252
217.38724898518561
219.24137267945625
220.88748071910933
201.38920586685279
185.94553416822791
166.90937487043630
172.82766335861368
185.10479746959652
194.42482210304470
203.30591158531865
186.32957675894437
192.20264333165139
175.13563801573883
183.69099162069926
190.92323970055389
201.65480146906393
185.27702567514658
166.92781858254227
131.65954710924206
143.59281012093956
158.35252500700955
166.97484544185050
174.68382225885051
179.06313863897859
190.28745412401250
199.11485447872207
204.89576411870496
210.51361901099907
211.69701625076308
213.79291042313872
215.69033671209505
221.29561823833225
226.90298329536785
228.66731069474659
232.77473273907097
235.54845685222500
239.86197625537704
238.87580749228334
240.35010690210618
242.42999862117222
244.88451562948072
227.24442895881418
222.75975148030219
219.85918503313840
226.91805742020563
223.93078351627912
203.24399072850431
208.50560456224682
191.06915129674817
172.86611919195710
179.17619118401899
