-10.00000000000000
-8.00000000000000
-5.30000000000000
-3.17000000000000
-3.05300000000000
-2.64770000000000
-1.18293000000000
-0.36463700000000
0.57182670000000
0.01464403000000
-0.58682037300000
-1.12813833570000
-1.91532450213000
-2.22379205191700
-3.10141284672530
-3.69127156205277
-4.12214440584749
-2.30992996526274
0.32106303126353
-0.01104327186282
-0.20993894467654
-0.88894505020889
-0.70005054518800
-0.53004549066920
-0.27704094160228
-0.54933684744205
-0.89440316269785
3.49503715357194
3.54553343821475
4.99098009439327
3.39188208495394
4.15269387645855
3.53742448881269
4.08368203993142
3.87531383593828
9.58778245234446
12.72900420711001
11.05610378639901
9.05049340775911
7.24544406698320
6.52089966028488
5.76880969425639
5.29192872483075
4.66273585234768
6.29646226711291
6.86681604040162
5.58013443636146
4.92212099272531
6.02990889345278
5.52691800410750
7.47422620369675
7.92680358332708
7.13412322499437
5.52071090249493
7.06863981224544
5.66177583102090
5.09559824791881
4.28603842312693
3.95743458081424
2.66169112273281
2.49552201045953
1.74596980941358
2.27137282847222
1.44423554562500
0.99981199106250
0.59983079195625
4.83984771276062
4.85586294148456
5.57027664733611
7.71324898260250
11.54192408434225
11.78773167590802
15.50895850831722
14.75806265748550
12.78225639173695
13.80403075256326
15.42362767730693
14.48126490957624
12.93313841861862
14.13982457675676
15.12584211908108
13.71325790717297
15.04193211645568
15.33773890481011
18.50396501432910
18.35356851289619
20.61821166160657
18.25639049544592
16.13075144590132
14.81767630131119
15.53590867118007
16.58231780406207
20.82408602365586
20.14167742129028
26.32750967916125
25.89475871124513
32.40528284012061
32.56475455610855
29.40827910049770
33.56745119044793
33.21070607140314
32.98963546426283
36.59067191783654
43.63160472605289
49.86844425344761
54.38159982810285
62.94343984529257
64.04909586076332
57.54418627468699
52.38976764721829
51.55079088249646
54.29571179424682
54.66614061482214
52.69952655333993
65.52957389800594
67.67661650820534
73.90895485738480
70.21805937164632
94.59625343448170
86.33662809103353
78.60296528193018
71.24266875373716
65.21840187836344
61.39656169052710
61.05690552147439
55.55121496932696
51.89609347239426
48.70648412515484
56.13583571263935
74.12225214137541
74.31002692723787
82.57902423451409
117.52112181106268
132.66900962995641
129.50210866696077
121.75189780026470
112.07670802023823
102.06903721821440
92.66213349639297
84.49592014675366
76.14632813207830
70.03169531887046
66.12852578698342
62.71567320828508
56.34410588745657
58.40969529871091
64.06872576883983
90.26185319195585
115.33566787276027
116.40210108548425
117.76189097693583
120.88570187924226
120.89713169131804
138.80741852218625
138.32667666996764
133.19400900297089
135.87460810267379
153.58714729240643
150.42843256316579
159.68558930684921
165.61703037616431
164.05532733854787
163.04979460469309
159.44481514422378
155.50033362980142
158.45030026682127
158.80527024013915
152.32474321612526
153.09226889451273
181.48304200506146
178.53473780455531
177.58126402409980
180.32313762168982
212.29082385952086
