-106.08522699776964
-107.23158314615050
-113.20503346956811
-125.81163983658564
-147.30786887334091
-144.67692223234982
-141.03704201812107
-172.75048017297269
-214.52092457214783
-250.59250071940866
-240.71679290158011
-230.69548984614576
-220.23619258325851
-206.38868798382921
-198.07833795988034
-194.14592207333891
-186.98426016300641
-178.73839746157171
-164.87549286143380
-177.30166711737363
-178.58405218492101
-176.99653881128060
-171.78812476369728
-160.42861246153646
-157.56084146495976
-176.99872799699708
-163.95814031671512
-157.06852065408481
-175.92655414606031
-174.61773901146654
-194.59042676247816
-225.27173258417611
-230.93858128701484
-255.24820993651201
-268.72044930960635
-308.11767613121464
-332.70114743709547
-345.59946945070993
-318.53883684160752
-302.61457199361587
-312.06903861127785
-296.57312023009615
-274.96469123796902
-252.06964310759872
-247.73165834701524
-247.42714028252203
-249.21377270687182
-240.56988748956675
-231.82278014148457
-222.29228150376557
-225.66229679959807
-212.51235925412306
-194.10894344273242
-177.62208053146739
-164.98909836844589
-164.68436656315106
-152.70147665413640
-148.18395409109465
-152.08225489752147
-156.92590209985832
-158.07714521297035
-151.90813979601626
-142.59989488529342
-135.25508912563546
-135.05318847662193
-140.36557600479338
-140.33638058948929
-146.64429663056680
-134.09818062953505
-143.24649184598388
-160.53561489121967
-157.31317675237540
-158.77739919555356
-149.71216678902334
-157.41072233608725
-160.34572312955544
-155.48416468082598
-152.63053904518583
-155.45235562635361
-138.65422952357304
-141.77309251649729
-135.25426016862036
-118.64171193193619
-161.01983375467705
-183.46181903295511
-203.80925904598024
-238.84731217294825
-221.67186024101417
-216.87196929910493
-228.13552934535937
-239.81736550377278
-213.79308008278946
-221.78687388117055
-224.07366602782858
-203.39134117695048
-216.40953072282295
-206.75729236700190
-219.07241247708330
-218.91178461366940
-226.50492477606190
-223.59846635950112
-227.95937198656890
-227.24090296792431
-238.50544851332927
-236.87902053287820
-245.35654001847593
-248.14321403747260
-241.45726173517650
-251.71682667774166
-254.59556323068912
-259.63616511045825
-263.25377803428000
-262.50662604852340
-279.37998310704586
-287.97519972709580
-285.40638212818811
-284.18773241905063
-292.12623567565481
-275.83699607824883
-254.86050828747187
-244.07613077568305
-242.76021264823626
-229.31709010035502
-235.65806746303318
-235.97922520650300
-225.44657464007682
-236.66163307419757
-222.15773364976101
-216.32637923258807
-216.91656912477254
-203.87571951375858
-188.87040424181058
-182.82037070979030
-182.60198278913307
-188.78572632706977
-191.47782512841721
-183.42028877215122
-185.52252424913195
-193.35539114394018
-198.41146426824872
-204.87396358390728
-205.52922342704676
-228.35474453445823
-201.67879254230155
-195.04886050546060
-198.34013210868284
-182.11646426854887
-190.79590518507612
-182.87169440636245
-186.00071639348462
-178.90074695171768
-166.65034465455327
-175.80470340020298
-190.12379155535353
-183.11438523121168
-169.41675326986578
-163.51329152003740
-173.78400028444170
-160.14233297212178
-140.50998994403008
-151.59950164989255
-158.02068822512695
-171.84729223522453
-160.39852743512390
-147.86043511624828
-161.00123879183960
-169.62856722945813
-156.24423859470539
-163.63587056286576
-167.69988191362739
-170.98852869751596
-177.86190798825328
-171.85671271226744
-180.87328450659680
-189.85327374049768
-202.02271192489781
-203.20909696253497
-200.84029914179675
-203.56305101876299
-178.36606494118834
-167.21145010265369
-153.00173422678640
-142.42237683604722
-136.54860843635274
-144.08525906131473
-140.20708979528982
-133.44355085693007
-135.11221233292045
-136.65207305540756
-139.03171491268631
-152.56522458130081
-155.77299689042547
-209.34924507735730
-243.58562479398677
-236.59543050873239
-219.33253501662207
-219.40668119333731
-218.95114778993189
-210.60821815704540
-209.97093913097186
-215.89991868757321
-205.20628814602262
-200.12425831334482
-202.70681667959764
-201.88476607865687
-203.44719678281399
-240.26381458388749
-257.26574380549795
-264.35501538044213
-263.87423889719770
-280.14815561698902
-301.94667786445558
-303.35358939688820
-307.56378115584721
-290.03659498725040
-267.74753887944775
-278.43800858746658
-256.04437012857306
-278.44135965681346
-256.06419877126990
-239.60311521394175
-262.07733994022050
-281.61134262300362
-297.76613978829232
-320.76363987688126
-325.87059134528965
-300.22199553307473
-274.90231137887395
-294.40718551129498
-279.36041377294936
-286.20495508641022
-262.10881082618994
-282.04021910837758
-264.81533518592340
-287.56600232787656
-269.26897193634909
-242.81518801874344
-221.36596619174804
-232.67045399257864
-236.74510126670697
-219.34277214615497
-229.87808059910526
-242.96631905302493
-263.15873807201859
-259.25176097515993
-269.21706507574675
-255.58398776147726
-265.95983562477193
-284.80292321668236
-284.21474153998912
-271.83308820875550
-249.39058966809816
-273.41532692324131
-286.00062319427855
-290.91863998149972
-271.79990651788916
-282.02464824206771
-263.21265078840736
-260.87609075684838
-277.22910875778661
-272.61471845805380
-269.24229626002995
-248.31741142361841
-274.50078464555713
-250.04497004347778
-254.51292930299414
-229.30650302489425
-231.95443659937553
-211.35358662291239
-240.03213663329814
-261.14614313449476
-236.66419807243852
-233.84096562600257
-211.59107217926393
-235.45491575178940
-251.24586873839513
-278.36472605672731
-290.97831632446116
-307.90762120221927
-328.14902605122239
-333.89381245220835
-328.17354957583592
-331.49206375643598
-301.21985686712060
-323.38440805742039
-342.62791962355851
-368.41538423614520
-331.32138712872040
-316.35617470718199
-310.20884982884178
-343.48075155104857
-358.97530723978662
-378.08865165965847
-363.82720655216588
-331.25208212491054
-354.30756699519048
-367.04453823918936
-333.08485730254745
-350.48049826394970
-319.86263731211704
-320.31942325892004
-300.57208003774969
-269.99005775255631
-247.26603740996023
-269.78305254703469
-290.85175013415818
-295.30843795815252
-281.59654272146781
-264.69014843449770
-250.84705751482758
-260.98083687794826
-288.88532232899144
-304.47615361476363
-280.18779088983769
-283.31904054745507
-310.96547917263365
-291.48407514613774
-275.04834818370438
-285.17282212287370
-263.02951762308101
-238.83642946842866
-253.46910307179587
-276.40810453984028
-275.55244717659480
-317.86284971416052
-304.32859716974758
-335.76791955876342
-329.11748581508084
-321.57515999611996
-314.23919189051298
-303.62435235566045
-315.77006865352223
-334.97977823418512
-371.99968592849910
-398.30959683252786
-390.34399969727275
-389.41422011180850
-366.25459324105196
-370.04766538577258
-395.55508024812741
-411.49652549982517
-406.14206692014517
-428.41007484026142
-445.71835714328796
-417.08605686433680
-434.20363874479705
-452.27632028216021
-465.30581321841657
-467.86858687318613
-473.58923805181809
-466.94617050620843
-450.50444826148953
-472.23018751135362
-487.56796525168511
-444.76400969549110
-466.00609100215377
-435.29198657717598
-438.65805744153431
-424.32383165553790
-448.08646611514996
-425.49696184222762
-388.82841185303943
-365.11646294963003
-346.25547258868676
-308.92563483418996
-309.58171866143334
-338.43859972659158
-328.55845184461180
-305.48410840129367
-277.75861285459405
-316.69756727268674
-355.38764778988553
-341.34938592540254
-374.41047517313348
-349.63976349535017
-332.29107346205154
-309.24094261698008
-283.66003846487820
-302.49019605747674
-276.97351522481790
-284.63203974480371
-266.97495324341412
-289.60915726758498
-308.50053485992817
-304.02033992644351
-279.86482038552532
-256.30094154340594
-236.50315929121260
-247.89024447122574
-229.94686534213241
-207.67339540331514
-186.88560377235342
-172.25149889821307
-158.07581259422966
-150.62367356968784
-138.06048754272581
-130.89126628619354
-120.37898727997924
-127.13186052430891
-118.29180231280324
-112.34782844481651
-106.89368588470722
-102.95990620016680
-114.04171753762719
-102.71328958777229
-94.15827627363959
-88.81092457831909
-86.09268319298093
-83.96832974006713
-88.05298823423323
-80.72191412000657
-79.19056859909334
-102.55597549220226
-94.05994810180448
-89.22065104940729
-79.33430939928344
-70.62463136057535
-91.25448171945780
-86.45593592584768
-84.01120490963855
-75.35470831221640
-66.92431074721019
-69.11012215556829
-69.90310416962204
-63.97990990798815
-56.91475307894428
-62.05855919878802
-65.25663037940127
-84.98351087531920
-99.65865972681519
-91.66663286387640
-102.05965546523527
-106.45015058772975
-117.93805114060393
-145.19999145779551
-165.98715498487891
-169.03926420394853
-181.77388121971885
-188.79281811153876
-182.58914570030237
-180.67725917679437
-184.76830030684741
-197.89530050173317
-192.36612927336151
-174.03121817630438
-163.45029218789577
-163.23055583576161
-147.25365760908878
-137.93632530158641
-121.08759968498060
-113.32855690998011
-106.56000356724446
-96.02047552274961
-85.06544338228314
-84.06630926724557
-76.12661862386028
-74.26042093661397
-74.83568322193086
-75.99555104833624
-67.60181283775073
-65.60015403096993
-58.98321606951191
-52.59681098168128
-46.30386448634798
-41.03839020335629
-35.40541458672657
-41.64416814022746
-37.85758372422192
-50.86575054828585
-59.18360933465114
-67.44457441878728
-67.09332744416535
-67.74366961455040
-87.47478901969504
-99.05899401690745
-110.03238235322070
-109.51245050837025
-112.59601854919519
-115.82112064679700
-121.48737382988453
-128.30078770844020
-141.17521980732599
-142.01455078991432
-148.96190482980563
-176.42776105869899
-186.41115516241163
-197.02417920347088
-193.45729823157532
-207.69215235938620
-219.79025081452204
-224.81655430213058
-240.21782477016166
-255.79379936003798
-267.10233868706086
-279.19991433212391
-287.68478195840601
-287.61891233215999
-273.93852813660038
-258.95241316265390
-235.99806424562777
-217.03893844881802
-233.36304134466039
-212.81499273463007
-191.51809324250294
-178.23606306872404
-159.77396113586337
-141.74377521229690
-129.98964685119591
-115.51720974788425
-101.57924484394920
-88.35481172619747
-77.32531048539202
-71.23984282340277
-69.26218196681147
-60.19286408726790
-58.50269625613283
-54.68382869916297
-54.97290604669940
-54.13392472908224
-50.81702825480517
-51.04543353440466
-49.75331316047254
-44.04790660248822
-42.64204084638918
-40.01385683629884
-37.25706772124522
-38.37616095560191
-31.82902927298771
-27.28359305942704
-29.52487961434634
-31.27786923312933
-30.62791443163730
-27.53482061352746
-27.33928022426579
-24.01098470939500
-16.97157988967383
-14.32486082910618
-12.07670458672475
-13.34278471314160
-5.54131612752765
2.64258902232524
-0.30197892023843
-1.64972209768532
-3.27635479282527
16.94799263307710
13.88985729899371
5.97073649480258
2.07968707003849
3.66187417047768
3.17498109984126
0.14784223747488
-7.29028199116971
-13.07856924203071
-13.50527686122957
-20.08649205807453
-16.54637264035836
-14.03186623510293
-11.85159114974667
-18.55389241071084
-23.84130697907565
-21.06264066241334
-24.57064060395447
-28.09946683557025
-28.82358780636683
-29.17101807053675
-34.90633993026310
-31.20529685088842
-44.62613977953512
-48.80894173176093
-54.57670260683381
-51.43278776536754
-54.74533443835686
-69.03934398901811
-74.88557661386602
-79.02478075955747
-68.85269287921911
-82.04899414708494
-70.03467655780766
-79.55138997291523
-80.79378560997813
-71.37738539007847
-64.58019864381976
-68.36263767721977
-59.12764968692556
-63.29556073988978
-54.88701170191256
-46.28439452181497
-41.60312848551943
-29.58982176163671
-23.57885145352197
-21.50498396534400
-14.12845414214372
-10.25551530112592
-8.92341114077061
-9.52732518925357
-5.74334349844240
-2.55093623116595
-5.08632818184501
-18.42869061649914
-25.12438062103458
-30.41142710057054
-7.29337625711470
-19.70859748474460
-28.04543244645923
-45.44159495045142
-48.42124111989838
-54.50203924638664
-65.07073518664930
-75.19239905575583
-82.47171106891861
-91.39805192525326
-97.49854184775393
-103.97020488196274
-110.92328379328052
-118.62855477056911
-101.75687678883205
-69.39028797038291
-92.23429493948296
-90.78590332867205
-92.26886128201741
-106.92429961534137
-106.82112931819276
-112.87579486568372
-79.74097781569539
-93.46724907397211
-117.30317332241907
-130.18577262583310
-131.28296480316567
-141.62035813704165
-136.95469208464175
-148.49969102929964
-151.20434941747826
-155.09571847190551
-148.35278753698628
-158.85364993873836
-164.95439783085430
-162.57081531102307
-172.54068539714223
-170.59675999656633
-173.00483484131158
-170.59397336545416
-164.06378995593462
-155.62511453765484
-155.41661555829862
-156.53064149903241
-156.51455662933841
-155.36976497389227
-146.75787359214155
-145.16283312384920
-128.11562927918794
-125.41202093859728
-109.95476015993519
-106.81253497727977
-103.43870084566481
-88.47206727898873
-75.40917920128079
-89.06806845193036
-76.43239091780704
-79.68608816919460
-69.72855746776860
-66.04245387854455
-76.73578527939250
-74.71500186264075
-80.10039103640368
-84.23879578306634
-71.93481061554438
-60.44114227380697
-53.62945047286841
-48.27967688826184
-44.84216356325438
-34.03837912870100
-40.79962840721998
-34.09304001614528
-28.55575502753198
-10.17972693573234
-4.47167566142317
-6.51581632922663
-14.18181488138774
-27.23955370297250
-27.04552134614914
-23.58221286583437
-26.19832589350508
-34.81195013094009
-48.12914482148956
-57.82606733499214
-50.99033488997255
-62.61050980801076
-56.49037912647464
-73.89741594327934
-79.19993269992769
-70.33143268177902
-80.47356804064404
-89.20405662725936
-81.77523728921527
-89.50704510425854
-101.17758191297132
-97.11536426709375
-97.96981404981278
-97.19066790728297
-103.77506564536446
-101.32648211302391
-102.49777523030798
-103.85814319589247
-75.04706692511637
-45.21426271634026
-39.54165644158650
-11.65004196643972
-26.05180039329916
-1.72112741574893
-17.57184107135289
-12.47297511239791
-9.18379041966779
-23.49003573149241
-17.76572730787417
-23.19861115563892
-19.22023515028913
-35.41538081636668
-46.32765088354098
-50.55841729551476
-27.06147855360298
-22.95784688285660
-28.57554345364719
-40.92572356781485
-17.02537371290683
-27.82669290617301
-30.35830620072382
-29.02174978677030
-41.84242105997499
-15.35736690328805
-32.81633271957837
-40.20774835319104
-46.35605305293502
-55.51273348527722
-26.84359673828867
-41.30654923928007
-34.93118243302408
-18.86530324799766
-16.15314437919937
-11.24814281895610
-7.42145288953340
-14.92772779227491
11.27608319347072
7.01705107475204
27.60191042434541
10.91453856130671
26.30529706231998
43.71032845152067
34.49538347859111
23.99257047496045
13.20641217379927
2.34847961328728
-8.52854972967301
9.38902716723989
6.05111614693356
-5.04774995710295
-7.66875704243675
-1.18967353397404
-19.92243849412745
-28.66707364982601
-1.38045467198534
22.05598663883827
18.67498691458737
25.31486280820673
6.73036534799754
27.15982283365988
26.50846277483771
44.20991217385382
63.49111933527950
46.53688548644475
29.84440215692123
45.02968435435371
62.53010525572729
48.52287548675731
63.78745638996225
69.22080457589801
79.37295272408099
56.41536296237614
33.76404853651907
14.81658906967941
6.63764018307154
-9.33498025277332
-18.17853541767543
-27.09131623263129
-28.33276787457975
-35.06035968204260
-14.87203490186029
-22.98875991483410
-36.40966482443571
-47.02914497058906
-59.71027149759256
-66.34903509164796
-72.94288516741292
-85.69043414900918
-90.12125714295478
-99.48017459613362
-91.43480690632829
-109.02801904471768
-110.09526854631140
-104.31358022122015
-108.86203427172055
-104.52971685106205
-100.95916989259361
-105.47263192180084
-106.85050336658728
-96.77956101000768
-99.00095007156878
-80.84722959808066
-83.07032698098294
-82.13275356660286
-74.02365918294726
-74.79650066147964
-73.80016472278558
-76.07611362083244
-72.51935680758389
-73.33310024152476
-92.04917993075743
-95.27415229029459
-99.47253246762284
-103.72291253058061
-100.14251573152994
-103.13513050802324
-101.81362195140809
-100.04271656323611
-96.66865898943058
-95.67318181692463
-98.84803443664501
-94.02592407105959
-98.78410011949295
-101.04136187911624
-98.00053643160531
-94.97948098118501
-96.56177559041220
-100.29162806510168
-96.41556388753538
-95.60872766766207
-85.26138519192349
-77.51746206125100
-73.60565658319955
-65.48465579982201
-65.26296893779994
-34.53322670007195
-30.30197701221782
-25.46581342268698
-25.48806243023569
-26.14194527690276
-25.88882222140924
-25.52113313838047
-25.64890131871150
-18.31396444453132
-20.60406577758592
-21.22255471605905
-0.29540810682142
-1.89047888437764
-7.35697524383536
14.23404241282344
11.64534446153671
8.77726675921274
11.67064111346951
6.75827646891347
1.34005776739332
-0.60933284037403
-2.89008457188626
-5.60934098366918
-6.73078929581994
11.32606962005562
31.73535041330346
25.50049075805443
16.82680084623795
17.18858564973690
38.44673800279871
29.34696090587997
28.76875700080253
23.05475951387616
23.78540221625219
23.41309627810947
13.90899787408991
13.29989658005281
14.15318858835900
5.89863986098851
1.05177840731696
-2.76944633961053
-5.43927699061315
-6.63190053061319
-14.22424458235587
4.40935490637406
1.47306700774230
0.13415585100732
-5.62500231850078
-7.27319707583776
-14.86043056373060
-21.03112452894097
-12.65237045633412
-15.98701328325441
-12.76352118342467
-16.22641174390226
-23.86518451252303
-32.49907462730535
-38.79723852403866
-38.00846377966522
-42.76788323861864
-45.56595377321214
-44.26297466190078
-55.54460651624537
-30.25344021758078
-14.48237904993964
-23.87102969004444
-30.23981976882547
-30.52259192711133
-7.01469671717643
-27.40320484201117
-26.88120223833998
-34.50105744239464
-43.68612734670062
-62.10696635805463
-65.74580935524909
-66.82505252442591
-72.61375055565813
-70.27865549080569
-69.22629420194454
-76.37896120673916
-76.74306435079906
-74.94408325995286
-86.80747507954676
-86.69039787077315
-86.95697340548220
-78.72653785328325
-76.18393475394203
-77.77839759937905
-73.75927089542560
-72.40357319184733
-74.30576998208068
-78.26437710879057
-77.16238238008884
-74.37924497323121
-77.00236371949455
-81.29573355544011
-53.95845867181896
-56.06161095287619
-59.04861695949192
-61.56815469266446
-37.34306768393969
-37.76949018340338
-41.02808478175000
-19.52926917281893
-15.57533230438851
-15.64562176444153
-16.19833636249077
-20.23160681763003
-21.43654033609152
-1.31298012966880
-19.18847123765993
6.57767613412573
21.11344194862101
9.52992567047968
19.25588830572278
41.28265111661462
25.84931930199475
48.70467054801086
36.83746549680262
19.62412670588573
33.01609091096388
26.96431878941308
19.95565475525750
18.30280970172975
13.69970599863139
11.90644307962379
7.12778525908945
20.79412347799770
29.11481039419770
47.98652253478500
41.65776024235375
55.89680205250147
71.84928179285920
83.15798558528994
65.36964399661841
83.35704552924476
55.44034831552291
48.18461218208865
23.81504452271382
43.91589450998489
60.57863548638217
71.43188762778138
82.48492522570389
100.74960521592894
92.10137200930257
81.44113047238777
58.65535322446225
70.55840958135366
74.70500700572302
60.46330884967390
47.80415459058469
64.90817857770514
74.03383436098416
82.04501631833166
74.36192141764339
82.32941722463947
56.71332177186299
31.96527512164648
55.44513219985963
38.24752914680758
35.70865088288978
57.64730745760554
51.01216680424529
43.03391569810042
41.15142486850614
40.05251973974942
32.43384861898518
26.83188316043523
31.82967716242365
28.73875877114278
22.14790355273632
22.24920567055660
13.71606212979541
13.40308448791324
16.54114697402774
12.66717700378242
16.04659139528556
14.61424340839158
33.57250175982469
22.79178181888443
16.70719436851035
17.86207554017498
11.21780875189252
2.33681923027445
0.33571217606061
0.18290363888557
0.69853465616382
1.85874394928530
0.65727744690701
-6.45650254614084
-4.15199271608595
-5.91103975279322
-4.70038412623544
-4.18821624499888
-9.01183497565837
-6.71450844103487
-12.48265713168205
7.01427241483632
3.15904427081215
4.74636955314284
3.00919324786612
4.73881165772232
-11.56796849175440
-11.36172205119295
-7.56567772629132
-6.10898995559236
-2.80690417458465
3.68277408527876
3.04701326545738
6.29051797300778
27.34518795963796
26.44887155955254
20.45639261462551
15.19381817913353
35.75646127837517
31.44954661478914
27.76764574074520
24.92097107375704
22.56592076469413
22.86627099454580
21.04794870939967
28.52693689819041
27.26761841569361
22.74702485043037
24.29605019036247
44.83747022358675
42.41052768019478
56.26178301003127
62.02613828606290
74.15534864848760
69.38228492716399
36.18692298663014
31.64920183243045
29.32399518771233
45.90849139554247
61.20568776853167
68.65138050191592
49.64282221954990
42.77009737772057
31.04691948975113
32.96672942568524
49.67169566349735
63.81660930722005
74.83998463937212
72.55181816926131
80.13391562780510
77.12805272226095
77.61191219810469
73.03610698442897
67.32437198675056
66.38682663156703
62.40057817912611
72.36557992182848
85.62222946978899
79.37943157696887
67.74370227692445
59.45089287736001
58.38802360501800
47.10139530829150
39.07347708958660
38.96162670169960
37.25046021741496
29.88754453495827
25.54808621840329
23.66856277673617
20.29901372638204
19.41803483554838
21.32030369704978
21.59849951556557
21.09249990938491
20.89342541618323
20.84409861346428
9.08083613323452
10.38161213356879
9.83581419172077
-4.67561298214702
-1.83721011874978
16.02883190673952
18.50084586454972
16.69082278173082
10.07537240052529
-13.98755095113955
1.97286066903528
21.55893044010933
35.93351268317853
22.15881124330943
3.35628413029424
27.99976934522464
14.25150715415918
-30.47058948671614
-11.84138459869523
-9.86703469880220
-19.85879844606528
-19.23638682648528
-3.15245989796783
-0.03837988423372
-22.59376335397980
-32.53202608128027
-59.03706403697157
-33.52990454467862
-13.83151395731253
-36.05175761701003
-30.99532239047275
-27.38580458585454
-3.26891754304501
-1.91079893444632
-35.37308972117166
-30.62566878852690
-0.39962800287845
0.67224325678765
-36.79311634765296
-35.02809201319150
-28.42563267255452
-3.87119885306319
4.42510372098534
26.90416139123481
25.66637332990149
41.36601423401588
31.02630875932968
52.99158167574921
49.65065378471382
43.71728110800156
47.30856973914861
40.86088924904846
38.70662827308057
41.21052579644019
52.47581573131031
51.34036228858110
35.33738966775179
30.61255217020727
28.39646758887737
37.07045059609020
31.44506400889945
21.05484797082113
20.37122015068583
21.58136938144756
20.19302598866534
19.53994760262189
18.32525266230951
13.44598777191754
-0.91967550570513
2.17411684173473
-1.39311814891519
-3.07650421979263
2.98181122448370
4.16037018702670
0.07095826511478
-1.74795989737197
-1.50732711791179
-15.13630122653514
13.34644509651125
-5.44466043244153
-21.97074112814038
-19.90461630064348
11.71024345639220
37.75225297159184
61.02813810274074
55.41256078467637
30.67356258244137
30.49659311816858
32.51292184765110
33.91416244456158
30.22857184131379
52.93683136715491
75.74419466165813
62.59589708531612
84.09448905526791
73.51569204093741
46.42786482844870
70.97595305136713
62.32016892703088
34.42131975052141
1.52328968654478
27.61565707951416
5.95250996625609
-22.87061368286981
2.77374066912402
0.69557251092937
-35.81655534357767
-52.39346742245651
-69.28521951400060
-64.81069659779104
-69.54926227720955
-65.67516426124092
-65.68984801726506
-60.06027052648597
-24.83431121235376
-25.96984831859749
4.48473030060907
7.32321567667693
21.24593353712748
46.03968771941246
45.06990363561547
66.51892778169724
88.13950173002382
103.19670023413616
96.22434405477216
79.31383945264342
93.61399160094970
111.59832827804298
123.90846343024562
137.94452864241779
150.88820229963056
160.79817554822270
146.57239890797740
154.63825326647498
163.04869633391831
147.89040212926321
160.32126448598012
141.18400222986199
151.76099992047654
121.15152643487237
138.63044582777405
109.16306694512386
100.35712810852526
72.44146093894385
86.15717598599598
108.33343961791573
124.67570090801907
134.70968972393945
147.18772949316238
135.87018783195097
144.72409880397547
132.97773502039544
145.99143415404373
157.14901003808083
163.06396322157707
175.45624932212016
181.77926832041015
169.22423843419540
150.07265978204714
160.83944108792815
143.38078160694016
129.11929963799440
141.81893807499569
131.01876117032785
147.15473823609312
159.23100708243516
167.42787103707829
123.23284050818228
111.70967656367168
86.06185197345064
49.77001909896086
5.12422189640852
26.23511932112491
51.32224233310241
68.85780272016231
35.39431256911796
56.62713163913662
77.47544505248162
98.59619195311853
30.13487861132367
48.59785317487039
13.13050559762715
9.05382187281231
-36.23368478721950
-69.09140329193201
-35.42053069299652
-42.61520544423355
-91.32496075501405
-81.99929874336290
-129.49865014997519
-89.29302680226570
-90.19983911925453
-60.20102925743163
-84.67551367970620
-77.91520028090343
-99.29375505707200
-150.77961181731553
-150.03437158199327
-107.90424217721900
-79.74849617628203
-88.58377359269110
-128.60319761785621
-128.04485875486961
-135.06155272435285
-184.62713167097033
-245.29894474050971
-221.82013008609624
-248.07405906042561
-289.12164844168569
-240.77821878262728
-191.54821856631207
-235.84347535638449
-225.25453483877484
-266.56285514789965
-294.02581733640585
-266.82287184247434
-266.27270085755578
-212.68193923377612
-241.87244611504798
-238.55821366687434
-230.06437060772186
-221.25721275155092
-254.51758049548613
-283.72395396822088
-279.71359720847329
-233.76100615406349
-251.55862889149324
-275.26833789832222
-225.52742737658338
-181.68025888373768
-176.21329924349081
-173.67149035367737
-196.93314079680786
-156.63524101794656
-112.70948491504028
-84.76358831941648
-115.21632136191229
-126.80727498558768
-141.30690785783531
-169.41583796569938
-135.78072952557443
-135.63939998357000
-133.54037747156337
-175.77745276465751
-212.12220991691780
-228.66945090049094
-186.80619462408700
-190.54375364735799
-184.12574453494588
-151.12696917859722
-158.84648602662941
-182.64730301374237
-195.54326836092224
-193.20599162581624
-199.36735668626500
-236.80527942437530
-195.31078298180773
-221.88284869048601
-181.31316166198985
-191.64335296999718
-194.27301375343805
-188.55256884330760
-220.71166546797105
-248.57690418496662
-208.04020883486297
-163.46993425971610
-167.05757498712529
-170.20606799391294
-153.98574405867726
-121.35835279042550
-91.62738066721784
-69.71569778142896
-84.50190386063427
-132.52761011099483
-154.72332516447756
-194.39949159405836
-217.65926452626169
-250.36075344509234
-237.61313458133907
-196.23501114182062
-153.82236358919263
-119.41268317985833
-109.77580076071412
-122.17426729933321
-172.15836969307048
-176.87218876338517
-170.38253636971490
-167.07171225634366
-183.09455401959013
-213.59743809987964
-217.45334167708131
-218.57069077962271
-238.75108837305598
-228.38035785066813
-272.43049888536348
-257.51862685880701
-259.30762929283259
-248.95200172585137
-201.62774249104538
-219.82906402982590
-214.68788124185701
-210.23138932489397
-202.39594908922550
-231.89223646457856
-226.49519052863664
-220.75277915355235
-217.49281557473512
-211.32421178785813
-200.88924579298742
-196.48473294155332
-188.38145208612661
-193.79603055375713
-150.97170114869641
-147.84944810176654
-142.06266639307972
-128.25190803284238
-166.00672960124780
-174.14605873481867
-138.08064894692359
-96.75515728249637
-64.00414287025977
-28.74757974569003
1.78194885365669
26.80080977666170
46.82080992490290
20.58901107517596
43.20667542701624
66.23210884501923
86.59713639283626
105.22617201609296
96.16908549214256
114.95705316479837
134.39904378607824
148.33792273801407
148.52907037209133
156.04013141602556
163.22215272473110
159.77935186192545
126.97553681130202
134.34915370998209
142.78322830441817
109.36393238286152
95.40285291419792
74.78057343650700
43.87333327234097
57.95011214804232
35.82258534777662
50.10374716630479
67.80787219902030
80.93797512371424
99.13752021138876
111.46167849903921
91.61117884485408
107.60250848427063
72.85020297676787
39.97883640576841
56.53205730736664
70.49299300763741
49.01262414440156
58.48443521382852
52.35776563904334
62.24481101513659
73.70698688084093
66.39102489403706
36.80072591726757
27.93916632426426
21.72866199170122
14.88115339673384
15.40991608472927
31.19488045838433
33.87453425272584
11.62339749188050
-12.42452881223758
-7.09266660468272
24.11995661916562
-3.40729302946394
23.77908508271637
-4.10932948092963
18.11180725314193
-6.07002943668784
-6.71857617527901
6.60145487412294
-17.43592477139431
-0.46532555834222
23.26651625196704
-16.42534790351902
9.54336134261099
-10.89444030136089
-33.41900006270556
-48.14617436271418
-72.20082772248368
-51.44694616377042
-52.81803652607466
-65.21036694362128
-62.05117767065467
-25.73238123981540
-49.90074373877196
-62.98972599278237
-72.67305737532257
-78.23637995958414
-46.52100474347038
-65.21995203381336
-34.79555001972646
-38.48400684803362
-41.70168395796225
-61.71549793538418
-52.29312271938964
-26.72273476757768
-31.71513008299348
-52.02026103303997
-21.86321456907955
3.89253191894689
30.17863200914781
-1.74723141475550
23.92696292457354
-4.81472569619826
-27.16319247336214
-49.29690193166219
-17.51732993378643
6.39412163761538
33.42300016472102
54.21304116989708
24.85228871795865
-5.57359080402496
-29.73725553519301
-2.74522476530741
24.63879640894173
41.31412401267956
18.46345371653126
36.66514884407574
53.76539934608839
76.99419608551472
90.00157038985535
112.22059905670433
120.90941448609621
66.88611794557568
84.09580603823403
42.05196133693666
63.36882431101947
81.12239101546052
98.46240607173054
65.31772287064975
36.89231135576036
28.43386058421106
45.30383407374838
63.54333403154226
50.89310127101172
21.95954365533927
6.54903144402928
18.12142919265261
40.90782556540756
27.74387046058975
46.61688591305960
29.06289047139646
16.77682237097656
11.25615465025234
3.06534112369195
25.41524876394604
46.57136977877110
40.10715095723238
27.21820170971476
41.45019624767372
58.90609947801725
36.67674141512830
45.19597916256092
66.25279464571850
60.07757561682218
77.43382011315603
96.00422410300540
113.98920907416539
128.66468829123002
143.74946223769183
155.76940973971710
166.81366770971061
170.22476200987290
180.15400922757408
159.85137795030593
165.61934832708894
175.90179516880693
181.99931458890481
184.11151030009941
193.84038819686225
205.03139715169266
184.83314585839500
182.92441656163157
181.93612917161934
165.27312191103607
144.95461885297422
156.00617919761208
124.54555386223194
110.94712517678323
128.44752125735212
116.00128621621295
131.99978369386102
118.31200953725171
126.84932534330440
130.99670347527362
119.05688951378514
128.25837970286739
116.77150025746533
130.46548361993871
118.09327923725822
120.63646337779397
104.73275955081274
90.80280713141700
104.42983431934135
109.68741975771364
118.44502873079725
120.85963997577461
125.87972529676581
135.06152914265360
144.96218137298504
120.81268121129041
135.28392641648796
120.13003909685453
108.69076802428138
119.53750301474578
135.72365423559665
141.24272521593980
122.96709166961881
112.20609632170900
101.72498025211871
114.24469306387826
100.97319966357863
84.82584676732841
80.66904570759036
96.22824579716655
85.95015574875707
107.02627383504147
110.42668036328648
117.68980282186237
131.78103262776986
119.12710962348476
108.48947929266711
121.39039653348875
133.68267023964822
138.98675698996306
143.30568042328883
147.72881671002594
123.77591604048064
110.78137791015074
120.79468607052920
127.64254585528069
109.59262210297938
96.00415772454556
85.10932315891428
103.48279914942836
91.13468313309907
63.02665008060561
42.43173676598105
62.52051521279627
79.75258731785911
59.82648639835558
68.94932038641548
56.01009417216649
66.76419802449313
52.15532324938800
30.77125285224239
42.96749707140474
57.57981824920202
46.43561777190248
27.36099141622840
44.91727657445789
33.23838495272474
43.14634593202820
16.36101763481505
7.58109403964006
1.84053761837904
-9.43530282679911
-10.19305598082598
6.05784786274027
22.54059110694863
39.40167599917176
32.67223206517661
22.73837769722865
11.65727973566967
3.83989412884624
24.44702734482351
8.43573259667661
23.01480318815850
1.84636622162358
24.71573366897064
17.45436976401098
36.96448858262097
29.94627716499112
16.34413097688594
39.83602016532075
53.33427045615858
42.26245781059028
32.97505620734336
28.63446143685862
24.53538803359175
40.90170746294125
35.70170120131698
5.47775530941679
18.25580629093598
33.96009010478036
21.43875063874690
44.67412620020968
23.96912345162495
37.58061548961930
54.34018481277563
42.39482637760167
31.72699138699654
28.48675528278249
23.79183996887139
41.62837726084084
34.17464050326029
29.11132766135096
52.73288452101637
42.37515415328507
35.94855580856953
36.51605018940667
32.35315354975307
24.31534468765745
20.97348094966499
44.34917861696042
40.00643260050555
36.16174576132198
28.82703852800068
20.66299998578041
19.10780310754662
14.67080769922257
33.48788352852246
48.43967218964264
62.14094233685886
56.94798903741293
57.31821826417196
48.84145130803342
41.58454554419787
61.71893873088734
44.93077360341517
40.37618977012622
57.15618497553461
53.69897818300683
33.66721482261422
23.40374379155945
38.90081905921807
52.06724867571383
44.41236734116836
38.57397760073449
32.95706620003180
30.37466851299231
44.06140789581458
38.77470105603555
33.48486544430933
31.28563085308177
22.46275780172393
45.48438726898749
32.24729807230553
49.47285663942407
25.62170498936904
17.47589857441641
33.49743733552650
29.52385660671832
49.12168239598262
45.25094833774035
66.88704273552682
79.47003771366568
89.13067183880426
82.55038158617592
74.10972076523791
94.84283208875186
85.12523056052777
76.02411312239707
67.73669485442774
89.57927190983995
97.38624003450590
87.94759291537696
79.64536331349733
93.58942676911744
102.54382202560588
89.87162357611078
108.83625084364211
121.13539387477752
129.66001071964854
141.40784060169261
152.87383777054072
139.51535092943405
151.09976133175041
137.58943833644810
122.02757718281758
95.31474094797517
104.57963287539781
90.81009241237251
104.81197894253681
96.01930040125136
55.24244732240416
77.00364780751875
72.64824894958886
41.79124365455614
58.75772692584574
40.69401697347031
36.74290624590906
30.76723704065710
51.47947082335528
66.95391445218627
74.50111049174775
83.55901882321344
97.53394958803733
90.39240251466840
98.90802823363204
89.40970631949423
69.05686407516555
84.80914278584955
100.50286235470071
117.32421270782778
135.65141467647268
113.87638583066757
101.41371694189729
85.98898089804554
102.00581055561905
115.94085814073441
126.20323098215833
106.76199040827257
68.13674590725478
44.62614804516273
24.97318638339027
7.31396332847663
6.21917192716747
8.30897941149754
35.28022222042817
8.34605538804642
33.63722519350155
13.85247486196249
-10.67333135740535
-6.68010517121628
-20.00961145088142
-37.83247652240635
-17.63802315635867
-66.64235031127032
-43.86844181464141
-90.84505011107515
-63.11615658355775
-74.98874712482205
-87.25932181143023
-85.03126852168576
-127.09995369393334
-111.93529711842757
-102.54356924496004
-113.70197059328042
-164.20927697038155
-168.71209996265691
-172.15150350754971
-202.99480095783861
-193.03382543589004
-145.80384909181379
-170.98051971328928
-158.14213362630960
-151.27934634179582
-152.00636808217848
-118.20908003029191
-84.70548987026518
-115.09341323715111
-131.62337855639140
-126.39182073510307
-141.04415874163470
-123.41714037053330
-139.01687137455215
-118.50543964841809
-81.42511702547172
-48.85226541442934
-61.73486101964076
-36.17512831314200
-63.49099101765441
-43.70171677196849
-63.85103204116574
-68.95110101562958
-36.52533495607636
-36.58441925625168
-18.49462134895557
11.95117310251703
7.38559453717696
5.49472208038290
5.62922057632058
32.01180809689043
48.21687558959948
41.58005995591452
61.58865661335602
50.88497014577091
66.62877054220682
85.99367437354061
94.77167159348737
108.42490460577193
97.72625945850075
76.30778929840922
95.64082516566627
90.06293423681787
81.69062358934087
71.15790911376810
62.75239449768498
80.71314867527394
100.16997967946864
90.49153141526047
83.87898310670352
40.98832181829664
7.52077191010688
10.41204478544245
10.80786641151767
36.26938132071666
56.44519221147357
75.81647624285306
68.85336267217451
60.83325473816075
75.85104836060395
85.43505511388639
106.58521241570449
120.26771936605678
94.29219501178055
57.42559319556217
71.72901932932533
31.05315523615047
22.15790882419169
42.45004078441310
54.25468075214246
41.69910256471747
9.76967939350840
33.19781749602369
18.62989414211481
-12.87505423006766
6.10601946548380
2.19149560711558
22.17153526165309
44.00077391795952
60.80029565477858
73.67729162086565
88.00197221487781
102.84373988168676
71.72203157708020
40.97264877426242
4.65314452010426
6.37247517308605
32.52970592227965
51.86603848448976
32.98734263784579
32.39159312190371
49.72344178785320
65.95802984780300
86.48191583107082
106.26812163718274
79.82338782276558
68.33193427770087
52.74787444702283
69.08396487377112
44.98924359369352
62.89191866040687
77.66954490382861
64.90996888725570
87.26231797136711
98.16989527553247
107.49476800161347
94.74937819497356
81.02345688765578
102.64924238340079
90.80682753077842
76.94005132295972
92.41899991960423
68.94555695594197
54.71736459419972
68.56231151145920
78.16124308047277
69.51794424461242
58.27577554768995
50.14771387325271
37.58632241402265
58.30944971810409
83.69163706825218
72.26701127919374
68.98345499799724
86.09977845563701
68.70887753772085
86.95974924814593
101.08537287263708
108.08917935664526
122.66665449085198
113.02314464253404
125.59337492785107
113.10726842233888
126.19056356388576
128.29724580208065
141.58365807458227
128.14945052624762
135.84454935592862
146.37425780496983
120.87998711416171
129.83063191758137
115.60231793729641
132.31654066927601
147.13717434554303
150.69210186231177
158.13084789354133
161.64906796472769
162.99695221648543
170.63796490519945
148.96922418289049
135.25693670548634
139.89493321924067
148.34308356773994
129.34013343472424
115.19676248059221
102.10079838145325
111.82281146506048
97.75415635132620
104.01834829780034
116.68855213567646
133.06599674444905
148.26123715234746
153.85541889329596
167.55942574937467
180.14753976106437
180.36968082552579
182.19761434450524
185.73707209722568
183.96886792497213
186.67936269207746
164.21702236876069
147.40958081278882
149.67330061954513
158.51498589736781
164.13948200982588
143.53916784218265
129.80525895042948
139.53200622568801
126.32344241969970
111.31111561915806
115.22358960318246
100.05458239560647
87.73170729458592
78.70152994108992
70.00673401319986
64.57148488673234
77.84182569458250
72.27312665868490
84.72070771831575
75.38464566083886
93.31823466732209
109.86444398851869
85.31954715501175
90.25229385684102
102.56306503263946
116.29419186674045
129.01732787972560
140.56843032827845
145.18351322667075
131.76385818277797
116.86249306535258
131.37032255236454
144.73021684439556
154.37481257021022
143.05774940064862
128.27126015275746
137.48056131728126
150.85832793039700
134.87420681729412
147.08515446655565
161.88784969461994
148.41268469662384
158.38574624216079
142.37283558197188
132.68668183216553
149.88140927065842
161.68863868159247
165.88967026193151
175.54476911802590
185.51819388417684
194.65267873664692
172.79379268039858
161.97170477553050
168.93280821874561
153.23083081221083
137.05209181597871
140.84097181299049
151.80490247536625
141.04501895087805
127.35084274564589
114.75213175186667
105.68367636213944
97.75699726869537
111.57672361850138
100.26806257633723
92.90421693889627
81.75777243377702
78.31754488301389
75.08623569670466
91.63594521168548
84.82618393642842
102.05471931502598
95.66000985676968
113.76131153728151
123.90477479485287
112.24445505391367
88.25522241377172
106.77652627618608
121.88113340912460
108.83938255500045
97.81584047580135
112.79725682730749
128.85898552171807
143.36211710398948
151.96698156525591
166.03756774813397
173.17644335766261
160.99168584888903
144.12873623789397
130.27216435826017
144.07372751696897
156.49754797932127
145.86879903908090
158.87469918496490
146.19083165101526
162.36167128354185
151.14864624309675
164.06156981958065
175.46736121513356
184.97492549997119
196.09258182938109
204.09339675560278
207.77632545018102
215.67074775757197
194.43157877594146
177.96685652626184
183.69655126118974
166.57942749341754
173.59309487638302
177.80259603354452
161.38118247005283
173.47967274095504
158.56744070435940
171.64208632951022
176.93101046267327
181.73683184164284
191.56046803700309
175.50731096155545
160.74763499111316
147.95847652934032
162.09778065480936
175.38931945434203
161.04722824227377
174.06960389378662
185.05174181942834
170.97766949286029
179.44626790239661
192.59190797625430
175.87050338157007
185.12966830609574
192.02530849523697
196.67868115540529
207.19930304579975
187.90683702782530
195.87816746374651
174.96583538783361
162.34178598131464
176.57372989796480
158.58805516539283
162.33413799113725
173.69978808733276
186.15470218698090
182.40243335970175
167.21189688121979
166.99376768234146
150.21178512957781
136.29909235396548
124.48633728420921
113.70244375358340
126.26231610790926
134.77068694304961
125.94328036359794
112.01759657426376
94.32883187590457
114.93075378750814
130.19458160100402
139.97621125650306
156.76721446634440
163.64689014102731
171.45318115393036
170.01504479482665
177.32584951041849
190.90873552787212
200.95740858832005
205.10573594050345
210.46878050167183
213.24970155449287
222.33773999859949
225.90539077046736
233.02344472184112
