-106.08522699776964
-115.40509767817514
-130.68091256772499
-123.98849734775561
-158.37895464377391
-154.16592768539886
-177.07873278363650
-173.02455946144030
-181.01287857675376
-172.16512667193416
-169.45235003248223
-179.35037306676290
-168.19044443352516
-185.74706734909586
-180.02966226856933
-180.43652027053457
-187.61117778936173
-189.84247238658696
-188.45507046711776
-181.60279431465017
-186.48621094748387
-180.75812886232802
-172.57134869057899
-157.09772378668387
-161.93862627957483
-178.99134017075011
-192.01778395086083
-183.08830594287446
-204.85711982354567
-195.88054626154570
-211.91658516603258
-207.70333299758198
-216.77557480318666
-229.27799232551510
-229.35882174460545
-215.98299587551634
-210.72705522565147
-225.00151285244277
-232.49436441199256
-216.35199649849471
-199.24680669347396
-199.36852526570556
-232.11662627976040
-225.18273936581508
-214.62511119988508
-205.77109314762200
-205.44951765499181
-238.18255960854648
-229.97353611738845
-260.01481694061613
-272.64248699407563
-291.84917118112656
-312.05924527225574
-352.78600017560444
-384.56239456598502
-389.70839801803533
-407.77619998239891
-415.11230797379903
-439.86488497998067
-426.89344466145178
-434.63726339386130
-462.08625218227206
-471.28998894926292
-457.06281192312684
-465.20194171907474
-474.69583194098675
-489.90933755259323
-445.48052143380903
-437.51467291158588
-461.38086265917769
-478.60887116512384
-502.25294628433790
-526.56653867892783
-535.00853565063460
-536.18312357698164
-546.35487665659650
-551.96897317873118
-559.27526211950783
-562.25176451988068
-578.23871070513360
-569.03654261596648
-570.69131534322344
-561.11463591599090
-575.63673269921662
-574.54621618334579
-582.67136999211846
-583.28086728874212
-587.59295632587168
-578.15801061540230
-583.31562583719506
-595.25155297986009
-593.51286299004096
-586.82384915227658
-577.40345331720175
-579.86560076929231
-592.85229039731269
-597.34595784400949
-593.51749774594680
-606.31100779045948
-595.89484982331408
-596.77475949893187
-596.80973809477109
-602.45217970130193
-599.61410889120123
-564.40342653767675
-581.94791785079894
-576.17156826717871
-584.80625563148271
-589.95355173308326
-588.44647652839751
-592.96959189343795
-592.88344518211989
-591.04614571882951
-589.01058112830833
-592.67326190456799
-601.64561772855814
-606.15033899062860
-617.64737263494828
-627.67988135842916
-638.66692698564498
-634.03112105632329
-626.47548390691611
-630.30352407588350
-640.53593324061490
-656.76997637017712
-655.89800101505625
-642.82364828776178
-592.99614590718443
-609.73625110426360
-601.03874420251464
-602.03458957470048
-607.43169534645472
-599.73960051366669
-605.06052466184678
-549.84723821838202
-559.58213037920666
-564.31813953259655
-563.42523245290658
-565.46275034699863
-567.96612603780068
-561.20509872501555
-563.02940480320990
-572.64890700532931
-569.66371903032041
-570.44898047715969
-571.35024035823233
-556.25688505603989
-566.94280969932981
-561.00781142535629
-557.72217036184190
-511.29699488726777
-469.31169853323661
-432.08972144595691
-430.69067206072378
-431.22945218461450
-400.65231333877256
-370.89504835940522
-388.38117712837982
-400.83316172257582
-358.63503879593543
-369.12234395226653
-343.38595385850914
-320.32209605215701
-311.33583469826505
-297.84162391519300
-319.99281913906839
-326.58910178490788
-344.32023037919481
-323.54987591065930
-300.95452016386815
-304.18482813185608
-312.54088136164262
-326.24350164184608
-305.15720089282138
-309.64720625847741
-322.92913726925030
-330.16052760990749
-314.10621757193229
-303.17010498793621
-284.10897968688414
-267.75916694265226
-270.47036482665948
-268.18869379428520
-271.32159741233329
-255.67888141728650
-266.57011434367183
-251.55651401380490
-243.80878183412602
-232.26234526972348
-211.53032856761706
-203.62001982965896
-200.48447663978234
-223.61980602162674
-222.63094972013081
-224.49980761008277
-214.76242100821156
-207.16824637301201
-194.86132516079095
-210.66197238610710
-200.08209903533063
-195.29693263464026
-189.63796016722546
-180.24593147478097
-177.14673971408527
-172.84514142936885
-184.64167119088893
-204.30491825727151
-199.51789384053322
-194.11331229076814
-203.70976070178750
-207.60557361696365
-209.54274639437739
-203.39472246584037
-194.67897194255022
-209.47158477772001
-212.30894553174264
-224.16866498888689
-215.79310974780387
-206.33130382735072
-218.94057220311959
-238.65413568564293
-228.29376558655659
-242.35492780784966
-236.97141569804620
-248.53467524203188
-264.05423864474841
-258.00626027768567
-255.87029244212272
-253.55123659563958
-259.94560993299496
-259.38226334931625
-247.89333711535616
-250.26643396802288
-242.76779229916511
-250.25477653641491
-266.44588685659306
-275.61106952522795
-258.21541398869931
-277.78287435311233
-272.11769666084678
-282.18529202418125
-269.36681966695886
-290.81488741681449
-313.81879922140479
-293.31037263769775
-278.71363661582234
-260.22532758126283
-264.66463278602504
-251.80306834873696
-237.55135771434357
-224.10153250456563
-220.32008114718747
-246.55825302288486
-271.84405681960556
-254.82416489163285
-239.57657200844073
-227.06021651177451
-249.31033523091440
-235.22908507791456
-224.75470320726259
-254.57468353731025
-254.07200108657111
-236.72043792726419
-223.20567837221634
-210.52892572998383
-205.82489349322822
-197.60300295275849
-224.48973428470799
-209.74209644629084
-199.65399116960802
-191.05907617618496
-214.17135625380277
-203.37526904158256
-235.60977385881142
-276.82548311737918
-290.46047102122981
-279.45426247442629
-258.75681836623653
-239.03134314247222
-268.95781821583228
-294.41881596820235
-280.18924129557195
-299.56255992452520
-296.12107221968949
-304.96471207503612
-283.90354486321883
-277.74402804264281
-306.82445493163709
-279.96232208051686
-277.41887529541685
-311.40989445133022
-338.57856883448056
-371.47097196614601
-396.41490280528450
-410.16839827802306
-429.68594143737903
-416.51588201001948
-446.84758811430811
-448.84885440722900
-466.91205738167798
-470.08109968425248
-492.57814695673562
-512.61970405658860
-520.75096520881323
-513.12000796113716
-524.30989935013270
-527.83034285279109
-544.90446767362278
-542.98040159202196
-549.93834780498275
-537.29432605063437
-539.87386614627133
-547.30576957517906
-554.25839426270647
-538.25039349037240
-506.65766660457632
-520.43320229042251
-532.59196324907407
-537.02689487898988
-537.77425335740372
-538.59367364489708
-534.48958130088420
-528.54488247697816
-533.00173491740236
-546.98245659116117
-536.67720626520122
-513.65657648971273
-502.56029582139223
-509.48714189449385
-518.04224248912442
-495.82363351668789
-474.31811448008420
-469.73078631578539
-448.99838589039848
-461.13413440464768
-444.38840675737060
-439.77871338611089
-457.12479468813649
-468.56466023435229
-467.14383243709113
-471.94002845753425
-451.95539066782175
-446.58022088902203
-446.72832675319694
-452.21359591048650
-446.52156634877468
-439.74876026846647
-428.71282395329126
-419.23563517932649
-379.75622068514377
-366.76471245729363
-380.79097138496985
-358.29356037469267
-342.36483501428262
-327.32442397709866
-299.29659064109563
-294.24977799947050
-271.40701803682401
-291.32707295390225
-281.64589824634152
-260.06958622590980
-246.03211730886716
-232.67522032256591
-226.91240023967617
-211.10931780010520
-205.70835457281186
-198.63458049871605
-196.54822851064688
-198.71558260914051
-183.18734061988673
-181.15397028131309
-163.23935179768878
-153.79830350590595
-150.66007279691584
-148.15055252872875
-153.25855217351722
-148.78243059288775
-148.62450087819920
-136.85050792637361
-133.21213726719077
-127.74624575449322
-128.78938999547825
-139.18394601488279
-132.24143377216876
-146.29275954961929
-159.99854178287745
-172.49597129497499
-189.08521813407103
-207.10834775755632
-222.56429830086580
-243.33107276199641
-247.67098335601520
-250.55585640932111
-252.76742368867957
-253.92062857974082
-263.27512715851509
-277.51482431840856
-288.46583458571803
-305.62064974201820
-324.04049042778990
-336.19538014863815
-342.21500462922523
-350.32402261513710
-349.55401490218372
-329.44777974100555
-328.07815832604348
-329.14649297862093
-322.91617734239452
-300.14525989459577
-283.86820089664036
-280.26614853869836
-275.81313462599189
-264.36241999201525
-265.36130474107733
-259.48123776950729
-250.50769638228769
-269.40014110809068
-262.69887024064519
-263.36412031297607
-271.63631792843040
-262.35179554388714
-247.47302994180399
-259.79316786156011
-255.94720498455155
-278.57474237219685
-280.89312342679426
-276.83318070984143
-273.13445999491029
-292.59216884263390
-258.84052235380221
-266.71380342978262
-305.90643085196820
-311.23995541328719
-315.99398482144693
-284.32204009890779
-284.64726493785872
-283.51904386958017
-282.63687197192093
-262.09776499489402
-259.41368705167235
-242.96912946294242
-236.86550988508660
-213.12163521351962
-213.48663198944610
-208.09295197055803
-202.07708961247204
-190.08854968494023
-191.36903942578601
-192.95667100130240
-172.64105114606360
-159.38824624796305
-155.37610833012832
-166.53224651706103
-162.33898532795132
-161.35161313561761
-149.47760112252305
-143.54214549610117
-133.13276022441752
-135.38573479168414
-130.16477694159940
-127.50538085300033
-129.77113639418837
-129.39011027486592
-123.47458940496493
-115.47075558748710
-117.27029182542434
-118.25239205362544
-116.77191557498755
-117.44502548265318
-111.59219030533748
-113.16270339546334
-117.33637396985611
-119.07061438767408
-118.23703742756020
-110.07382031559504
-110.42959345742319
-107.29289803686527
-107.51845787008482
-107.30042946180171
-111.10650180903976
-111.64932050876274
-106.20523511410940
-111.32181677688740
-110.08190851481815
-114.76595143483338
-115.00597511260472
-125.84564115319334
-125.97871612300929
-120.85408900557283
-121.06885137548709
-123.68531923281355
-125.63642945391138
-130.59495661728914
-129.82711690293183
-132.54778815788185
-129.35868384060100
-132.05079205319339
-132.03047005845360
-128.62147761479639
-127.42046263053751
-124.49415102383665
-123.30063146777773
-123.63184986498543
-121.60609536789126
-124.73676973965958
-119.52059067336248
-110.61347336779160
-100.32093450980059
-97.73150020168332
-105.12958482628433
-98.63078726709132
-95.77023866157251
-103.54479986550247
-102.53097487583555
-96.48103195488596
-94.32575994410550
-96.09797653551151
-110.44701255891559
-104.85266561223236
-91.56682991717713
-91.97190492529718
-89.88495473258882
-90.22713247499000
-92.89071778887481
-94.66037260131478
-84.22568944889635
-85.17595985326678
-78.69925969808142
-84.71025790607305
-84.86104180156258
-83.12551374728785
-88.54415370027445
-87.29250109943970
-91.41413105180490
-89.14547226616249
-93.25091852411541
-90.95719459117274
-88.16035768557282
-87.84775053960173
-88.37734313699296
-93.16438154358323
-84.88749830533405
-91.43575925311428
-91.43376535943463
-94.28409477430642
-97.67790488281564
-101.36555443094051
-103.31093132033163
-116.41034101505315
-116.87116580990106
-121.08951126763594
-118.96171382005072
-127.14509938906247
-116.76808720830888
-118.49934685860616
-85.84639569327265
-82.41129817226093
-90.05709563625813
-90.58094250460913
-98.49729264808325
-108.86317192509711
-108.30122727192402
-120.07886274909598
-126.59179987196444
-138.65850384942075
-141.93969118644790
-148.64941687142999
-147.76584220643983
-156.77594044313724
-173.65027500591651
-177.02721092567305
-167.02031499172563
-160.81488091312957
-162.81800890417324
-169.38692340712640
-169.15070022685802
-164.93167770503953
-152.38731312426992
-132.64682536884553
-130.02412401348948
-123.44976137980241
-123.77820813444913
-126.13735028036982
-120.78137095038183
-113.95842866008780
-103.03724843634545
-102.65465169866027
-107.79184724640959
-98.02818266286941
-101.89778396841217
-108.69116738830745
-99.10944140947174
-99.74495378590613
-105.44041122634903
-97.19006146520010
-99.43266785593603
-93.57687591531192
-92.45205898181013
-92.76311847727432
-85.26262523684544
-78.80373401430663
-68.49274739825138
-78.11912677908208
-76.39399651270261
-83.75519989671291
-87.65959997748276
-84.44914541894505
-78.10392308979341
-77.25050541267062
-74.01746451051608
-79.14831780942009
-101.75207386343274
-92.63129860000025
-56.71494997063009
-59.46867679992027
-74.68036753794189
-78.43863845933500
-84.63721509581455
-82.40335738436264
-87.79839795805239
-77.39981420862270
-81.05577285041221
-77.67549736793619
-75.05756818173826
-66.11505450428116
-73.20954579228570
-68.42738271065772
-70.11570988382798
-74.50938279127817
-69.25598561957599
-67.49051217902843
-72.12685807228547
-71.33053169873435
-74.47277894366280
-67.29818201399684
-60.96498076637793
-66.22671630685265
-67.67302571966691
-71.95107421823789
-71.22297853594233
-81.91953675149803
-73.10987778782948
-74.33037070391205
-76.64989064171480
-67.94141637714738
-70.48273087036512
-77.79517610311761
-79.51310881259977
-71.32341052167800
-69.62497342489155
-67.54760728202601
-64.63422785067557
-64.45497950122970
-63.04566204244286
-61.37973737691132
-59.51163779600084
-52.56561738623060
-43.75966631589309
-44.94893801312674
-41.46229324396337
-35.48585338609477
-38.52360104719025
-10.17891777912137
-9.66627460322707
-15.66248125571544
-22.40006078683178
-23.69473945032237
-20.31423444041724
-20.43428552763573
-27.42950462442638
-6.46406661035479
-20.44223551932879
-31.12964698310621
-25.73752322612231
-45.75052817543591
-48.44673812230415
-47.40303459439750
-57.94623359984573
-75.24826427256077
-70.11592351945980
-66.46061948145112
-64.97188808548424
-64.86078725805824
-63.11953902256625
-62.11834890451031
-63.55595134765696
-61.25225256216144
-56.67836992288377
-56.22957733904934
-57.91947054379788
-53.03466885809899
-51.22976426339846
-43.96661355137800
-22.28425656246556
-20.21750185859488
12.20008812064763
39.42996692596064
61.18404132351346
58.38957680537758
76.08902907183918
64.39557527161922
59.42807503882379
52.52098145863253
35.79233835430244
27.09884757859251
10.64731589481677
-8.56989664340340
-18.41213651277113
-31.46126045338500
-31.21234888557127
-41.06329472681136
-50.73030021086660
-48.49814293608640
-57.75598375705337
-59.08916403354103
-68.52257707349779
-73.78941677971972
-76.64030072734941
-83.28335966794526
-84.52862033484635
-83.04692696500824
-79.71218645895466
-80.92929441497485
-82.72788543973937
-75.79761671193660
-70.56009839286494
-68.70535802031269
-67.11339570081191
-63.48266893172057
-65.50500347257666
-68.23457527799624
-69.72563670250692
-74.58172533755469
-76.93687989241636
-77.30816298639405
-77.23820694732248
-74.85850456592678
-76.35322948843530
-83.64440227567485
-77.78665255005095
-85.58522125943399
-94.12846895959474
-89.80791570889119
-89.05546994660730
-84.99646607593843
-87.56732643481027
-82.85060262741931
-82.12038279982474
-80.13017439640836
-78.21870211898703
-78.91327207763207
-82.07905935782487
-81.72914742080791
-82.99334291604720
-82.48254706774019
-85.15021350570908
-87.43782758208967
-94.32099390827749
-94.82159970678038
-91.04780295635727
-100.99667130732345
-102.75280379846150
-106.16312553874840
-101.97909700857250
-99.30940418564185
-104.56364333988962
-101.90845378054668
-105.82748405197714
-105.93905517361146
-105.13462356086903
-103.45733865840538
-101.43712762834907
-105.66569820961570
-105.15367747863482
-100.85308852635210
-97.11231833921669
-97.62519996173751
-89.87727146617215
-86.12168249830910
-85.31942574764035
-93.01127330884947
-91.08913068836536
-88.30001747673394
-79.18975168961089
-82.19402590169534
-81.98132780932804
-84.37363724854566
-83.93904173181575
-82.57254004674060
-77.63423106534643
-74.29529360532121
-75.58304819211597
-78.73698749310847
-82.95976339892472
-79.61568921800504
-81.16372811805719
-100.85679572021034
-100.83618697959091
-95.44690561463923
-112.02502540304413
-104.04280016127979
-94.75343256261453
-85.86699660542752
-87.31311785458691
-50.84551140750185
-56.14350334565063
-54.77333990031070
-58.35255433658715
-76.51778140500292
-78.28996380351079
-89.59067268170097
-103.48642828490333
-99.40534515529228
-97.98373299284729
-61.54552593017871
-67.98540370581398
-36.42589124502180
-8.73129242203278
-8.03102324604524
-6.58802615566818
-10.79708985995492
-16.11403541689630
-26.65310504944391
-27.73045360552467
-28.77301048280220
-32.84863980720144
-42.53097575627881
-54.97603030617927
-74.75486746573000
-89.80041649482544
-98.38837349181776
-113.14027398629148
-103.36028221108803
-73.92635036997970
-52.40959840504355
-61.80209751568433
-74.35710990693143
-88.87458395116235
-114.95699339924977
-117.85299664678440
-113.45545364944755
-108.89954268519905
-121.93877035760059
-114.81927712597727
-135.01856590879984
-152.09983317342471
-156.11895088361061
-159.21495991498651
-154.41257507370008
-157.34198816671943
-162.15336726439494
-168.15630331183354
-177.83453339858286
-170.34256266050704
-163.92188668275142
-164.37196980359698
-144.65181439286030
-138.62783312984513
-102.33417140430090
-91.89108938690818
-93.84492708566728
-90.19695115836414
-82.90338275426731
-92.18171835947001
-84.86409159660501
-50.33816770781781
-27.10443596950200
-1.53614966453960
22.56648726849854
15.46607068378983
11.25284830727769
27.15107086736861
19.26322501144097
43.26572909495572
67.83805806002854
56.81401665396692
48.69021849529593
38.57098787538185
25.73026540547070
17.39186899044848
7.56460291789968
-4.76134105256964
13.92221809174787
-1.87385110461585
21.17148633085614
35.97587207363196
18.20107288449774
8.97478539750631
21.49399964773619
43.45546363490894
30.77576859067413
17.50519085460530
7.91068130368378
4.14638077756525
12.54849143649304
22.63176375069435
29.53365773835316
21.94366864009648
40.33365885534027
57.86277663050883
74.55371683124366
61.73108157991733
53.02160472588429
38.27064718427943
19.02927617932239
10.75759634436967
2.61457392091244
0.57120387958458
-6.53683307107518
-16.90801309114310
-24.33275257516431
-24.32022700020561
-26.63586048106755
-28.04798218071936
-29.99570574092394
-32.90258835092920
-29.03913060172613
-28.77357100127356
-22.96659497336132
-23.69530223089306
-22.04159187920278
-20.65579122471773
-21.08594423408447
-2.49719378001249
-2.78314922514476
16.90937271288018
34.68954260414368
45.23315558921190
55.74448769500535
63.74527227402621
51.68501609091596
60.84677518542988
81.41964545733909
97.16913278533326
106.75028632822405
92.34355450592940
78.83109813252211
63.96253537768960
78.75210787121543
96.56467922866678
79.94621413499299
67.24068038508253
58.85529875242764
46.49099398091579
62.27438703557496
49.52534311480532
65.47232823771360
48.92243477305367
39.30975076919451
29.78460282261765
20.48715894198519
11.58599677833954
3.53427219217748
22.57601518424174
35.06560943809269
25.89028563892716
22.39800705226418
16.47252919800703
13.06814370976143
11.11581830460124
36.05039999094139
60.27827864535490
77.09320820935662
72.34219776392280
60.57712580172536
51.32313315453747
42.13622950539206
29.11671946123359
54.30322489564855
53.76879846858102
47.45158245713140
63.25231035781238
46.31899910859909
64.91130828852121
81.49134297486262
69.85219034727204
53.18791230869871
70.95888234522849
54.49625964044569
66.46235046991956
80.21798599020889
95.75926096526993
84.54769859680317
98.23746753069267
73.47828647205500
80.91297785561609
89.58336187122914
72.81962130791459
79.41710728179807
90.12585195519397
92.19386819390793
100.56501377173520
111.31915403126443
110.50676150352250
93.44338910141897
69.93432016703701
64.49833589065128
56.34562564078306
46.35817989636060
40.49732465653838
37.17801346119710
32.53484011439757
23.44930067296497
16.93789003138325
6.76269981681576
0.30273529842653
-0.13856881309382
-4.56054601706054
-6.86710854149412
-8.40161546909332
-11.70810337254658
4.43455324949521
21.68105739769829
38.32579559187914
55.93556971093084
67.10631287519703
56.76581728021424
68.24727292015893
81.03009917965846
92.92417819704423
80.99269490904334
102.13257093896529
88.24827243123508
83.62803196329799
69.53276745038269
88.13028084067967
97.32279232882692
82.52916899581419
66.32015127094284
88.79682251311959
108.82475428785943
88.54029355389781
96.69945507420624
79.97737952396592
66.07791155520410
50.53922439116846
63.17777420147732
47.25894299147676
27.31668850808287
46.50646644836770
31.71081040929552
56.45328375457852
42.83335619313728
55.30846669356585
45.27404580663977
33.68572989282875
22.28300570985705
45.31416380390900
63.53310069920246
42.01153069864937
29.13899139991118
18.89440701136152
1.40721664052856
-10.65141510637740
-18.32257823627554
-21.58781401323629
-30.74677234068834
-36.54010587769736
-40.14799048226220
-44.14434037470544
-51.77005921967739
-66.24809416280317
-37.71959887157494
-35.32667995026923
-38.20192850068533
-34.81008819351995
-42.20649160515754
-48.23155215504699
-21.86263640721833
-43.71578531419777
-47.45508708873263
-58.23015210821033
-63.13154679341717
-54.85693444086784
-60.33443503878689
-68.92486107341522
-69.17572077666279
-67.84970355260232
-60.82969302422910
-65.01501878734166
-69.29874764161079
-60.37526563252207
-66.66253034043848
-73.50150595926678
-81.19011900387923
-78.73755057920172
-83.27193151921441
-86.71272478815567
-85.99825861577196
-79.63107349138333
-83.52895177636486
-93.40121196401418
-93.40241528650529
-96.98293157867259
-102.96259485862505
-102.15373230417924
-102.40274819182977
-101.33752774357993
-104.98931074617312
-105.33500444774216
-104.47885994149424
-101.70823551402074
-70.93993982086359
-68.64364450171604
-65.41914974480376
-71.57558552266087
-44.29730568221893
-47.33034753135892
-51.97760550154918
-55.82361733715819
-33.02009683446987
-37.03177648602774
-39.57430955061960
-9.63758577935417
10.32451355412139
2.58788777992921
-0.12851529342651
23.87381395008769
17.40357000311793
41.35993940443161
30.77311082365916
24.41808487140015
43.59689093205867
40.93134191728995
32.61727231430797
27.57036861907673
47.58517796663637
39.01705096386067
54.76476755788792
67.03749488563624
56.70029063188222
71.28193043947257
60.71296732983839
79.50905203889414
64.96545263656979
84.54208055920066
71.53599794210817
81.47014497071400
71.45434314516451
86.55766050006631
97.94720558593343
78.01780596473890
62.07750700619189
46.58638202503034
29.53876823094962
16.35053472789618
-0.20765975835173
-12.36172986161952
-9.55602117397082
-3.29200191510696
-17.46900594818293
9.95417258121545
-3.62887535793572
23.17908708280341
8.36235107142303
9.15997765734322
-7.96480056927602
-7.39403068969035
-25.26180026274049
-13.65899110346093
9.14291021408174
10.91549810668742
30.64326857100937
25.22365292831611
45.67224284696514
64.75576032156644
56.04901943796295
39.74771282549865
58.92001725621871
74.59581907649971
66.46939459485124
75.11875959902095
64.72064059550394
79.98286276900562
60.38262965301239
52.36120186166028
42.89648434896891
29.91472179711525
43.03751888332192
63.30908652985092
49.24780540288319
37.35276779706574
58.50781743717539
49.25324506907408
64.27071239451834
75.09975489587636
58.16754165348210
46.58937992860670
29.58157091403437
20.51462406463176
12.15891351733505
28.85209555883981
45.97559351227488
30.36866294916370
44.63899757478397
30.30737161502192
19.28251976753884
12.05008164650723
3.63249381409756
-5.64979830431913
-6.27820191929915
2.53045708617240
23.65230172192945
19.47747195548165
40.61393881497976
25.17363509780782
30.56120075413256
10.15326825124181
26.28706469141199
40.24830777523682
50.53279698838647
40.03117970995257
53.37888267658462
39.34624636979300
53.25107502922208
43.79162331164824
51.41257015704463
39.10461118364705
14.06516005659097
-1.88600559888898
-13.86876424526903
-22.67420078915316
-6.42533471404907
-23.50000212203310
-22.35298374267031
-2.74866444672075
15.36558827286511
-1.37965074999668
11.65632351182584
31.00824074854189
44.41717035333107
53.30849841605878
55.78179445047133
51.98232665426868
25.07044101441499
14.44679594538295
29.07295646680795
16.30326904215428
-1.89194386642466
-20.18187511537632
-41.06039599643393
-54.19935067326014
-55.87985500040222
-64.75451020214103
-48.08485420157176
-30.05627166675302
-34.90323180017207
-20.16380120739532
-11.32796766037160
8.06854728914819
22.93487006458483
40.45596170568305
57.56750878855186
36.31738378835928
56.31728646288582
74.39502750866328
53.19028081329380
72.63908493539952
89.68707240194742
102.77731607619458
92.89172143873515
84.08118300931805
89.42067044658512
107.82523702831057
121.23115893539079
109.49288683817791
123.75647855826179
111.59208389037940
119.55507836231760
130.67681744056028
125.53936481323969
130.71158130401739
115.14077988719278
131.09963095981283
144.34413072114342
148.64472256054256
119.69610138250658
122.18143791605422
125.41771039339542
138.82984864063098
112.33095063879188
113.93965482099190
92.17899359270039
76.79311493051199
92.71629153507278
76.28292259620619
55.65079263418174
44.74113191200921
62.92198372182958
75.69001283040296
70.23232657831521
83.24875912976057
94.75942314207148
104.15930442098085
117.03694991403343
126.87384380293651
136.23053179620570
144.54837957788018
150.39435134248583
157.82471653598768
140.00486309646425
152.39860781440279
162.33997475960732
143.86796107539112
151.54945363539608
136.60139332914270
115.78283648991560
126.25449901917931
112.58799107914429
97.64203680101872
101.24982466558956
113.01464222003816
129.33960567500969
121.15466281364191
135.80633835021669
144.18740959980403
148.23784581377694
128.67588929155741
140.67384120946977
145.76573205788748
128.68102397292427
100.56144471061126
79.85090642861593
43.92464584210806
39.11782408076512
2.97467527689186
-2.61845441165053
-13.20302399607589
6.67180141421253
5.38014814647005
25.52578209824487
35.07368538094659
35.76320360518270
52.28463868823530
69.32704100442041
86.28168102598666
71.83155667122500
82.42600709908587
94.80692237802947
108.55055621741096
117.60889659885208
126.16319316809830
112.41303409036719
96.18632734549286
80.34148028823591
67.29012827833134
55.30930316655468
70.79584407773733
87.84571917461952
106.51641039436558
91.02239946516400
104.48435619103986
113.31718447286855
101.43087232178956
110.55226578207890
127.34738649488558
112.84130372861722
125.44179503862728
128.17055654540135
140.48543893836700
129.89586546527724
133.72060391910955
149.12338765876046
155.10886709967679
166.37815022007044
170.17623766928469
178.42842275585079
188.33583446129589
193.29830060918067
153.49180466606205
165.65597103100720
176.57895266951908
181.56177531132022
187.61974366254452
190.04390532120618
196.58888193893989
200.67539883128512
204.21159915795650
204.59526882647003
210.51103313841728
