-115.24279202320601
-152.53234428772964
-193.51895244641977
-192.19949416984420
-216.51177175522372
-203.82159507136802
-221.18601539070983
-232.51088114469616
-236.67111077477790
-232.20971367580182
-242.67424795567464
-242.11041706715559
-240.75327376879849
-232.52281157769980
-211.48954856573141
-200.40526857689613
-192.60738703442951
-202.82070352732285
-255.65689053495760
-281.44352379443978
-258.80553566805020
-233.79639361308008
-240.14243392054871
-242.47610285394470
-246.11374927905689
-236.98803960877953
-220.86901402643977
-210.02902391976858
-196.86734887392689
-186.90824923249974
-168.15067171955099
-158.48367238300639
-154.66093345392400
-149.15043929128655
-144.32890787084918
-140.00279171238506
-136.95853520850000
-135.90943160668996
-133.41288443444967
-131.09310950210678
-133.86033047790195
-133.68287020685864
-133.56226344067409
-133.84263462729714
-128.46483151795570
-126.06593818093371
-126.59755358117347
-127.78318325733925
-124.43282473362913
-131.44279790948255
-127.69813143851049
-126.57621046653105
-125.94479072771813
-122.67706548791628
-120.31297426821504
-119.91347684866545
-117.42400209816840
-119.44171567751093
-115.86996033912071
-114.02090346109662
-115.57637953409824
-117.01920548518842
-113.09362227884655
-108.56891298950946
-109.37943293506706
-109.28917262054733
-118.41474855465187
-121.74027260023975
-126.61049718658532
-118.94628003506048
-113.73255209906124
-109.69498755810034
-113.55294372770413
-113.11112871385589
-114.63900753362736
-128.81195245084143
-128.22503797596846
-117.67631306121088
-134.68191416236428
-129.43258012982972
-137.42669565423535
-134.13046084234233
-128.49481264099279
-138.00170329736849
-132.18200959966808
-126.79508510243099
-124.04149794082798
-120.69684774306657
-137.02581624382057
-143.57044544917193
-134.25947842293743
-132.07332854903044
-133.25299804384255
-131.15768280473287
-131.66680198706518
-125.66294263867364
-123.62712943145625
-120.91868382926583
-112.55048810806190
-111.43259287294721
-110.64156090218589
-107.46565999341458
-106.40609824799736
-106.70743575168179
-104.04373885406635
-104.83861144574831
-107.83119276877103
-110.38173919011220
-110.07932092560253
-104.36903762051497
-104.84379084001684
-103.72401530254722
-99.53605344870498
-98.37006892806517
-93.41679569184738
-95.19827164924580
-96.02993849490190
-101.37747120409537
-97.52618849711541
-92.76851190520104
-94.97928968237686
-98.57058766592509
-105.31026539210497
-117.67559153913382
-127.56653437495341
-121.53449572675402
-120.21614522800743
-128.49057806157140
-129.00058947410682
-128.77275128112746
-126.49008268710037
-128.46756184393629
-125.12278807993405
-115.12549404335796
-106.27360404199341
-109.57091325099465
-111.45371028232536
-122.90873686824700
-111.00081117312746
-118.71286639995677
-122.70746360632062
-132.93215166427279
-143.87372648116539
-133.92893943795585
-135.63242879504980
-122.98539112608475
-120.28516735592282
-112.15941559001881
-108.87096849554339
-112.87758955680121
-115.61482716522330
-116.66858665897638
-112.44054515475844
-102.18366890152176
-102.49224489078892
-100.71334811893139
-93.52146805326767
-97.47824563054823
-91.44891368024969
-89.91890038587808
-84.55858796740262
-82.78761668522739
-78.69920539016567
-76.06477133736151
-73.03825179432057
-67.01509544897533
-79.83326161056812
-82.30991176134727
-88.13016703919118
-91.85290411952020
-87.84546927125092
-81.88167776850065
-78.89261218500901
-74.90866165547500
-74.58232954306423
-71.79138366959315
-73.00629545949381
-79.85947735955415
-80.80437161092813
-83.27185886412163
-82.33806443698907
-85.82154304295571
-73.38365329719954
-80.10593265428439
-83.83211485176729
-83.13211812643328
-90.23381799341379
-85.83178968240787
-90.95594481993521
-92.34820414498452
-93.08042653004263
-90.97595029453466
-89.47053800984463
-87.38468247537250
-90.80914581718993
-88.27067163893437
-82.68393346972222
-89.91170516060974
-86.14282485578080
-83.58642846572901
-82.68584262939154
-76.38822885074028
-87.25185711632909
-97.60979216627423
-95.17848620263599
-101.72646389213928
-93.85460153113368
-90.84775056149186
-86.01822662638473
-76.76532519168701
-66.99026052777552
-63.16890489401086
-62.77893001274008
-67.55196662056510
-63.86061808393033
-62.67249621750125
-61.64674089568116
-61.57920364661143
-63.10324009783157
-64.16962936473666
-60.17407405446172
-66.94207371177802
-65.97195639329576
-88.06158984429740
-83.57866863521004
-81.14291021036324
-90.63287603146739
-84.25211659935924
-102.29357550751834
-95.71159963001189
-87.10175799257776
-87.13833460157990
-108.72868146420100
-120.98616023785499
-119.49701464897481
-115.60373471204241
-106.30065482296735
-104.35598592483750
-99.10699402967921
-114.50223914511784
-128.43121907611160
-132.00986861361264
-135.42716100488826
-152.26463162184166
-145.26025512327928
-138.44799661777810
-140.97538349937102
-136.18145667662040
-125.46309085152504
-142.31709525474437
-266.60855120060808
-240.99988560993154
-246.81474562249920
-234.62719764492024
-209.72077126870155
-324.75207264374660
-317.52420665951695
-312.29715664883270
-284.01121697019300
-261.74081150212118
-291.67558397154346
-264.56672926883920
-241.25577026147195
-222.00565297427585
-208.55506906640443
-193.97555200431873
-178.79950253913037
-168.05255604804324
-152.93260030244502
-141.49074017448453
-129.15941730034399
-127.70375237293131
-123.75122757188785
-126.96379147510459
-169.60695789677396
-150.67390307872054
-137.39785501797064
-129.45130100012739
-119.79201147077708
-111.60385891164047
-104.48666444686977
-141.79901717439162
-136.11565826909370
-180.87478354754745
-188.46158406282467
-188.40302714918781
-195.97227256012042
-210.34594816899360
-192.94087401732486
-201.12372743112755
-221.74605023023071
-232.61492558400900
-238.40023882552731
-240.25001147265357
-243.07256162691976
-270.03651782173426
-247.42778347229461
-224.45707175495301
-211.33919178872137
-195.27400968874835
-226.32983132996401
-249.70798963904488
-254.10527365888817
-259.42409816521507
-236.04480377779205
-248.20908506257538
-223.78562790022715
-256.29820046327166
-252.12589781712828
-249.94789377944133
-281.93901889018173
-287.67454112263556
-263.90424339470690
-237.97580758861184
-214.63764535642460
-208.52559745186872
-188.35775546695663
-187.91246914137656
-189.61907262833932
-187.07871408588707
-195.22721396903799
-222.77926581464959
-238.67823587567267
-266.20124980597831
-260.55929279981422
-249.64439626386303
-238.45557374075563
-271.27304737018250
-251.35003241363898
-229.11196432284356
-236.09958830378923
-230.25471931120040
-208.97285907914986
-191.78165655604587
-173.79378207285515
-165.22680755904582
-148.36389162395923
-139.10847054692803
-126.91789781461911
-116.09109851730608
-110.66603546638800
-106.53346145112431
-105.31144401780928
-93.48981064719221
-88.09776895727775
-88.41976700576468
-79.69201770579052
-109.48530889628844
-119.95188772165761
-104.24126178290807
-95.73356158813837
-117.26014723459055
-105.81834476624522
-94.26329360983567
-88.68624739711495
-90.27613200757303
-100.19753711537109
-97.30584433425274
-95.55464383012145
-104.62138902109595
-119.32555374943099
-106.85433418163076
-102.22698018820236
-103.40528035367258
-95.88596545343627
-93.84911197592530
-88.80496452530772
-85.84590640491103
-76.68736600742453
-86.33693470527442
-97.19608842881783
-90.39947814797009
-86.10018134944174
-80.01896922612192
-72.78544312452426
-66.39682285141438
-64.00759197067100
-63.12996170867000
-59.24874650314248
-59.60447407869721
-68.32383475234207
-61.65722975208074
-56.10922691177544
-61.96902600755303
-56.68211490529360
-65.24371499359948
-60.20032369941211
-58.26362918374531
-60.37250244988086
-52.63715605564298
-51.12834269522030
-67.78576367411854
-89.98926093456819
-77.38731715504326
-117.19152120651876
-128.22129674883746
-120.41257708900162
-114.26536857145229
-107.25808840394129
-96.97305101762129
-86.74956965993741
-76.76718489214107
-74.52229557518973
-71.17265670148649
-63.05656937509267
-67.48976788529924
-80.17511534618180
-78.69987686931722
-83.43889039577574
-81.75988559483017
-75.84894968559934
-74.39326643743192
-90.33626267678962
-84.96112631292290
-73.78161049745587
-82.55485108790143
-76.25581214846187
-84.57684151035627
-87.38872881254018
-84.47594893114730
-80.23241830817268
-78.91063801437315
-73.36599015464918
-68.37551365075753
-67.90657787061194
-65.05814410983233
-64.64726379243925
-81.05742291070698
-100.91266682645681
-98.01600688229840
-93.23768423667494
-86.21227646448757
-107.71839084521145
-107.64218727697828
-100.18961183906133
-93.44894132183180
-88.64340376889565
-89.66047601248553
-85.80050704089987
-81.67920506802864
-86.67808591084119
-78.92340240619602
-79.67285957192196
-78.72358083190569
-75.94447848860642
-76.61414131082519
-77.02271160341682
-81.98340871663960
-79.85442330320049
-76.80435279821000
-75.44334674770127
-73.94118141027613
-68.95056176167155
-68.20438271566795
-75.83258475612244
-87.01660067511355
-77.73929105378740
-69.97511714615575
-60.60520687462598
-57.70684419032799
-58.97013808379875
-55.91979914318773
-52.39965605293921
-46.49652401584568
-47.31425924420292
-45.69616501213273
-44.62654881032103
-46.18571291150841
-46.02517697257828
-45.12831811710223
-45.07890820079006
-44.77564595301097
-48.48347850056128
-48.17551202005471
-47.29831744310795
-43.61007310989639
-47.22294803956612
-49.43522325356254
-52.84939775735424
-51.90715988490048
-57.70222588545370
-57.32587692858114
-58.93451760258013
-57.86559717224434
-59.09059239850463
-57.55632531819526
-57.49517018980152
-58.99171249334079
-58.39353055585330
-63.99109463077856
-60.87989620585499
-62.18802892936554
-62.66001211810445
-64.47430947088145
-64.07694086300837
-64.57525866146767
-61.01267251840648
-61.77344225183679
-61.73755380409050
-61.25978612986401
-58.14073851449871
-62.13702274218650
-60.84025772624545
-62.21743054053637
-57.60242659756560
-57.38571225240923
-55.65065846724367
-54.57476848703889
-53.46624010068331
-50.40803639571738
-49.68414990767081
-51.84674545852552
-46.40777143545906
-46.27086337030588
-40.88976299416637
-44.08743221207851
-42.43919250120116
-45.33125934434284
-49.65444034223236
-45.03595567296482
-47.56934958686020
-46.86791849371030
-40.11448651014581
-45.20841311799946
-45.54957718479513
-50.36030201013997
-48.34780646462765
-44.44040196509825
-48.54380673758023
-53.00443828735257
-55.14641082691582
-51.67736831857791
-56.82222344911425
-55.96679553460498
-55.65288501006610
-50.82158001930110
-59.03306258501771
-55.84990267837766
-62.29962381805897
-57.14193505615353
-54.84330272331643
-56.32750344950939
-55.22579138343930
-53.17513345883246
-57.53752858722208
-50.08967090155245
-49.05238471397377
-47.31329919920590
-45.54316973602109
-51.25338719858355
-64.33007582545605
-57.75729148030783
-51.42400441582897
-46.41749246799163
-57.72717859453968
-58.25406230936315
-56.32664023796448
-54.16392154393023
-51.07659194277083
-58.19120995917523
-53.21794809908831
-54.02605265166950
-58.09681470289509
-72.18081684058377
-75.20831647604365
-82.51326152431612
-75.30210803766055
-76.37419108531549
-72.05380423803976
-92.83656826566171
-87.45603969567608
-78.81319575022809
-74.78771398721400
-77.91791331703644
-73.25717987618955
-68.14128397833683
-66.16335291056173
-67.47943863295880
-66.53333947832826
-63.53768265268462
-59.50151725781672
-57.33288788985526
-51.67431466789155
-50.18418373778408
-48.28008339165560
-48.48170601583433
-50.10692568710913
-54.47651550570789
-47.09411115599260
-47.39692942060196
-52.40814895597903
-50.35794803394946
-48.08627379027948
-47.18824910142048
-48.36444968736986
-65.43527104446932
-63.08802363273652
-62.63163991478868
-57.49039484001524
-53.10952343737054
-54.32743737771995
-45.43840468706151
-39.66571220622532
-42.43803792513355
-44.52616449420100
-49.62664065646236
-47.80197437711611
-47.32327477809757
-43.79775578896818
-47.29310640806665
-47.72665861676865
-45.48136730296805
-50.28767054243929
-42.20775080731884
-49.99992356994142
-49.87957934451656
-47.03220881207796
-44.96799454882646
-55.15176908007768
-69.78263176814288
-70.40425418738648
-64.70007511931925
-72.70822882557773
-60.66235587204166
-88.73768866151457
-101.56102462235572
-115.24920631046187
-118.02021855152051
-114.09899626980105
-103.66055089358720
-107.04976771662842
-94.57996317657734
-94.17190355932760
-87.11266910250929
-83.87817715909998
-79.04984808468470
-70.33952444769204
-68.18837864318266
-66.59742136229684
-61.66137107366134
-53.74594886681545
-48.37628906210686
-47.56261408500608
-43.99025688259431
-47.26237320901154
-43.27193646238491
-36.52390480498047
-28.84173505668541
-29.95507569086361
-31.75923320226008
-29.77536216249584
-28.55592495727552
-28.36767870198863
-33.40362968756163
-41.26753156131225
-37.13796688232981
-49.75639433792574
-46.83233595432385
-48.28350619440764
-53.25043256953595
-59.50650801810627
-57.04934696199739
-55.03449094138217
-61.99303032810154
-54.34650965336341
-50.62474935459043
-66.79355178893131
-64.45553433001126
-73.47820588956385
-70.50799225577850
-73.08746471224296
-70.85133668755161
-67.53860032968167
-65.63102155036333
-64.49263943268234
-60.31932112656508
-59.02828683457915
-51.00618957567094
-45.18351215513830
-40.34575405096901
-32.20152642368274
-28.40125711711101
-31.05752818917624
-27.29676394164182
-28.94231637964434
-26.77497013195359
-26.11620534669980
-23.61200143527257
-25.87435526042221
-23.69610919233116
-21.08301926990628
-25.55319193038832
-21.67894629550144
-18.04395999588447
-18.30447904014716
-16.19445203716177
-14.62533946859791
-10.35659903481897
-7.04494498954506
-5.39939755596791
-5.70123140782304
-22.05279702185489
-25.05286764979156
-24.22609684102428
-19.85470057587645
-15.71038431707451
-13.76235036423505
-10.33568109907011
-10.14758008788312
-10.57528716311832
-12.53262178462547
-11.30704574698718
-11.02549034162675
-17.51607681035009
-11.20772598623666
-9.21547820248406
-14.17291593686859
-10.21689145881432
-9.56363579113087
-15.58217547482430
-12.58700446797584
-14.37558033198304
-15.52390214728958
-14.09128861388917
-9.84951902372740
-13.95672564990441
-13.52911159324184
-16.27721005203809
-13.55013319798399
-9.36969618189086
-12.40332492627652
-15.31166599470922
-16.90105339941940
-14.24836986751305
-29.23403932589443
-31.88312144733057
-25.63436030009495
-24.49842670910783
-22.70961225100529
-19.63273448711676
-22.47605617685597
-20.10961475706093
-14.59238752861580
-13.23734779299136
-15.36370759987693
-13.03681359718375
-9.11876774266367
-7.98300091870332
-6.09690983768168
-6.31077465584859
-10.29801480221067
-8.05930280959068
-10.75094937047696
-10.22649376427559
-14.20232184075984
-14.63354893422981
-18.73853742014875
-22.39566538285424
-18.48464419153698
-20.88034990213361
-18.41684670991413
-17.06477927801985
-13.75567484541479
-11.04844277575513
-12.07386889911533
-13.64850122590016
-16.38642122344185
-15.86189862944918
-18.62087141953391
-22.28743832334856
-25.79788851666873
-44.83703780735971
-37.40075505361710
-31.47343100176609
-25.12633204198599
-21.31452537290497
-18.40465007840250
-16.22817867189037
-12.82833702524027
-12.06086522251406
-13.86631209946399
-8.10835252775885
-8.05238504532385
-10.63147878633732
-12.28372391130866
-14.18819976955647
-12.46161408967606
-10.32140885745854
-12.74176082634575
-12.82037355669729
-10.78230472455644
-5.74857217453991
-3.15562519243425
-1.76368445054997
-2.65494795021673
-2.34021408597561
-3.69695755951765
-8.68482660522690
-8.05747840290859
-7.94502705328281
-4.14965996224826
-11.10492494365038
-10.52051161910513
-11.72676260730538
-8.38291360793878
-11.38488223982585
-17.01278006795765
-19.37048934781312
-22.99193546498388
-27.99921214651336
-27.65632520210681
-20.68952817408238
-22.62744260442333
-25.07638788285125
-29.00844860250611
-32.34789630337279
-33.32556896179700
-32.78085089445990
-33.66711694100195
-33.86401526966840
-27.25833168128203
-21.93501104476042
-18.45531828669644
-26.87622658666240
-20.29541846195329
-18.20415392567091
-15.81915004314107
-12.65390817867824
-13.49574594511049
-14.09075923936469
-18.26657066913958
-21.50922323237271
-22.42970110644232
-15.20023798407928
-16.06315098486664
-12.32545643162754
-9.65004876067665
-10.52956599746759
-4.67500615714545
-1.17792710525822
-0.06094414889395
2.88013083827336
2.67894073979300
4.04362009805867
-1.64235144049470
-0.11019663971460
-0.90178963560271
0.53956157104996
-1.51862242984833
1.95763920801433
3.36620724222340
3.57759307630287
0.89818575672063
1.00306731804496
-0.41537465860376
-6.80645657213440
-10.74153523190781
-10.33401185588114
-11.77724789437232
-9.84402960298523
-6.75559676268209
-4.86053205795164
-5.49503030562996
-2.06187746359924
-2.88101518387540
-2.55853109897346
-11.50826951086318
-11.26234897993414
-9.17605552000239
-6.88776911644347
-9.94317794727076
-12.37781652170344
-10.74038669271988
-6.22631437658698
-11.27399201522265
-10.60264177471957
-19.53721368587856
-16.78361985956843
-13.61137441072960
-7.97433421474381
-5.76285345114434
-8.01684597031974
-9.50622256164178
-5.75881685616664
-2.59443724040216
-3.93244813876435
-0.74770061016893
-12.09426274669480
-8.16626638138506
-12.81928300180578
-8.11845073040559
-11.90550844939100
-9.38600129973871
-9.00044463352432
-11.96246255443527
-7.64395185561573
-12.22490347028096
-8.16165906028065
-5.22852598381098
-7.96248543796065
-3.96979291207130
-6.95691877479965
-3.88164404322093
-0.93678984261236
-2.90259573123897
-4.04630000731021
-4.63321855502878
-17.70436725045316
-11.15086541827592
-8.34216056993606
-11.76491556835870
-8.09438547479639
-9.16521106279738
-10.23870913856058
-8.67181311487390
-5.48487918329011
-8.64193286552985
-6.91776811153612
-17.11470885944965
-14.42822444797014
-10.08908578944147
-4.82030627631511
-6.64797911635034
-2.84037634886213
-3.07673066040997
3.81226567590748
1.26444724280019
-0.11088909813074
-0.93273093892606
-2.75600751158777
0.72781457349403
4.80350561377856
1.55906237174597
0.42434836510380
-7.57260092083248
-11.58125045224515
-17.25387994530428
-13.70805112853223
-10.64187119697668
-13.25629619894675
-20.29272764810250
-19.27749070207141
-13.63559265992323
-11.23633114720342
-12.12923066704382
-11.49890643582457
-6.08833619257385
-5.05153258748686
-4.49108309181829
-4.98559156465565
-8.58012961725771
-8.86370884363423
-7.51314762073426
-3.29626688634914
-3.02178986516463
-3.25208352002060
-2.47871649507126
-2.96089733606635
-2.64341001135489
-1.52973563778031
-1.86732305866003
-0.98300113365426
0.24923884431480
-1.19691556387210
-1.29128162200540
2.98309863741674
0.11048537593280
-0.87908418970871
1.36621578618167
-3.05543506026174
-2.48562835844768
0.10890196274066
-6.12458742287672
-6.27882026361181
-1.42000708484581
-8.64877139148025
-7.50122762340211
-10.67199104976248
-11.23659497518740
-17.80623296984966
-10.87121077653831
-14.85505327157431
-16.14372360837274
-20.27013531949325
-26.74015777157140
-32.69047964339552
-34.18591577982855
-32.88996158984494
-32.34999482102462
-29.85505752546619
-36.12998730729673
-36.30970720908194
-35.38690242184130
-41.06355295277461
-44.80866010843883
-36.87703493985802
-31.07023574893665
-35.15892043083682
-37.33461473613418
-41.30598487711461
-32.11114993795120
-40.68543466556069
-41.09628263255852
-41.84000900006963
-38.49987521937317
-39.24815936612996
-34.39738857844475
-43.25954868928332
-41.71531612055998
-40.50026426092547
-42.46787673377811
-35.22806268939156
-36.83522668727339
-32.99461771430679
-30.12762610727439
-22.92746098550571
-20.21465837190317
-15.68785057796578
-17.66040577597163
-13.28229830832840
6.04303791506615
4.56418849871738
6.40363973413390
10.62524298991060
17.77498305272311
35.00350869702076
35.12729641280458
29.87835572991800
33.36214069468738
34.54716423282234
28.20808186735220
30.61604856268292
33.17579753408852
35.26916523155413
36.60947751032555
38.72755712555153
39.46090880587075
44.12038362663274
35.78835317612787
28.78317002000301
20.49976808710748
9.97558132815684
14.49481206731546
8.16839966431525
12.86932061397849
2.32648668182288
12.56194601659116
10.74389360115476
5.01227519819398
-10.33734127872317
-4.63827026641396
-4.75626075798623
3.70221553266699
10.39690544730310
0.35856431675287
0.48360535578772
10.36676362988870
3.98875763369763
10.65844229055659
3.14080788372916
3.12232558282332
-3.82488304564856
-5.15791856442239
-6.37534066612460
-6.69481656490554
5.00709150508319
-7.03286063068037
1.25212652190700
-4.54504017448864
-14.26727409569202
-18.36326227553576
-27.29638155754538
-35.58695236494176
-43.53113990606339
-47.39953661476088
-62.30515550801391
-59.31493834454954
-66.80665067266058
-49.24218343929554
-37.90721904491144
-42.44265781061770
-33.03937324151300
-31.50711293383992
-34.68363473632456
-18.54340454917271
-21.47199989985585
-25.00655128795454
-21.99204443833966
-21.71479938009736
-15.75140431678959
-17.15822545385586
-15.75566289117718
-15.73701842630389
-11.13609062411509
3.47787196912259
-2.44494836260625
5.84022054444537
10.43252834808117
4.69058001693891
11.32776829597332
9.50989373326830
7.69044534265038
9.71919269580446
11.35222339511719
13.22972624502727
22.04188921339647
30.68208975641033
21.86858386820029
10.98224288016450
13.17638221229922
9.20665851432559
7.62702860724920
5.69364105322582
7.22455035193592
-6.33015654623320
-8.52768816546130
-12.75433746651431
-17.41943703656209
-17.45161120958765
-14.58007983081321
-13.09135163485917
-21.53438263922938
-22.45832661477674
-21.07432825962485
-20.76672197556604
-16.89642443386081
-5.91637644939735
-7.14833759763242
6.56178623913534
2.46595210794598
14.05936092711632
20.88892884963750
27.90915323144461
15.74289085671485
6.69406117323605
16.92679598128558
19.40018375792673
15.98686509520112
18.65625647107921
26.07672950640255
21.82426066021240
14.96558823358604
5.78555069312001
14.86369945334291
12.95143518099209
13.00452662992181
9.41416983159163
6.42426410108085
4.11156353437455
-2.73069147397771
-8.71888793190750
-13.34118477290396
-17.68018478319425
-19.20170438617911
-21.92992442268780
-27.03405450241416
-31.86268609735433
-32.38203577562773
-35.47486196651068
-36.02754134602026
-37.81111337243274
-39.11422003372023
-41.01999464534559
-46.35865548050682
-47.96987321258467
-47.50020995018649
-53.31820360964599
-52.05188104527605
-56.80789830460484
-59.05322548711033
-57.63235514025806
-58.16798284795715
-57.11856157974945
-54.94962674202417
-47.49739924370651
-50.16205872283206
-48.24474658165079
-49.35019373635076
-52.19527813009827
-46.10243588925318
-47.04396152886935
-44.42514324968089
-48.11968496336133
-46.19649494109486
-41.43311976354417
-41.24326082857782
-35.75130014024099
-33.19784579322724
-3.47159217496607
-6.72345184451400
-7.04858138447699
-9.84423943842633
-14.42371176688830
-13.37544313284830
10.96987030935144
32.50562684984698
22.45526945349629
20.65388871401425
19.66071935476052
18.05022076744050
34.14843037365652
57.68321670673792
52.26400447987123
40.36726937391970
33.29131542522348
54.36883738203328
47.00584266552188
52.60660497019263
48.60653526971368
69.24206275700503
49.20850465242835
61.02404293449687
59.89143950329916
74.68843101827019
64.36600308711876
56.78094397966141
32.17448470964759
48.53590809381755
43.13260367520274
32.73814432841824
23.68863922206283
43.25878735078696
38.14519042612174
31.44546468974020
25.73308178651806
15.50746852594126
12.70803032561431
3.39752771625294
-1.56855471879636
-10.02942877979340
-15.18963434834200
-20.58095036399742
-21.04291863725166
3.90341608657351
6.83605270009099
4.03802228887989
26.35054347525917
38.02399626293737
25.45951516858166
10.88313435460071
7.91780321052792
6.77471427135648
2.22369962540389
19.46509925326329
37.03447222328485
34.69891770133913
46.90672765676098
38.45214375325403
33.59483867848977
27.33020347666899
21.85579010929682
16.85848418760637
11.14834068545470
4.97706469968906
2.68671688502937
15.43827935465056
33.66754675054231
48.13369394058761
65.50133880989165
74.21003515004460
85.09933586437842
96.72698982520080
108.66227920290932
123.23177223446442
113.18271793156684
126.04191390272560
114.08383967809465
102.09484641878799
88.17488370733727
107.67821425951631
98.95077166930098
89.27659761607498
75.26138266934662
94.02811311841246
78.80417578445196
69.60921769342148
64.23414922933715
57.48523102107094
51.27183550857705
41.57922578894635
36.12879775757190
33.39397078097699
27.02903740164217
22.12036247895928
14.13046049667635
15.93714147597917
10.92243471691968
5.68695063783384
0.53929804935972
-1.55598576343743
-1.65122659847169
13.95807181314402
30.00263394570239
48.39939014447094
63.75708908611928
54.24464080178362
64.31752704386048
70.11650140717876
87.24901564145415
69.28187401430657
61.45584578699911
73.99943373063797
78.51036009734497
84.69690891452058
78.39123960523285
61.52096284044732
46.56491678514948
42.03897488103580
58.21925605607024
71.52061540719440
84.24081541450383
102.29460094988255
88.57741667162436
108.32440096048319
97.67452171336205
89.28290196432492
80.07717760839182
67.13118848129831
58.76285332175648
53.38498489786197
37.80914916819659
23.95946563853352
20.49261305820485
9.99374534864353
6.31915997493453
2.22039230541393
1.20600213291096
-1.15967978022115
-0.30569723574334
-5.95081589050082
-17.13532867561187
-19.69031301860897
-25.13042134681692
-27.22901201123127
-27.66084173366007
-25.59161909307365
-31.33621318195444
-25.42948870383112
-21.40765474813029
-20.80659357040587
-25.73055908035970
-33.92436434791578
-0.55622496217177
-10.11994243132572
-12.21442104220958
-11.31725745721360
-18.61578033649439
-23.67637613848522
-18.10453458086024
-13.83382910955373
-25.54379464891585
-29.33689405214697
-37.64846431854055
-35.12328683745122
-33.03894215905650
-37.80161000749590
-48.47225816775173
-55.08709710649535
-56.71354746191241
-52.94794883814964
-53.68629035391684
-57.46015702769311
-53.89261514585449
-62.25361320671165
-57.47771337608536
-61.42405382405683
-55.13116448649514
-53.77491766800915
-56.80587549146786
-49.50140442138384
-51.02986010609122
-58.09421695009352
-66.18540334070656
-75.70623789629747
-82.99922942629530
-76.46336792888546
-77.30939535750490
-67.52214712714716
-64.65374024255544
-65.12796971924961
-58.40135847373661
-62.86131701651502
-65.22144917831162
-74.75640013657298
-74.46528237383563
-80.00419540251453
-79.92467302495716
-83.97158043379630
-80.64063286638432
-86.86395507828516
-74.50997564593820
-83.35684246665751
-87.22115542523404
-92.59543348113259
-91.58113885461884
-96.93285846671719
-105.06634535169316
-106.23518168310949
-111.31988689903589
-114.49604031732639
-123.82949194592432
-132.66335114944690
-134.67775812821301
-138.28908357823298
-135.79176258024324
-145.56159949825840
-150.39477930606404
-154.58834728975970
-157.95323478260303
-162.22108355736592
-162.76178457060433
-162.46667641539469
-167.58066642154535
-166.33874781655737
-160.99404178178042
-159.97194798119142
-161.18925676003323
-162.03800017668559
-159.18536909023459
-161.04648452219490
-160.83391098039104
-159.82851114402581
-157.78868959648085
-158.58636540692103
-159.93710357164815
-159.49251626039683
-160.19236465802766
-156.11155055694448
-159.63081403993914
-156.95307337592865
-159.81889190600464
-153.62501227343952
-153.63732675369968
-144.23276622771905
-145.39294737960543
-137.51695291825490
-133.60843995171174
-131.62381117846004
-129.18362032254126
-128.81722088523645
-128.33832264925840
-128.65850741779988
-122.70994964850340
-119.44339272800958
-118.44928544330615
-121.37957379577306
-122.67173882702984
-117.74316474683238
-103.83109376067257
-95.71445017358538
-86.11831458811778
-83.22237716291656
-75.69029293350872
-75.70064703512337
-68.15170515356807
-67.28874456553908
-64.29839223851194
-36.25430624787063
-38.96848182739587
-10.34337580914460
19.10872225327729
-1.03977195391436
20.57820505410845
27.36657909749633
43.08258507285316
64.40112591438766
57.63915352498495
48.41622065366340
59.24310780960711
48.99996821514934
61.38613042703325
69.00749112350601
58.94616316562274
51.63878065836536
45.00691370792386
36.73910701155472
46.10327250575469
55.40174849137539
53.19501665028067
70.91193052286025
84.25039143422796
76.92272359438863
68.78914753297641
59.87969090830895
50.35167057453082
42.87589166532285
34.35583579466083
24.28538494318692
20.44831305331672
12.14842595573068
10.46178818053793
6.45686633151270
-0.06551992313328
-0.83331370722517
22.65372110202089
17.02243966923928
20.48742510327392
29.48027918299363
37.01256250366793
47.56912726681564
58.16968928669417
50.52215780268641
35.15112127472902
44.93016306497550
34.54536015490345
17.76539874205966
19.21573234301860
18.08732272463075
16.49454930023618
2.09652605578270
-6.57338150545417
-8.85948114441072
-9.16499582005478
0.38822128574829
0.29383909521705
-14.93141330853023
-20.21767542830258
-21.16229830282754
-20.18083463097813
-18.51314680824305
-35.20374229552685
-28.76798750384787
-29.46969973101915
-26.23723767899379
-27.21421596245884
-20.65848728439255
-21.59489625542507
-18.52973460701875
-13.14882671809202
-13.04080136031231
-18.79043581727406
-10.43061593196403
-6.62205619830954
-16.37213919289786
-11.43175949077616
-9.05129152360049
-22.14687814525126
-3.60724209479047
-1.87759211265771
4.92979809114135
6.90949317402651
5.25011302582134
28.40272178097864
39.32515057290598
54.51376665482617
44.78050043924496
57.35604711366054
51.54548622741978
39.31598548202758
57.19146315043111
48.72058362672185
44.11291764705111
32.42266399044208
23.50199834664897
19.33642528437961
6.55953934299016
9.64533203579144
27.23602678363611
3.32548461846579
1.47916315489515
-13.99607088032390
-1.49787953165554
1.58019173983633
-5.52376445807228
-4.81112217178312
-9.66399277084003
4.22842529692899
0.38772667331044
-0.15631638143093
-5.51090630230059
-6.75499802786587
-4.91990311213935
-18.66636600864752
10.23148917853390
7.60512744792464
4.72862610778951
5.58230309342923
4.62419716868962
14.05070587982811
13.03478349248841
9.41329379973106
-6.65531866561228
-17.31668672693310
-27.17254778074767
-26.48075051831565
-30.52602600682317
-27.40334863022092
-36.93265784110189
-41.18366420566961
-48.49721320523678
-56.82190414768972
-60.79927308327299
-77.14053301929420
-82.78006618991544
-94.16431890498993
-113.08668553087159
-122.10219417141543
-85.99288456787319
-87.44624303953761
-93.70545721191422
-96.30413212873296
-100.33609201850385
-112.56045356933924
-120.92274773657135
-118.42369866162782
-124.26979255224458
-124.23574128444970
-126.41694737168001
-134.12208262940032
-130.87596447452873
-138.74691177758916
-140.32908452148854
-121.42602359032642
-117.03122310440328
-116.68637336591557
-120.80658178565049
-106.67919893776678
-86.38116308646184
-58.10596009350029
-37.50643117948371
-18.61291632530511
1.12821842737278
-24.93199333293536
-35.67190552432223
-25.13219652351368
-2.00750007893998
-21.65056010293229
-38.60767419836279
-49.03454868338538
-56.95895898392328
-64.23607514350610
-73.60000014556722
-79.28168916634543
-97.08905079676074
-101.07861532705263
-105.79284761150159
-72.04786424456604
-78.75627539969814
-88.85966764885170
-92.53891858672773
-95.57880987022236
-96.98908299960161
-103.88665260561824
-87.57666426196613
-82.94610091899213
-95.07736983146788
-92.80537370274450
-80.86115439292965
-78.18099560295676
-54.09991802427797
-61.66525241979973
-56.68786317982621
-50.78428422658504
-54.04905493244372
-58.01621279315653
-57.36218724094019
-64.22725442419181
-64.41720624074873
-33.90083995245290
-37.80043946077973
-19.87360527113911
2.35811349964822
-6.77590723858707
-19.92702347811112
-26.52482435105032
-31.70775252433608
-43.30224899452573
-18.79966478005541
-2.01027902126955
6.28603379610389
-0.30577996099530
8.61468006877989
-2.63227480712777
-19.60145262352882
-22.53900235294826
-32.02190639583100
-44.18619293960190
-47.01291218869116
-65.61556199328842
-71.62300194706944
-49.88948593294539
-57.92763564635970
-66.93872981658464
-49.62903017222953
-53.18584662909593
-55.42558711981239
-52.77931511051530
-49.90632983681145
-50.63718417409831
-50.21323797865693
-49.57551761384848
-48.55008609618150
-51.63167488638869
-55.94237881809457
-59.31792910813569
-59.73587253956786
-59.92269658239566
-60.37035677479842
-58.98110785882518
-53.43071560683608
-29.46652841782645
-12.89931648617386
-15.60682914044048
-16.67348349407016
-14.78211624381001
-15.17162259511482
-15.12060736359439
-15.90619063000836
2.30867330766846
3.37412522948974
0.24600834191865
0.17016359675370
1.76376851654067
-4.72531184774926
-3.07114719802527
-5.61682770841019
-11.79089987720398
-15.04289297784133
-16.60979865674762
-18.31509899563500
-21.75806750969009
-15.61408584097189
7.12169206683664
3.83301106412782
6.58365925038093
6.23280565757913
-2.19465095690101
25.22617605143798
14.90330198081129
29.75180632030108
48.48887805264518
27.34197127379451
16.88513921162583
3.75918278706404
-9.15498231617164
-15.41985924029982
-24.58979018383035
-26.96877849955649
-7.97475436570824
12.32752928263944
28.80427547766370
42.70669358731990
33.91699336282413
28.21065769472695
26.18523652600966
19.95908825936558
41.53300724626587
61.71494038481161
57.57950328337110
55.20253388521833
44.01566348471160
39.51434007396524
55.65064092274641
45.72460807283785
41.61619887750062
40.16280946461623
37.47274526464156
34.38015781620872
28.43982094728563
23.92346001454709
18.88660459564534
11.98580544888915
9.01897933660280
4.20501928921085
2.61395037853658
3.74068360995796
1.22784944536535
-0.54785733092966
0.12736995883037
3.39131563793728
27.81796822686029
45.12906736451053
62.91714991996317
58.53992096472609
73.53113938495927
67.70948974948575
78.64894038706919
85.46281074689155
91.51448215268013
101.29937942612160
113.49571340757059
121.09326507556534
126.07914293432350
126.86259879254430
110.16280011564677
96.17292299799367
82.74071550431263
72.78895185392138
64.66771500661284
69.30524268998678
60.58823194452569
48.36862152483636
43.60774487494874
34.80012517027767
25.83905481763628
20.65062153495150
13.10623037043781
9.00064654202124
32.03934190383909
30.29943272501044
21.47306134475052
7.16276107390943
26.90944527426381
13.57335517454330
23.97382270405543
32.83264454808687
43.24417328855606
32.20230337878120
22.24741243552583
19.54606258255896
13.39231841742284
11.11393302544678
6.49225947520748
1.18267496728201
-3.21776977094320
-3.99792382186251
-6.41414849885266
-7.65729706756070
-12.49129218607468
-13.13310692233480
-13.20875209298011
-13.43987594892073
-21.54815965231370
-22.24756614431863
-22.09440228484304
2.05024715931431
-0.72094976076091
-3.59597532169892
-0.37875237574178
20.27977071715305
45.69935681597534
37.72215609257778
23.11646501924368
46.04000667471974
62.00148940128605
82.66399610478030
84.92689492921878
73.89616680726687
91.65059684805846
78.55288706248622
62.27325381925502
50.30127533513763
36.30958298404275
26.52679606798686
18.80972639714760
9.01817681358325
-0.40809987161981
9.74112072137119
1.99455939604063
1.13822497180490
30.43885825449471
25.95356380741229
46.42458055852563
54.40073655651811
64.82426417661809
56.44885062049683
53.15107020726347
43.68612785947649
32.10882233524944
23.82320797023412
17.88984464880545
12.99968815411029
3.14991547960712
-0.11819894798930
-6.59286176725997
11.89216018617475
7.79278323153211
8.30182107496708
20.81975555402988
15.43041917664383
8.23179718952844
2.28520815337950
22.04403699415857
19.86113117074368
15.38960255588115
16.29612830657952
15.87259807597753
41.60446021326742
66.74467380582405
63.78548909337908
52.13285571042702
73.51986771172785
63.44273069172495
52.75812111971837
43.13623705357088
36.82217640648371
32.49566621129600
45.44667024475828
60.40121603980569
54.87027971688390
46.89951010976791
41.89301109304371
65.90772911243657
77.41786026368290
83.21870222942705
84.76066798791884
88.91298446950843
95.59652690273957
108.78844364012629
113.80628400677449
129.76690920396811
112.05054262292954
96.54757345502099
111.14556134490269
98.76947277451458
85.84738274122959
78.15028862901981
67.18248572988956
54.16913862426615
47.72191101831863
36.57687791635809
33.23947822627284
31.27710166033533
22.81534988476515
17.27736854468916
7.89810724297660
3.06563719664678
2.14423256941128
-5.38647307246392
-12.34550252214234
-7.60230125271383
-13.61973350114031
-15.97446400575722
-25.66710500560771
-29.69534555555094
-35.37515549031140
-34.00294369565038
-37.75543256418755
-43.78473728030351
-56.04401824668363
-66.18355052388023
-67.13355559636346
-78.63706874312737
-87.47678352701276
-94.29832006583774
-103.25414514768978
-111.13787295469966
-119.53873125847484
-124.39829726012960
-128.16936953091928
-134.47515758256557
-141.55066994821814
-144.72196544528123
-147.56737437073326
-150.32877384060674
-152.80870939889505
-120.18551595882980
-125.68113763526983
-130.04307496320081
-137.79840011473709
-147.31374651900205
-153.19297474306290
-158.87474658625959
-158.40576702534435
-163.35144385007430
-167.95974431237096
-174.36440764486690
-175.66486276428395
-179.28490688721652
-181.02499512057250
-184.97918336715637
-165.62852602791472
-171.10133615735961
-178.09860932476408
-183.97596211643375
-183.30871925256739
-187.53767086751057
-189.73023123277017
-192.13816910312340
-197.81671722800908
-197.62278253669024
-196.82807998941806
-190.64264818041443
-211.49270528656751
-206.19804436924881
-202.49099665310962
-199.76199946772971
-193.50185627708515
-156.86915701395532
-140.59949632937412
-130.03375893003908
-114.74263453822084
-110.71446549491093
-74.42917563054532
-69.95098509088332
-72.75220174631431
-67.79516319341199
-63.37956408147161
-58.19338651429658
-58.81885513220631
-57.94169218391300
-57.40475439060457
-56.32722647634764
-52.22869997837275
-56.87263346769640
-52.57724808374324
-55.20630171566499
-54.48621964722316
-59.33964498047390
-62.39866273708562
-60.72143719424302
-54.81803531792209
-60.84820550618559
-55.86120246603094
-46.45973779787161
-39.92802985344611
-42.14978492943187
-48.37777905578744
-50.17493116255547
-42.62515312917904
-34.48187603527783
-38.65088834994337
-42.88444565255419
-40.75084421986990
-34.43034178318804
-30.12185334232912
-26.27986097286273
-33.41389726687522
-29.56893526106099
-21.24980623055489
-21.69238651973460
-17.61641174256556
-22.20020801962080
-22.77878281876001
-24.00716998537386
-29.96258922204382
-34.12922262979285
-30.30999000939372
-31.12929818486583
-26.80716999032321
-30.59621025925454
-34.48321548527467
-32.53963601931972
-32.31217278121318
-35.90013172590128
-32.79014712686208
-34.30859984664720
0.71287425400173
-10.96538829580402
-16.25750377724129
-3.01364546631380
-7.68436410563684
-13.49455336249769
-19.58595563278460
-23.29950153531255
-32.79008596216330
-14.59751901304350
-18.99446544165460
-31.44266052427256
-35.03017555655332
-34.35338587579857
-37.39094491845105
-44.01589096332602
-14.87285863636412
-20.71589743817771
-3.79814615566431
11.03183956725061
6.62902211612794
20.73475966692855
2.12053806777500
13.23803460547776
13.86717921099349
5.41826308283701
-5.18378205885982
-19.78803200434659
-20.70926794513437
-20.27031865804777
-20.30144911535505
-32.00500181581376
-33.27251956262332
-34.02117689566258
-30.50849344015006
-30.04264142183528
-29.48700602846512
-30.04463114386355
-33.21104914003112
-33.22651563980736
-37.23939448781627
-41.90600735620085
-46.90277807831194
-49.21120559420997
-51.05435779003616
-53.20513559449130
-54.31506825992079
-55.17908939043081
-31.21061052969188
-34.53622251695366
-33.45639829375776
-35.26669037748366
-34.25504637939678
-32.91034860389597
-33.27435522475122
-36.86618600887893
-24.81888775745549
-28.46866501524559
3.81226885458266
24.55682233091144
35.77373879383001
52.40773250931666
38.13302303006134
50.46867782159508
42.61173060210628
36.30362093287729
32.68735246029465
33.32329998841185
34.69214616346902
42.50112473587668
35.98825692196279
31.30426236994893
28.72168538945574
21.57179426330772
20.65701561320078
40.13006943192649
35.27634602421421
28.44523310949070
28.90723112948352
26.47478405879822
21.01078777335396
22.03900080835511
20.87533695253435
16.00007314897158
10.07960607550746
8.88572564019983
5.58701543115491
5.81820822839635
5.03301976734492
10.59148314424679
10.37222599242914
11.36943164621961
35.79974670979261
34.76460864536763
51.82980285456235
20.94013014303612
15.19249008412265
15.89811586087007
10.34901143123239
8.22356056557535
6.29532910357451
29.14087074216946
46.00475216228334
57.48849268371487
64.53307358919088
53.19075174600557
56.94686554831431
77.38024761933157
88.05928289141602
102.21735490997429
118.12648343147112
131.80986265532800
120.30269980852356
127.71619155204056
137.11202214772177
116.18820681033246
122.76524953082162
103.63757851773784
121.73831230058857
108.17472939931778
89.93647125791429
79.49586924828937
66.50801797570338
54.06713427470211
43.82977854215976
57.79088554468736
47.46136778190525
63.10461353790898
54.32199807075173
39.62792886513655
54.34266517028693
72.15629859199677
60.97043299660163
72.35823539098084
61.84296883753719
49.01527618091968
65.55440514937608
78.31407016980747
53.43714391196505
32.17062638002758
31.25561104799279
19.67081931429633
12.37890397573303
7.86340563915297
22.50767029609780
16.25562757978042
29.52947469542984
47.69528876515229
66.70702185060540
58.52828683448924
62.06684729048251
32.87450539099137
33.05415191718329
40.53101444482790
34.40795061751101
16.88068088620284
2.34399756255750
-8.97057471304617
-0.24473449397033
-17.77512515547002
-4.14137106527612
10.39718795199593
33.41988432762732
26.91347082715091
21.46334864464684
14.84401592843687
25.61326987235817
36.69888542256828
15.97244044260133
26.69194740300148
46.42996552515343
21.09562591134396
13.98105701445929
-0.10550479045047
-2.42484112799113
24.80891212672559
15.72354531446507
7.15792741892352
17.13529016402617
5.97680845492419
7.83113523544085
29.64583546982885
23.17161781024491
-3.97052074621264
-5.26615486373718
-11.67988405606678
-13.94501171384876
-16.15767263002238
-15.40458283374721
-10.48602474187472
8.71494662434071
37.46879269026426
27.66936148707272
21.89827298866939
13.89361668675211
10.83094151120036
7.55609870678965
7.98798248558897
27.50521654706087
21.21074565358148
16.35962807534905
19.20170593562192
43.97343230554149
36.70198939900936
58.38662272571134
45.56436592118755
34.43153059012868
27.62864471808504
25.30197870232191
22.00982148244398
46.05203781514503
40.64080319730283
36.30379246293781
33.84571663366108
40.61716618326505
33.53890989473940
27.22307131410545
29.47734713054406
26.54166106888304
46.57155929797781
39.67946004441987
33.80721672296472
32.26991045569904
27.12098733750447
24.91766617028396
24.54909739406671
35.33160248624630
27.04744638481368
25.14416777294755
19.62592625743240
22.25647393585337
18.81444475593213
16.74531335624545
25.15338496078440
48.59113270555599
34.85840268851064
43.24040140650524
43.67686760931142
42.50316360393916
46.03370906718759
40.41430348522778
65.32072951867738
55.77646666277708
48.71869172413871
71.74009021685015
61.69557459940651
52.01782542338840
45.72342619036184
36.55157751359975
29.64545594878370
21.57880120454873
19.43317038074321
16.76746865785636
11.07095456218129
11.36860010402378
11.27049109295641
9.20543544468670
9.17773183955593
9.43074598735092
32.53535017905127
28.59990932843809
29.95990721663943
25.48504727388188
40.38675983281017
36.14761467429161
35.47377283310293
59.42070603079493
55.08865817306791
73.87130425113295
84.46062336228854
95.29527099676453
79.91426921912392
95.68029982643242
110.60627654617380
124.18815713496895
139.61077728436578
126.76360211192477
135.93002824407785
117.34202230475901
106.19176318611444
96.10550671319947
108.41126495968524
121.90155135505240
108.84915882174597
98.55949749382010
82.62179832549255
100.33439593811624
87.94419781696145
74.32008392661760
65.99890988304475
61.42276226444454
55.13418580506001
48.30616073532305
66.55245318070436
85.19973587814424
101.96862438261269
91.12144273535166
102.16852775960672
90.66423022217404
101.38629621609795
118.75482462812224
128.87512477450235
136.41164609774532
119.82869467003793
129.69199848623597
113.31456040592343
102.44383518168280
90.61516259269493
79.44774465527435
92.36769125011260
102.30985871286109
112.29845326845083
124.69813666167445
129.28226761798743
141.86709249243899
125.31915077036038
133.88525431860933
145.79932892503291
133.78712843444504
117.88596602590290
106.59836578605099
119.34817555344902
129.43685296782786
115.46667755953050
102.20062541978234
93.34264316388247
109.77728149493164
118.26783787007703
108.52590422879990
123.28628981899686
113.23045005449835
128.11437913170352
135.07411841751016
144.40829084148373
151.23293736591944
136.17115775052096
123.09432696795996
134.83164139003054
123.13080942361817
108.24606034484462
99.83165685712571
91.82831918773783
106.40119259555807
119.89809963503187
129.24540358209686
133.83530204792470
149.66990073239663
152.60508459275491
159.47480030774551
147.40558587051629
160.30709790786412
150.25454482115418
156.45721012959203
135.33760497704401
124.41200470138115
134.03717556367985
116.79286567041920
102.46609194710354
90.55841630563913
101.49382647365340
109.58466164376756
115.33066041695778
129.24437067891483
131.73752992730618
130.99764117358694
115.68619972692315
119.17775886246527
119.78544586884946
119.73569561429608
126.78706873143028
112.52964403701628
121.34051624852574
101.01767828600347
88.79203787907757
95.70536844913291
76.42436346490847
79.44397217567335
82.31404974410825
92.11737548884338
79.26954730540096
83.66756932019737
69.20566197191641
44.94454229527649
50.99034687550200
68.82865688301104
91.88265126781678
84.20705362385199
69.36941255885861
78.36804552979216
87.92894075675599
78.80076249902446
87.88401903427322
102.11165142277613
117.78959579689064
103.80126215994184
96.18923018267658
86.58085058914251
79.42431303266301
66.32084896786529
57.28431011681269
47.41296564202493
39.02975060461804
32.34037804480903
29.17577124884848
26.08569664933646
22.04071391717510
47.27723224349873
43.25144495049750
33.76200351904269
26.71818401023291
19.74428111659890
15.98577298628430
16.54225995436283
38.09823588705165
34.98704817227665
27.96349013491020
46.57800994995071
37.60151426416810
55.71544153510823
76.54916977093237
92.09569011110204
74.26048039636837
58.18578425893572
70.72506654056424
77.01570147841262
59.38813942988391
68.06588945468343
77.46079291905556
95.91644504754665
102.17948431780457
86.65366239700676
72.40314507471864
62.58653640534177
52.58545031463330
46.02245139928533
61.75170316222517
46.17798143469131
66.64354524629081
77.81762080768614
62.30814788777219
73.55271020248786
61.74728897194559
48.88980741096811
51.96614623343949
63.60582561446672
65.81709945687818
52.48525719339538
63.07129707321199
59.93295825945002
68.32308568105411
59.55563735054905
34.42694817467658
27.41560877830190
18.84451629979458
15.03900659153041
10.07181039589695
5.16497439639696
1.26147600851930
-0.96910305323466
-8.68189693661453
-6.36877984921841
-9.70256004597872
-4.52661905604332
16.90219575078035
12.08290079519033
12.86622114977034
30.47071918281847
48.49895002536846
70.76521055816191
83.20049722071732
74.71995492751142
65.89480535683933
59.09008123288004
55.91960673275330
43.72625193349196
61.38085279012092
84.11818620660210
99.77727068138535
91.95496352206824
84.04487311076855
93.27196927741652
84.93055576455998
76.78502776556770
66.76327284096705
56.60570407569245
52.91033612175521
47.82627150360799
46.70477946793675
60.72505575175275
57.64076467061161
53.05036769776640
57.66282968116445
47.93229169866231
60.67006719673398
71.24289021889965
79.77044932160221
91.90509574879752
106.02465868350140
115.33401069929619
126.21979888749786
138.91681696115467
126.22118974026208
108.88644798901538
97.21795258721757
109.18424731047566
117.84890411116460
116.55166429776540
124.48379085560939
131.91108568818908
122.92099786923598
131.53917991582611
136.96681423003420
141.73640208410814
125.11862447847994
110.25353753544312
92.24338097074545
84.68691141455452
95.69759472933472
82.29706875685913
73.39683363760894
65.64899212227978
58.52751613235154
68.23405845983133
62.37932068673659
77.87931304996002
94.20188540100023
108.53922385580427
114.71722340601666
126.60435087037106
128.88866599795060
137.96605772444659
114.44212242690654
122.38172911159141
105.46790992520242
92.13297835013041
79.97927207560380
71.78095402968141
82.19360311255855
91.07250259402112
77.22253142679077
88.54362298148187
99.47933155977506
110.30627874243609
95.22618758526279
103.59434332067825
116.04418822779112
103.30794179219021
93.02363094241456
78.46751706296925
65.38806209849811
75.74130589721528
89.45633371295008
97.75320934069505
88.03820365184957
72.79548758459148
58.11922421727348
74.56058979726809
82.70596014800955
88.90223201643590
103.58167626020904
105.95070314268406
92.80069835973759
99.43630978970828
107.02666243697715
103.26775973262831
91.29166713164314
101.15085314248796
108.91739158568453
119.46996695849656
128.77202940574614
111.71861275345638
95.91700159658521
109.20286525485031
101.10450568789418
91.18373787876759
100.77458978397493
108.94514016109495
79.00273800529888
92.66327354634194
104.22201405037160
97.28444652699753
104.77505861060548
91.25740475110966
105.20512746985516
97.14348467206058
84.67008395862538
104.27204188745793
114.05769736183079
128.27189283144605
141.44606621831727
151.05130785405146
133.93436559348496
145.03671238767600
152.64656455911492
160.61400382584037
167.77333659924403
166.90089662259302
172.69915080601135
179.62383620197787
181.80460711483576
157.79882980856510
161.31635308114423
162.57702505796030
145.34920817944536
151.12445990878356
157.55883478839775
166.34347645472337
167.36943101690051
174.66437965826773
180.04223404259977
164.08455564396419
148.01537342454654
153.85199658537405
162.95527103065814
172.04986698741092
155.48040372244961
137.37365188330864
122.63056256946308
111.48175650290815
101.23218995742894
92.38601085902796
86.17492125534622
75.88483834167165
56.96950799011542
49.46490507956231
39.60609658126554
36.80485093347137
27.03666046414504
48.69485254225633
44.09572504177589
36.18181466180056
54.29955598447665
70.12384638311018
89.10118405538333
106.83666131453664
111.33412997039534
120.98581820344677
121.93131804608551
124.51620190608750
113.62559005854432
106.08265271227907
90.33895983882132
75.67842221304637
73.31876227454327
64.08099867126725
58.20082414670303
73.20768036539066
63.08755336711210
49.44082841824574
69.96565876928236
57.72973839377317
76.22938763462804
87.56211443518868
90.59412475583400
72.11167665304983
76.31208185236342
91.32214823267455
91.44541706942036
103.20422244061004
112.63906402114634
126.88799149976211
128.68992811898971
137.08034818180781
128.60956536154063
138.71271090673548
141.68419425597034
128.28301841956002
138.95047167309332
152.13556505658013
150.54317159612165
141.47462592951817
124.46628037264914
111.12629350005315
121.50181439229846
105.77158606576150
95.85166955578924
110.44658621524049
121.77219932724667
110.85138832317917
99.21560851617009
107.15928944711581
91.57435294246889
83.63493766208489
103.23775239767954
116.63616168232325
136.39275418235940
145.25754952587735
152.82545708900017
135.45710768092624
116.13247747860416
124.99400041162669
133.43279018392869
137.04231515411854
119.52149261348637
115.20082183672876
113.56138025646403
115.05300190990060
105.04424101263453
118.47354100200371
126.86984502907002
136.27722175477675
137.38545647595683
122.74964063652538
127.66215150663497
130.25018153349720
134.28726082482584
124.22127591067596
102.18541454683808
106.63267885130452
94.76603324328320
102.87655805297854
114.00334783801098
121.12616304486612
124.35838943463401
132.07501951269592
117.73564135922881
131.50379676468202
141.69180675940927
122.43652590944514
101.01460693590309
88.79341298257548
76.00470424963443
89.68139138463734
100.82393690394809
110.43656996314172
125.78427253669153
115.25178196568024
103.17110340779369
91.14372124680592
108.55773507716714
94.47919400991708
112.96629476561310
100.25775643127548
113.13040593791433
104.62165069452062
91.56098899998121
87.67193553787033
73.39833090215154
64.92421903549850
55.44144260742755
49.74477717890649
66.29263631179418
82.89540019290760
75.40916653435801
71.58026270284469
84.34985912680960
77.07767375485312
69.77407847270501
86.18864578703675
95.13681086382300
105.39775712783710
116.56985457559819
122.58555228244802
126.27540311509341
130.34923253801409
131.08574450108210
115.79094164667359
123.28353649857890
100.81081288220325
92.68604429611273
108.33008577537875
113.11053803998040
117.61721708342350
103.40264616941793
95.09498171945954
83.19409208760396
81.05980360757715
72.13692604044833
63.77026180935884
55.31802975570827
46.32342671308608
64.34841725712391
62.20640097074684
47.35630200986017
58.70782954744215
53.35043934299891
50.46132180498117
58.18715885383224
69.97045150385384
58.93293953873725
49.28933795426091
57.29264964988528
75.42469183872775
90.42384165344490
79.36349935460792
73.55167924418109
82.61401473288223
85.75070443031619
79.69472314371752
89.41767747347461
94.02238224087364
101.36749108127758
114.90831387833914
132.83116958501225
121.45591063998103
100.59693693775719
115.19976234302965
113.81656578376251
97.86498992653749
79.25628480541495
62.13217429998362
43.47219270390818
35.22375537511733
29.05867667967142
40.67800131518930
32.67416643863089
46.87953636301788
42.09839677086561
46.79999345753438
58.91228081703284
49.74325809537015
70.56852638925247
58.72079113345028
65.42756114200304
46.02026180353200
42.79091149223714
29.30686028187048
27.83490656921182
17.37196477907056
18.24958211942045
11.13431999626163
27.15887012660209
47.86104272769364
56.83918354450879
27.43972316369832
45.20915926536924
55.38020912174743
49.54326467031208
58.03646649366151
54.69291201072675
60.59194733530601
78.80619008878870
73.07589745884185
65.95360943469908
73.20417835678313
78.73798107429324
96.24307046269448
105.99734862009892
113.58368024222227
120.77315521104941
118.61244565737539
107.88043333910231
121.13852644115204
100.05636759445886
81.61688695603301
59.12942943676003
51.98266846904859
50.84688033172544
38.02059800149277
49.40688902576991
39.69545253136456
29.96938383372606
21.31582832305854
15.01655069941619
10.86444371484364
30.10747648386126
38.68277070531975
51.42898472795711
68.26865382291103
85.93291406576412
76.76214070668328
88.04392831957216
74.92586131909798
90.20749047766446
77.87815456291898
73.22315596031530
65.55284876352485
64.74772695719990
56.75058351593022
51.27741819155371
44.63823282471858
38.89513964619468
28.10505267395031
28.66305227578192
51.46948534574454
43.46103043892465
38.06340436221873
57.82224284080414
51.50027754292840
45.78572245846800
39.93391970651506
35.84127788937276
30.69764759240813
27.74997191585688
48.77178701588527
71.80047243259293
62.29027429395165
56.74288351036812
48.35838801474286
64.86210964756779
74.71416090104290
93.73098861589715
80.37608769204178
71.81903454721296
63.89537009533187
56.16499651161944
50.44378923699101
41.31595016215974
58.84983845313015
50.64467949018548
45.02134495365407
38.01619431202440
32.64050072010440
25.69049425041424
21.60993509598121
46.46971751806738
45.76488760307971
66.56500594229139
60.66885753406763
57.14528765946307
56.07284349478338
53.53311570873743
70.09046121222399
66.72556047749548
84.21831789811829
76.18248680599876
68.96449480103747
86.40084815887963
92.67337139717966
77.49620591807772
76.88596027442540
67.76148753993878
59.12238463308466
47.03766020186384
59.75106299883366
52.41757445379890
46.87150789788220
59.05454057911449
68.72591655663494
64.98959404408633
53.50992403770784
45.15401140386215
38.31383401996396
29.81115860854326
26.25821991656751
39.01898053737510
46.97029186862156
42.72407199837978
56.93914056945970
51.43006917570378
61.62742751665540
56.01660920639232
66.39947233391781
59.45029409467934
72.01886820844328
64.99458218486437
83.09054528984369
77.40505551924880
93.93121624226396
104.09678396343963
95.62800671736598
109.18700886459004
126.49199391472769
114.25122933346651
128.52464078809794
119.87666902624993
130.18661067127567
139.43141019673490
127.49906307834792
120.45718810439089
112.39448786539153
127.40861420081319
137.14167581621166
124.86190702186229
139.52839764425724
126.00076148174644
109.77672597864745
121.20579884541178
134.35285267517435
147.03896263619097
158.58238444534891
142.71781340200775
125.35886838296551
109.56160045635991
103.22239782330109
118.05352224470141
132.16055879688099
119.29997379628065
107.42793943672787
96.86388010796111
111.40088789283354
100.48611978599526
116.95030039692459
129.50348224822216
141.53209295305112
151.59221854398280
155.43224298223961
142.87126866991420
151.33842109077526
161.91508492819676
175.90507778098271
157.03901226980662
141.82411271954064
156.71561876342156
165.41399304472000
150.46739530521097
138.08077904735180
152.97784304462863
158.39792040432886
135.67048058523923
144.89782981977925
150.35288576084463
151.13525890528118
135.34990504408347
148.04136859588525
134.29550406926816
149.12284910883719
157.34755793349078
168.53229830848369
154.64396851289354
133.22628743243027
147.68823197848323
134.34372655960473
144.81531286308081
130.66199025167867
118.31229301947725
129.56236647862343
141.04201093626938
127.89316546314764
116.92078255741166
130.23711386913456
138.26035957072031
147.75311514302507
140.16642469448993
128.72655764394966
144.67764029506711
158.55237779699840
163.70700605795889
151.83030578242773
154.15084229245846
162.52961049282533
145.08733295196078
132.04319572508550
145.00749582193362
153.15352163187697
138.78371676636513
129.62352929362152
136.52182721248283
126.61983505849226
136.36069297899871
145.92215104730178
154.19305910198247
159.85216243346213
143.79169718138940
151.83919551309006
161.36367565665466
165.85900765995427
172.61658520974282
178.82556328632256
179.98015028059885
184.53852819507597
165.51264442294328
174.45766310784299
185.69623126346096
194.26349607446991
177.00941122109521
157.18404595560321
139.51182491998762
127.86924869706830
146.57263944728706
130.11572525065387
119.29231268385000
133.35048446637103
119.51307217827558
131.03009690607124
114.50451441839576
102.71378319114889
118.63489516169452
110.71080497269968
123.89760238488448
112.48878453512371
129.09163309695975
141.10275272237672
128.18949127802256
130.39356895636689
141.16783380807584
149.27882298314265
135.55040633571048
144.12476724400096
151.10442573265564
158.86286005566194
170.39436621547119
177.64232329320663
182.02207576093065
168.18063176516270
177.28661902382535
184.52529638373881
167.00431106717053
177.36380470671435
182.24156175009045
162.88053606897068
172.77652172822613
153.15262524477049
164.67375704543076
149.81519874917080
132.89214354152793
144.99263355015441
129.31725256493675
142.46916020832734
130.11404881898090
119.90305786935130
112.15601261355067
99.67807483030100
114.07614682482917
127.62056118774058
136.52905615273832
144.67374707118921
154.43715574111269
141.43808913572406
147.10798085609977
157.60389453238429
163.51369816382595
170.25139161576567
176.53498926846220
184.22872907313860
185.08850590636280
186.54624455974749
192.75304747204936
189.29267953194309
194.21235737769115
194.59851030440302
196.09878520493427
175.59622357049872
182.13772285939254
