-106.08522699776964
-107.23158314615050
-108.78931395290086
-148.51161073487339
-195.97650043365519
-230.69335694169445
-263.21647598979359
-301.36819326888434
-340.94015740416171
-365.96948433255977
-433.65396816708267
-400.77816301713580
-390.30526032744001
-406.21845685671713
-427.56138843564315
-447.70649316456053
-464.81248045457113
-461.14478383803902
-464.50513680667621
-473.93158665859227
-522.97270613298019
-534.12566271578419
-534.62357288955343
-519.33558372095763
-484.67239866324337
-485.73379006169091
-444.41181747259679
-414.21217757244625
-378.84302306277772
-409.21551332820883
-442.20010238821766
-431.81187510512609
-425.08200324521260
-465.39039499072561
-461.45687249579368
-454.13493590366147
-441.19934211982195
-424.18548850629799
-397.96868697909315
-387.02077884181756
-362.40719886719302
-344.16773502725823
-324.41862356928652
-304.46030871272785
-282.17235965985054
-269.08694090165062
-253.79594621338839
-261.84000377762521
-259.57867336560059
-240.43996911926348
-259.87864617133567
-251.88500310265275
-243.38953515452275
-245.02100661429290
-232.18166874525053
-225.09821351729855
-219.45562642906839
-210.29663864370008
-200.06754538168946
-203.17777453200048
-215.88261762909406
-201.95301078367672
-204.42089898702562
-193.78680689305560
-181.15319891193730
-187.03244576215801
-180.53080914487617
-187.60033749641747
-232.95242412449625
-224.48547276938140
-243.43438726411679
-274.68941752524483
-291.88793162889556
-328.93076699110100
-350.70133620765836
-366.04320615552183
-391.90578679580744
-440.32522660917220
-434.43797651578245
-464.15723878545845
-499.51838027019102
-517.06889158322883
-549.11944079071441
-562.63423748626769
-569.08807477050846
-581.59794809463062
-574.46303088830041
-586.77091536394028
-538.34639262872031
-496.14393007048704
-484.79598595153107
-483.49542068057656
-479.46471916585267
-449.06343544052237
-415.82736272276861
-391.33766097207774
-397.92236719320709
-385.50603011139765
-350.63477706430922
-324.50569187300499
-318.15399304061589
-317.93185505989157
-298.16957856062055
-279.19317844801049
-273.67622164707552
-253.45146293185286
-248.43805966035089
-234.14723936948613
-243.26571977070532
-245.79125579281518
-222.18918590190660
-207.71278897635594
-196.35170919035076
-182.84225903979535
-175.82842646314157
-201.58021929621728
-195.89232073342711
-181.15092460039162
-167.09176110656603
-154.53374503437180
-146.57268873865556
-136.03771038819957
-163.68858683293121
-192.26668213231574
-184.21704429672596
-207.98372239065898
-191.15081258566391
-196.41696175223186
-183.36576592831275
-171.97490859343304
-206.27797280838362
-234.71750503603772
-254.74594406613198
-257.52515757311789
-258.63316098962792
-273.67290157626547
-264.90169482667426
-257.54890703016628
-261.05409089932868
-292.10566884679974
-301.47160996121914
-314.91413805235851
-306.08527226893904
-331.93368938124183
-363.44421028078642
-356.65653740999664
-375.22045283416105
-356.05645951502640
-361.39114585852388
-374.82600316355291
-409.49113406203799
-429.88053252753912
-409.09442317075644
-393.43298798231831
-364.29027310100446
-337.60080846862854
-339.23023854897593
-312.73738265985429
-289.31317123897310
-269.53836846265750
-293.88394853659503
-279.94468315615620
-262.04720470885343
-252.44831818286852
-236.26763366201425
-217.23787852536844
-228.10295861083731
-226.70196587461379
-222.64910274292950
-202.30048671443740
-188.36264449475956
-177.41038462147210
-173.80840238586680
-160.47037270731391
-160.89089024831338
-154.10822376546929
-173.59307857296346
-163.88221573513960
-174.99158079192497
-165.18572316537069
-169.57505689385317
-159.80931406296912
-147.53821657367354
-155.88978155194820
-176.61507551767335
-191.76662362630489
-184.97732141618008
-171.23180115022865
-165.94562234877503
-192.56218913117448
-174.42706507660014
-163.45929570739489
-151.72839836498099
-145.24443032705139
-136.52614919708418
-135.61377132544465
-153.56036990311028
-143.04011278350333
-153.17909414966365
-147.44290623395409
-161.19778737018481
-170.89737603747241
-176.35608088799799
-183.24419857922342
-196.33644032913440
-192.06737481759257
-190.62771163012059
-183.28490423858847
-185.96553090611087
-192.48888560922154
-152.76790739614489
-136.65296693762210
-128.79198509785311
-117.02766946547118
-131.26286813550945
-141.85729129122689
-156.44332284170969
-144.62552190900806
-160.46771617512067
-144.48199962003454
-162.63826554921135
-184.41668817472345
-187.23036933291093
-173.50299061334178
-190.06995692055779
-182.46599537475947
-195.25250971848317
-207.60186642863306
-237.84097638249733
-226.95382210131072
-236.77707969892316
-254.18486143254680
-260.51007084145124
-287.12643799671719
-296.64953373474407
-289.31236170131928
-308.28765512479475
-292.45607329182144
-313.03374410952586
-319.52752370895882
-321.87483189260900
-306.22446461819425
-330.55550186399722
-320.86351361411766
-268.97064406463022
-271.87668011136628
-296.87426610749469
-273.21548349988751
-273.76144364611685
-287.24703467426502
-298.64614343347858
-289.98033455326947
-257.67996355886760
-250.19493821690222
-279.32939098726052
-273.29668854800082
-245.44244812899834
-226.59875199522639
-244.01242274773105
-255.91891316900828
-240.33786934499577
-236.05778287447373
-213.54030049315318
-219.69215136204187
-221.58989476765976
-203.81607228778103
-189.98547575076626
-150.45777072228407
-134.62827322273284
-141.95249894359029
-150.57997776648540
-150.82062149609396
-133.50005588824607
-164.82661690071041
-154.35314888274172
-156.48766574774660
-148.34921200471831
-107.92642065992681
-101.75345684902040
-100.65753412801187
-117.15180490272368
-81.52449517896500
-81.34749738695459
-85.98099794041153
-91.94061304656084
-113.39357211116312
-113.69642944021518
-107.03956158884657
-101.53419834891380
-104.05851220740513
-88.48739094951516
-99.92093796533192
-89.43455418188384
-98.14715954057816
-103.40848949295503
-94.92035884949732
-104.86131790588362
-114.72600488627690
-113.83527498761134
-99.95332244499299
-99.18830773776354
-93.51494860216775
-97.55682660305942
-94.26781722807993
-92.44764921776509
-86.88585359552738
-71.81999792021740
-76.03699726990361
-81.91669397936404
-90.19460514701503
-94.13135634588932
-61.33096374685388
-55.91601897926636
-71.68623027947157
-88.94126701505837
-100.45180794333316
-85.79891246030645
-84.36120198502861
-84.01894592535614
-79.71949375086341
-66.28068717801038
-91.45858641426256
-68.65590146185976
-74.31536368981270
-68.09521315409462
-69.51260896101780
-57.99624837115106
-53.54924645503277
-51.78770576280654
-45.13893620841402
-45.01996542155860
-42.12274693453612
-11.92975423395023
-13.56163879048430
-8.70573307089645
-15.88750718009544
-10.83419319241020
-9.74455951665638
-9.54026800351846
-14.27886726641306
-15.47502575957748
-13.62072177112413
-15.13324875491329
-13.19973821431131
-11.74600701628022
-16.16941469129799
-18.52243126248569
-22.57839249977004
0.01966959229476
1.50488654458523
-5.29333703070541
-13.08838817361905
-12.71018214533246
-34.36518586625024
-38.70804770531154
-14.24387283017591
-29.84649624343830
-28.59160887349643
-31.53298337418958
-31.61033013498771
-8.45120226149012
-10.09082971473996
-7.58623906882384
-15.58512892382079
-34.54895175768524
-28.77811668648674
-41.25028990116528
-34.37330735561553
-41.60414685595775
-70.83903708788348
-71.44471586874754
-53.09512679051615
-40.30199303769715
-32.27402573527699
-27.00982909501518
-21.24575346714423
-23.60995982992906
-21.59308029357953
0.01384434776235
-7.71459212747448
-21.33574881795793
-31.70186472276189
-35.31715951209572
-42.07833801198881
-52.14220239903398
-52.79874195663471
-50.43549072438763
-51.32206636629072
-51.96933635986666
-49.49827662442269
-45.46610987118554
-42.19580607469931
-43.84708116254861
-34.35136549745244
-29.66660234017370
-30.13778122808459
-30.83385792765344
-25.20956469176961
-26.67721345029004
-28.64441409545653
-29.21380144141622
-40.18526724420557
-55.48829391811172
-55.69917291192669
-46.81942367550780
-45.03357816612824
-42.58985968455104
-45.18488248698676
-40.84397309946159
-43.49582362396752
-45.38654028757790
-44.50047897107733
-36.81802374930275
-35.01512656671341
-57.18471576784533
-67.07432044073278
-73.11967248173632
-68.83393493341953
-74.48124150067989
-64.03539124209205
-44.70103252191112
-45.42581809525052
-39.73794558691191
-39.80267536257976
-40.36464954346843
-28.81922020979754
-31.25542069009134
-32.57189501894526
-28.31275268607733
-26.17264647870562
-26.45901321351103
-38.57071738938690
-19.25320646642724
-29.47401171278200
-26.18217431843341
-23.57107924875152
-24.82811663809694
-22.17317229181691
-26.55029815239729
-26.95421791563144
-30.26168506923467
-38.94836282635042
-37.54377803106654
-38.97496185530633
-34.57763372742295
-32.49797177376341
-29.95420436892698
-32.65628557020945
-31.69122912501259
-26.55888211421550
-19.40404457884735
-16.04285977197701
-16.35291215720269
-16.64860733912284
-14.26047272488922
-15.87120075330579
-30.62563140033738
-36.03219204610166
-36.99581498068634
-48.48631321542909
-46.46971298906263
-68.87686662398229
-101.68146438913010
-111.85085973150377
-105.14810104234638
-105.13104249063133
-102.90756435521646
-105.60672406546244
-98.69119404225850
-92.45462062011629
-90.68221398925931
-96.63157031522701
-86.67826208116242
-79.86483710671598
-85.59495005969612
-84.40250523527442
-72.95110310714175
-73.20838366978354
-71.98024953894458
-67.75857970312599
-66.03390603687271
-54.40827618439022
-74.50630191098965
-69.88597846372249
-83.24013326994293
-75.48537173419484
-71.83589288984284
-79.05246199593591
-78.63223243138043
-76.01848481682239
-93.00500490279165
-82.85848086240392
-81.99936650125373
-79.64394712752603
-66.16492118244739
-76.68141170719083
-69.06668051952772
-62.72389516568783
-48.42013202582372
-78.96850667247203
-68.26378171571251
-71.17410812657513
-56.87290823482143
-78.65099533716244
-81.37820923509796
-72.94809989075178
-68.70782492069947
-57.62280657796880
-62.29935822286082
-74.47789859759291
-78.77712701236472
-79.34330419218497
-67.25308930061705
-61.58747186179234
-77.23031771745416
-67.03529836486106
-60.10278687084029
-55.28557262026560
-40.67542516172404
-16.73566359661946
-38.55772079872735
-16.37074441888738
-18.31548626942467
-25.24169201641520
-36.59320287330777
-33.42403894221418
-36.85846434496914
-60.09958123573652
-50.65212986933749
-43.12436919032140
-19.44742687345920
-4.76444832401853
2.94256380487326
-2.67870075516081
-1.10915794174183
2.50740012079672
12.43805602366053
18.89624887096282
29.93257587212588
30.06006858105365
20.71351326563165
17.71116640718165
8.10863070124298
5.91906899420657
6.43815647354420
3.46562742732006
-1.00131720242236
-10.95601944961506
-14.75257833739229
-13.77318488647832
-5.13471478566154
-9.00784700877349
-9.94280373214908
-7.04468622033645
-4.51206451496062
-7.13045718117611
-5.06312480613859
-22.30996967681972
-19.65791174618415
-9.62273596231871
-7.84989378005802
-5.58095060535215
-17.54653160700446
-14.97812234297117
8.44406189350898
-0.20103699706864
-4.84432078809093
-6.23070421100415
-14.20006014003711
-4.54910756396918
-8.24438470549208
3.35614063991069
1.54581194620942
-12.71586844768814
-31.92130798897731
-25.80908482037345
-33.79751168672837
-44.06229383105482
-60.53104330454147
-72.81805671727726
-50.03665198463173
-51.07393932436845
-32.03972579633501
-26.18179430451107
-26.01851566697773
-39.25326866029867
-24.26482644979566
-14.12358679497399
-5.32543692079924
3.58192977341040
-11.53683217895293
12.40439407358549
6.07044812187665
-0.00973546317493
-1.97887563381655
-3.63411075455361
15.96437842332662
30.56776695078243
8.05602345437523
2.47474569974855
-0.38607063028338
-1.74210020170977
-6.80992918259075
6.56970067279242
19.89920008203425
11.29916736076773
24.39576670039464
19.39820342969965
15.57792632705495
31.23868698227422
28.03846526655511
20.34901750722327
1.53010848379705
-6.15645180150317
-8.05857634540010
11.97045295779105
27.53362193195440
16.01936096608714
9.10044155991330
32.60559983366050
48.31657785260213
52.64870447524690
44.36119721150579
63.99479154433552
71.04396846348332
86.78998218010707
104.96439774867387
118.84250116099673
133.10567256377931
135.37272231685276
146.20297188424857
130.56196056447374
142.74363768813464
144.14596394277194
153.04300581446546
138.51645906879165
134.64269972528601
124.28499624381514
133.05207902761475
112.91887407911574
102.92407486045981
104.95585530175734
124.70737897526332
141.00956950837389
124.49592282527698
109.07967337955991
124.77154619517401
135.50352303457311
153.25992041006879
137.06358011183139
148.74834889381697
128.72266527084605
138.53278294772394
149.54217718282388
127.84710961041604
141.80886640841405
128.73003791798621
118.26035878279326
133.42566099767149
144.24124574665950
158.58143242035229
166.47939637815094
175.58842208517819
156.03133449080732
142.69621260483098
131.44568137771404
138.54453549728692
122.47001424749374
115.40734745293419
107.69685767717580
91.96889760790606
106.98310347517844
101.23004341744149
86.17741022222634
79.36615000458508
73.68052028161287
66.98096353231871
60.25539378429121
33.89436211759372
34.17112158894700
32.32982472577027
33.50746888707624
57.97536775257692
53.52848789652970
76.42921345893112
73.18284274295704
69.19103277221191
92.08431697022840
87.66572103612847
102.03983597737009
98.29457558408448
87.93405178640876
106.57397593130386
98.44505579433624
119.10263313570300
135.04818349585048
123.89570467053680
115.11241570049945
109.09063849388353
126.04155590275792
116.45882931503952
106.20153678545019
120.70720543833477
106.25173453361811
98.83780953776032
89.82592451423731
81.20302640833701
96.15752170902854
66.56124988940985
46.47959920772283
66.70875520605520
60.22587860651318
80.23198660785766
65.64005892961694
58.62177528801102
81.51158262956857
100.32773712861376
91.81298232739611
103.71753475047916
119.25314835512572
108.04404532428659
81.22709974104021
71.77892861111241
61.29823486724319
55.75651025005712
27.10426484776228
10.19633926698365
38.11542032895126
33.07262217922932
27.86098148800331
49.28928855943423
69.41104199312710
58.71611493782682
50.12446522310402
65.68777776031533
80.06514633066146
56.16801641842991
38.74022069053184
31.77070211094434
24.53233694387825
15.58300474173963
14.02783601049263
4.87930072423081
-15.23951321063092
7.92099462866654
31.92731900709481
28.82003115966803
24.29547914282121
47.73212705115809
66.04533400443145
58.59133133253763
53.73337431352918
51.16136985236449
11.89622216141307
15.59533555777059
14.82168529031699
12.23344393730837
34.05079492675537
32.08499799543289
25.83434657384849
22.02931027036855
11.72843763106695
9.39302851143052
33.87883770921390
57.16943694886356
50.43020505640577
43.22547942157684
64.78323005199925
30.95884980330860
52.23990723911287
49.95542059067824
74.38058038746107
95.51937303171042
111.69325350672294
101.02551135532707
88.52720011438922
106.54865550602338
127.52704602483973
113.76612572808381
104.49242707269651
120.40007482918497
89.68315809670541
109.23213145276196
125.72219305692985
136.99849283835454
126.50412545545494
138.50718995624754
123.56795780971564
110.04098165709493
99.54736137046369
92.97987683848744
87.22864431555696
77.50098494389529
72.67760205609795
65.04141404126696
55.51139629146499
47.36295191393246
41.94686281455172
35.81501822059792
19.43152256290934
22.70040531312595
18.01900216506337
43.32966726563079
44.55622094411919
69.16933858336185
63.92271154989165
17.53496472698343
15.84848670733176
41.38056774823615
62.77549192288307
60.19742267797109
53.45259131587716
16.20993936690265
9.99773845779320
-8.25397100604843
-5.24395520685695
-3.55068037072387
24.68510202376995
8.37541042377502
4.58828620488929
28.36113966069714
23.56696414630060
21.45369156737789
19.91473219440270
15.24478143948634
10.38788015733312
-14.49556150477271
-17.87767745637482
-19.30957987457326
-29.65165878080293
-31.08023037258512
-31.56608602316393
-39.79965624145488
-55.52778869218147
-52.61103096353738
-43.88097067641952
-38.00216519334808
-31.72599392935333
-1.62520418442619
17.29541002687445
41.85752401660922
63.28581922359333
50.99594251293349
34.81642045269658
59.39266115634383
53.84950751091170
45.91535682945499
65.65260779693037
56.71611022913994
74.99602156842010
58.48647640959339
56.23218582950754
50.55976861731367
45.30632324152370
42.73986244972454
39.63681426017414
8.47408458996544
31.92785993484936
30.55110860992564
5.32818306188912
4.52394625622062
6.45992259965264
7.50273696316664
8.88515232493813
36.88481729279890
60.26272941813863
53.16913288677116
51.64485543168974
75.26682607471963
90.63358039531757
105.24531335093347
115.14628279076392
99.82288785737512
85.69496500286745
67.99364437265857
50.26631041706858
28.68199152355637
52.85015753673910
42.92799091723878
34.25458581767077
52.43993479444858
51.71055581274301
47.87656901024778
37.95326837285208
28.00940761029400
50.67587444486198
41.09814097436347
28.57591355319940
0.67992012390673
27.57750660309287
16.77076926498662
40.84720024237268
34.95974152273896
11.75283263745076
9.64751029693256
32.78912065602608
28.48909886730679
18.66258817441259
13.62373247497914
12.93204288611153
3.90679095318591
23.14674372837852
22.74496210096144
44.73538697579846
63.00744802612063
47.29684284807253
35.03086389240374
57.37293744118411
52.43768633588869
44.08028059752247
59.39716702670908
54.28166326845653
47.82512476415395
67.53473143353403
58.14936882432360
54.03601123112212
44.99960168679460
60.84611411832222
55.19515777852011
73.36450685127943
92.64126595872034
107.56719661778118
70.93736764244923
94.34911761811857
109.76772788423339
99.10483651693697
79.47081268115521
69.46421210146583
88.15039530819038
71.08131480915600
57.15592429801963
75.79780794350876
56.12012512676587
77.35256303422831
90.87549830216618
103.83991094708875
54.45166771122599
43.53583334077885
34.39771252284532
58.15814011474372
70.49317130010829
88.46021899523161
76.54493023816542
94.91947456933939
113.20657555793608
84.80503650266084
98.58530774151782
53.68057234205348
72.01723789440103
82.16405418930518
94.22183025831265
107.55387301044782
119.99188972861133
104.63165090397764
116.29573672891992
127.63895545429544
142.05454145144205
153.30360183466354
168.06166441552085
151.82539964115790
157.73777758228894
167.21995367839475
114.20344957531013
119.99217464103148
101.71223519354083
84.41213111319792
102.48731965035384
96.18517428172608
83.84869233847951
98.66027251171472
115.11453436254928
105.87205817854611
113.44313733873352
127.40950338464151
117.97913336242578
104.95311687106279
93.87558979402657
87.50661414382132
103.25658556152453
111.75056819203874
96.10250750257231
110.15860330970747
123.87568955116571
129.35230581393688
119.98688294937978
132.27892502044503
116.84935951214989
109.18404690836593
98.32985496275893
89.04102330238599
104.62168594840773
118.35703833771758
108.00533214015599
120.44637362709759
133.45224194522874
118.77654215378136
130.28784635760098
142.29676863120932
128.20525831972932
115.11438977533962
129.49247141034530
116.95164964490480
107.38562714998363
124.34881375447192
115.83608094883635
132.43384219962360
139.77857896227249
142.89467429580912
152.50568065930676
138.56489966688227
122.41037032650935
137.03312398164627
121.67074653495673
137.39287949329017
150.99230718394594
161.96496886688959
141.96776049381720
128.22152403812845
122.31064527726333
137.29027800987356
129.69764623828161
113.12734080880898
104.72517017430945
119.80581473760213
127.32559921235280
105.11120650843981
117.64895193513512
90.82537454511809
62.12251716237209
79.26645774794638
67.24516297003078
66.18327031338018
55.51953809553641
50.48438338530543
73.05572968386385
67.96579102167011
47.42367804181401
38.26666640940861
35.45519520273340
49.48392983654634
70.89767564810393
64.75583940724012
62.14735047361262
60.26766857179484
49.59499404928548
43.60154362560538
42.74694388648584
37.29320207588849
59.59332277931578
53.72213728467117
74.10499705465401
93.50910530420811
86.28742138134119
77.46909520556044
72.95010036641625
67.94246434578406
88.91631545721788
84.40805742360548
78.57507099703462
93.02000877358047
110.48960116438255
98.07328029780035
90.24973397195630
85.69681540657305
76.06387113512780
72.13955389516575
66.27249307467468
81.06644522243984
69.29311230045303
64.53474515669716
85.49543979247207
101.28912278389798
90.01838778337904
85.76162068261704
102.08160381559236
121.69896162668648
136.65507347995748
150.98798990376179
161.90649139998172
172.24950392299624
182.40133389846119
192.61513534907431
199.14272043117285
202.90260986979956
204.42535896375296
209.24512965003825
209.93480045452370
215.30853016349383
189.02928657142633
196.17394507940776
202.35349220354993
187.63268313509133
198.71930794878290
202.88724897599198
211.32628885897989
215.03353658114173
213.63905781713302
219.79576017322924
201.89308017908508
182.86510923767520
163.43116172508982
149.44254343089139
157.86786014860510
165.90246715328777
152.42690912839379
138.68434128966541
151.05794261605803
120.51594290200237
136.31497230410830
150.66103741692908
114.83155942981594
105.60495088290344
118.96126339256665
137.19825807675301
152.55528839507531
160.47499295552370
173.79806668940816
129.82489278860351
138.44194047734024
153.18130894002101
165.63107905088984
148.08750585683376
156.19940618178799
140.93005243850396
125.30726407235062
115.54155948814645
133.86581790652235
105.16651557264802
112.48381315230337
104.37517572532903
96.68020579240044
110.51865082632521
102.86842760578122
94.33670193845632
85.62069097834687
102.16090654944024
95.21547010521697
112.72255013860106
106.14039584897890
108.58694270989864
122.32154067247261
110.81324848356613
98.88277772115337
91.36137572780150
109.20017518051770
125.47053622971835
139.36287313682661
151.80914715491127
148.82287304849231
137.88916077626209
124.35790771807008
136.99433532529756
124.87384057508478
109.37008835265524
101.42278737090462
113.99659615693483
129.19090662381487
138.71135431471839
150.38645609077520
162.00540753509225
148.24999821888616
159.80028882353770
127.61442234733231
117.76294438220175
133.19900916581457
125.17128680984960
117.15530108022314
136.98653451045584
121.93190641686637
108.53927893296394
125.27632664720001
132.68375327374747
124.01804088040954
112.23979303638224
128.37582532397386
119.50818102672048
135.17079037066509
149.27478560165903
133.03177369297021
143.63325266278451
131.74989925568644
120.68922448171784
110.74219813737714
127.33614055610700
120.84548365410204
137.09639429422126
119.88794311476133
111.86447375835530
107.94427254257707
123.16458451450427
137.48695411799173
128.59266668844936
120.54048542114779
109.36523532282635
97.35110575528898
112.63108475998197
105.49866118025517
121.81626050355668
134.08792400061628
121.96780987177891
135.72813330487662
149.30405487515526
161.12099135157624
150.58540992101911
141.34411486867324
152.79939684974997
162.91881882600674
147.05533277915379
158.67821006140309
156.65060635888966
143.95529163546189
133.82933432619492
147.40012069586234
134.08806016506063
119.53893645744320
128.87332747453212
116.24973015674514
130.64505533758330
115.97251493161176
127.09361674708370
137.90406393114361
121.72306564083800
134.51657242942335
127.14752566041780
120.37644381717277
106.89665767696199
120.39017553712675
129.41040440070054
120.02647166006470
129.14304846008349
113.99269378590361
129.15819668759036
114.38124534333977
124.06133736834599
135.34760861860306
149.90740938649077
135.88066808016902
115.78338480414043
107.35415793935518
116.82082540384036
119.64322975116229
103.47623413757368
97.75893886456556
111.60812492376091
96.71136011173158
83.24519934398546
63.02194872391762
68.67414845078031
62.23989304518523
75.18858878172901
62.69544611656558
58.67373682798898
69.90333745024017
53.61496464210938
49.11981254025254
34.66350668782721
27.52119647612291
46.23301205400634
60.51271924447873
50.01111257059984
39.67207696741196
51.73215525536365
44.22456592603339
37.58458343961999
27.51820597222338
14.68946093630788
5.34866702262934
2.90606236497768
-7.62355557434703
-19.83728820454282
-28.44946225897686
-4.29309089524036
15.45979513842413
-2.48428502256766
-12.46343134123430
-17.21816178451418
8.89702419011325
2.07502334637930
1.72949527921797
1.02547804486865
-5.48589687296274
-0.57042248685164
-3.18022623725186
-13.91002134686163
7.99567090127983
20.60931191191627
42.57680041295497
61.73941739510987
77.50557546564221
97.83675035241832
113.12766055059299
126.31988762767676
142.21657907176504
155.20864820900837
155.82432215505241
165.38704868911910
162.65994100384421
150.23906012374846
157.23622542718704
170.70858196652648
182.03941275221558
188.05048869100301
195.02784268866264
195.59811758254003
190.51323112662550
198.98241896155690
208.61735067281489
205.00593383233888
209.63839770333914
215.65961730235867
222.43330558458393
227.02528697988427
230.01562579996062
233.39876197797795
236.19112097532366
238.29309219866300
237.93413748701175
241.83807445037792
