-106.08522699776964
-127.17158088384629
-147.23493788565543
-174.63358115234033
-169.50799826846040
-163.93549770225465
-162.76282431066966
-189.46905072606469
-200.46976201452537
-224.06773044981696
-222.16098719936181
-213.15383188370055
-220.51086775222046
-222.33378977877186
-207.65725713961916
-214.44543799997896
-197.80111360037026
-194.91109178857931
-190.95585674845350
-186.39685939255318
-183.75853581036182
-179.04892065587825
-172.31296296139840
-170.19297305456163
-169.80186254611513
-171.27209567499895
-178.41438239192820
-176.57931091514209
-157.66580238532612
-160.58833253830198
-154.63679390401009
-157.45823631734012
-163.03741114972263
-170.72113828890798
-165.80529094588934
-164.65303061316442
-158.53009005078124
-151.48322977038333
-150.91721542995222
-140.58746844352970
-147.45779645037678
-145.35183184629602
-133.93182094382556
-129.99078987100876
-133.18466658750452
-131.47675408349065
-132.25518692913715
-132.21842683078177
-133.81874499631323
-139.47583741881698
-139.26596461724159
-161.51338875644211
-150.99825075379894
-144.24421819862548
-141.37389804720939
-149.38088863376476
-148.31240514106966
-160.96253069872594
-155.86027676903183
-151.87302703161279
-146.41524921467814
-149.66472158888496
-155.12612412827133
-155.21534735721562
-155.99758314918699
-161.25211442729216
-178.74992605270728
-196.56191040140564
-219.04536816909516
-215.11664527182478
-207.29017767789108
-197.82550652212581
-201.62640294133931
-195.19250709915514
-192.31692317839946
-186.28081331653539
-179.72148116793181
-173.12593811554456
-168.29162934777159
-165.12895950727847
-161.87044451247144
-165.21226923243287
-149.78811888773032
-143.72485959262144
-145.74593011051684
-156.33714809761656
-157.98389269793225
-154.29791839594938
-143.79268064428834
-140.76359327492500
-145.80550933527840
-141.81064163926544
-141.07481506201421
-149.16674586547103
-151.84300711364472
-153.59642784956390
-151.69375659850189
-167.11833334026107
-159.86898755404957
-158.72757498910781
-155.67112591165903
-150.05709582174592
-146.53836509569226
-151.47469756696466
-146.98238891744262
-147.30718941399678
-150.19031613496955
-149.81112304672601
-148.71518459009516
-148.85911329818919
-149.20208792016211
-133.67848182902284
-139.38114171668229
-142.67964874568798
-140.20051342832238
-143.12433572249947
-150.60261425315053
-154.72873107084195
-151.83413300696526
-147.39730043109401
-161.13272289685631
-166.48359953433891
-163.64338071508152
-157.98654238425956
-151.79731768742437
-147.75988173800982
-140.65162765861186
-150.61524023710930
-144.06115682743439
-141.76065972249663
-132.73091074458981
-128.83555361147259
-155.64071609363444
-197.35246639184214
-186.63239975844880
-211.94779918991523
-191.40815504837687
-185.55439755785233
-218.68126479052037
-200.23874145065025
-181.01200867138797
-180.63678809717669
-166.10966046891201
-148.05044773001242
-132.30078425776625
-156.65567786268110
-145.77216328319619
-132.04974059322780
-120.32154693465041
-108.69412118861185
-125.60301944913343
-141.68855581147818
-140.85641309519139
-156.37306670765673
-156.24243628779124
-175.59810801997963
-174.55508945049877
-165.75757315623042
-169.36886207843963
-185.64413494503782
-174.37938204715408
-163.23531264642071
-147.38624718764160
-137.74784008129390
-145.37332024002018
-134.91089322950813
-120.24904510416513
-108.39780925559735
-102.97478872905299
-99.81188537066711
-93.45589359501244
-86.01740337747260
-77.38774840894824
-73.41690661969973
-72.01715653313050
-67.97669205580762
-67.40056466981889
-62.72308287492258
-58.06678971229880
-59.19287397678476
-52.75014576866948
-53.17980997560855
-54.80609475780996
-51.72788374679925
-47.73777519911004
-39.86509706972922
-37.59129240168564
-55.53937457246716
-53.79747696652060
-38.17900468388666
-20.52794554346345
-18.91625809030469
-18.19099964656889
-14.89791221461310
-13.60203409718403
-13.15798702659149
-8.85960143262318
-11.43143190637275
-5.91934656162449
-8.36934861967982
-13.73496639606439
-7.93703266908393
-5.49568144557113
-11.12237115274762
-28.78947173097824
-28.57237334055275
-30.81790168539322
-23.63384449539586
-22.80806410949777
-20.17597788206245
-19.24963409787917
-18.06896313105593
-15.54598743564800
-14.18015624836299
-11.07336361533956
-11.51805077808406
-9.85641972269913
-8.70307269682083
-14.93463344562909
-28.14809000527585
-43.50790894450681
-74.22464511051970
-94.06943073598177
-96.69713205814723
-117.56735778094627
-135.61657917770162
-141.69962133345734
-169.13718063842944
-169.71048313876790
-174.09500780803708
-190.45559936205234
-208.57071020155121
-218.16195786710273
-207.29791452643110
-224.04960396436644
-211.68719949588137
-204.89253297447004
-200.71593899487817
-184.94226440655237
-178.64983638954919
-182.70396683422473
-168.32221074831017
-160.80093178498981
-150.28018191193658
-133.06159926139037
-117.27962439402276
-104.71321066991793
-96.67268984270962
-87.29561869184984
-79.28781044248301
-70.96519190902690
-63.59191680414454
-59.31799985474017
-49.48897983820594
-48.21357991692057
-49.14815235636871
-55.49038385210075
-45.38615591824754
-36.45732457876689
-31.04944361908044
-43.32277191399713
-39.40645532122947
-46.83915192689156
-53.32616622282476
-55.96580155513424
-61.22200313917473
-73.42264874843860
-73.18964663860453
-72.64969929071923
-73.60403514369294
-72.82833009311831
-67.34622525897257
-64.97669209380248
-62.41055299512215
-62.41234964980726
-54.27047165530389
-47.38726826034322
-41.10453689348482
-35.40526631702351
-26.82719765912044
-21.08800106095741
-18.87779657147502
-15.94224564470799
-9.64276220917436
-11.69995584005646
-8.25668407437168
-11.53959772096004
-10.18687189884590
-6.88505429919991
6.52200395592477
6.55078061614521
11.93625016757717
11.01304837740714
7.47658264883221
8.98740938690768
9.65221799958847
13.24581524647606
15.65881207600879
18.74274934222163
14.31168491346404
10.47856306554867
12.96002883184034
9.94352878549885
8.76479084196496
7.27471404194082
8.24810680142125
12.00077698344005
8.04809753944294
8.65265540516578
8.41239770193823
6.72626945718998
4.58567739729501
4.90342027066409
4.77708157505032
6.02757956995091
3.99535232553758
0.16044898944994
-2.51513398436484
-3.29031675352092
-5.98503378902355
-6.53000236785838
-7.67305172222488
-9.60909823107503
-10.58520707299567
-1.21617522660162
-2.53633411350980
-4.12706258828542
-9.67146925659822
-3.05960765926837
-5.22030912556571
-7.13311958684359
-1.40227571183025
1.03736155698484
3.73920306155109
-1.53472470576144
-6.28326954685688
-9.14815039412243
-8.05359598524095
-11.41939840725786
-12.04139159272757
-14.16791937617281
-14.23637384746956
-12.59191839393885
-19.10020195876801
-21.18143264901351
-24.13936548320149
-28.53513303639303
-25.42564160154372
-32.50292320186537
-38.86898937260102
-35.19044291538813
-38.31226599486621
-42.17165986251673
-14.76797969705919
6.84222045854498
-0.28360891826413
-7.31179054936945
-18.38683204479225
-18.59367911325675
0.53088940164146
-2.88524176324376
13.64880386531699
10.86139993603253
-0.73782271276253
-14.32193518766028
-33.10751117387140
-33.71904661199231
-15.49674906969076
7.98143374089195
-7.35812361981595
-7.94974564516778
-14.50984168543277
7.29161590902810
22.54784372846023
41.92591792429835
15.89648884581967
36.02834435356455
55.56922884139853
51.04519992283617
67.12665991830251
85.32166038517160
98.99437421546982
117.25812979821357
95.92846579718332
87.50246715842479
76.75792949065411
64.30444581813965
50.62005026656163
51.92230868809480
50.77942887373456
47.04439004458844
36.87101799559725
31.35082591639019
27.74747322549094
18.07283052614069
10.29010671747413
3.86009208940994
0.27139731847667
-1.74305921568258
-6.15457151850483
-7.13583938265864
-9.78983965145551
15.13746976775455
17.54920935412859
13.26909532919797
14.58348493992067
17.14979387932091
19.17064903188909
18.57540205890637
21.20812753038521
15.48765495048718
10.40483940232684
8.38001904419975
5.31439676793189
22.72740618245414
22.77680377115296
22.96404806783181
22.37229074884977
21.52062308806651
43.36226464433276
41.34150728018592
40.42890997034601
42.67853980258120
65.11655197506093
59.38164902777206
59.78462988868222
67.29136000249210
62.45376406501492
60.06953974182957
78.69608615168271
73.18931600917837
66.29880790034086
66.05315618185330
55.69011691692889
49.07700624903987
47.80023504480545
47.78836986203692
42.97931365749044
42.77956042635183
65.04950731398385
67.82655012235367
75.90359269817228
66.70349093512850
76.53228013242416
87.40597268770601
85.81390940725291
100.50876547651914
106.38249773371852
99.84024356215870
107.01260441014966
104.81538842746659
92.56633980324588
82.97606827763568
87.77845284159289
94.54641878262053
80.48612043651319
63.55972430602360
55.55751440722588
46.88822299937063
57.41749791959089
68.54584194736779
59.01637492007232
72.96701533362040
58.03228164497205
47.14197307518063
58.55026646867314
44.75931548383551
30.67143352388728
14.45105623555033
6.14314687283672
-2.43741057310417
-17.34202161405307
-19.41608545119243
-28.74775414155825
-34.37980015676889
-43.36360444872966
-50.69669745949815
-56.58059314183971
-59.22336385851042
-67.09004167089765
-69.81768786457135
-76.88336017963586
-79.16186457845942
-82.31338791132143
-86.57756084632447
-62.10015308588893
-50.86189126170597
-31.81713956397275
-11.24973258437549
-15.84776593763558
-23.43641117601023
-14.46899763967422
-4.37761753146582
-9.67944772177161
8.77171160459390
25.33975020918491
18.94975719152056
11.26458998120041
30.29818050039264
36.85424262973123
47.66426545520850
38.61876169710981
44.28576628072456
33.71598741950413
25.21064653957654
39.21523975907994
62.68280271269126
52.27635031564974
54.25506438917792
57.38530384175301
48.35893613188643
45.35094984625925
46.37421509920337
48.06156877324717
44.53072033867510
62.52359763698645
59.59531363963264
56.49533218202232
57.60669672643645
57.36082174620946
58.03138771726787
60.71912725842502
75.80174013259605
62.96920278299054
75.54265762727033
84.59563631114843
71.07088578538740
63.98586399463832
63.00950409465789
71.94207987227131
84.08328548202971
66.52982829128756
53.98278067188055
48.62469697042193
44.75583376107232
66.36503136962205
59.93920162706615
52.06729377488157
47.10338124378294
45.37797399136564
62.02955091878329
61.03436661116904
56.34065187339476
47.91222033319246
40.08753802548026
44.56049438900766
43.08285591189433
48.36604286441860
41.97400298962164
44.34056588895231
37.79097189870998
35.15251432335085
37.01907019393141
37.90281336090264
41.36545107577236
39.73386951921363
58.38385957749894
55.94079978789734
71.71786414630766
64.52559342122805
71.90845620897522
62.55677830840524
59.41309420089043
56.94216109492194
66.30327765062964
61.08182036662600
54.78428377034101
50.24254960641905
56.69821310448404
52.96974889005956
73.56686407195153
77.16966708044433
82.39042039060651
87.62870090327158
93.98741355601771
93.98394161558221
109.79408052776878
111.14812165950742
116.18814523405933
105.46735183801866
107.93007267654076
108.64747576019406
108.76379074325374
98.86908227861110
101.52257977256806
103.31948026552567
94.35260175906548
97.74809372465988
92.12806258288056
80.37709951099406
88.19369664647712
82.63276982457839
88.26541665587273
93.19841439647170
95.81610067935803
100.17016192800591
104.41289687382069
115.13885247147169
118.14775578587276
115.84939949224554
115.29338940585795
115.43495295499588
113.34959620791713
105.91823109968210
110.57646046832105
108.78874501180547
108.88314833649272
113.03956941567256
116.09003913479049
117.27932718068796
117.14158362851904
119.95438046619513
107.76653889599467
112.10093558406099
117.33212884919047
121.03980882606834
121.99278756213333
113.64198177665115
111.81812213332141
115.31991278234901
116.09010263587386
112.96801476805233
108.29458087728655
109.60384297530082
112.93351791605062
95.26003398249658
95.27164110334081
96.74905300896079
90.37340652619386
95.05184440338861
101.37943255953466
104.01976263682019
111.49894842868426
116.19373516308254
100.42622354954713
87.47067584826515
96.13174691895277
84.01461755861133
70.63790778865496
64.60104608638120
59.12585117985142
53.94638116479530
49.37276663771047
66.45968094995845
64.24127329389890
65.02809872557530
72.33007595480898
70.43243180856759
65.12615033538403
58.05665176499605
55.87391538258140
51.51959778713711
46.46388767122549
54.13254404806626
52.42934499625514
53.76712511169185
52.94866694484131
53.70371876149174
51.13630961550985
44.24922283063255
41.27971876926921
48.91888788321974
59.51856745367645
55.53831744724658
55.22169859981527
51.11787808639230
50.79554768085674
46.93913432872243
58.43543321351528
68.90214306889237
61.91804755101409
67.37546455711546
62.82039628373427
74.20737118744124
81.25898201109615
76.53947796551749
83.57652590216468
72.56635557230636
67.86605081352712
62.63930970870542
68.83590128201860
61.15396463494439
69.53724693524019
75.92801920350132
72.97025061110718
67.83007623083597
66.29590592496879
60.70021149118988
52.27994438429270
51.43671013572517
47.74404781847117
46.83374563036949
42.53629757206640
39.87721448449323
52.01748799675067
47.07197825291813
58.83511295883336
55.20319323015822
62.66856216235661
57.06997474775216
53.01328999269950
62.13321230119801
55.00675199344282
53.24517886982559
62.12799882364435
70.27890809935121
66.29569628303481
75.43176180098126
84.61130487401788
79.26003231675044
96.72610576872245
85.51070106904834
78.68206838773298
87.15173027683484
73.20284414273667
89.55860029089745
97.76824928133738
81.11105857818954
72.36930205003318
63.56093574324746
53.51994140248726
65.71673096503184
55.80590657515602
52.28687651241636
46.62770183514987
44.44238272194297
48.19552663664533
66.02137720181670
56.85316490191479
69.32408126473577
61.67444084428307
55.77243219074939
57.46899659637783
48.55896796795543
67.54391703249837
58.86677083091780
63.40982892800664
56.51823615617933
61.00484908861399
68.25657470743784
59.66368346287077
50.43783770903751
63.01408616827513
69.51696831605167
75.19350838078375
82.97732975868277
84.03734732317044
88.94579652779061
75.31167862969696
81.68888475020854
81.43576450644589
78.72122962311087
92.41842145176247
79.47309724721293
80.99165633808742
70.62976114424121
88.78575615204498
73.56426828291033
83.24387498523063
93.97365861563358
80.23524937155790
89.73655064405382
107.80551645259436
117.01672775276370
123.88487315551505
124.05129595313664
108.53440555429735
114.99726929366813
111.43405231696580
99.80074967556658
107.59663946320703
116.72000108050759
103.67998501562840
87.82738559394065
95.52643311466261
79.77641641891543
66.50231058129999
52.90411745268963
42.02478836462211
33.06512803869751
28.09005067180088
7.22597786743337
3.48753435220276
20.54992141047331
38.86537851513635
27.38411850623091
41.18010334069659
50.79015872207196
61.10763211692087
71.53081209332967
80.02328339284900
87.53015267412519
98.08525608573078
109.26771100487383
114.48698258323286
112.79689659785404
107.12824015745990
78.63738330211325
58.05873910850302
68.46142902329611
80.95151883202684
87.76683144658350
98.44346002417001
113.82407234199323
100.09682864565707
109.36918565224509
117.06475854802484
111.63213071503176
124.01477314016361
131.42628372247165
140.80239585112477
151.12004634600601
161.34537395148328
172.77562438026834
166.03224280505665
174.67501849075279
166.65612386085903
155.11128321674713
154.13386473581110
140.47260317207110
141.47373794768507
133.83674783109990
135.34789063728425
136.66490387273700
140.40970640674823
138.54883750460473
135.86419053642493
136.71158212097498
129.02218362112527
124.77833274115294
122.52614959848988
121.31620872435947
118.86399413308163
131.03725123833732
141.62082589274107
135.45477258487270
133.42275343720718
143.51508583462714
129.23366744679103
125.59022348730699
123.41635731568303
126.98444684849656
125.33978439807974
121.22967828106199
120.43195205789972
133.16301240838607
134.65814245417508
128.58583211829651
127.79615945283396
136.48906857230773
132.92347310470061
138.61226427342342
137.17964532016111
121.56484430270153
122.23037471911832
124.81880923782307
135.86864651778581
130.78467337988687
122.97505846430533
124.92200398660731
114.23263440072455
115.41773350818870
117.83449635599348
120.36233902888763
120.61697945369467
129.93702464172156
129.09037937704016
129.23005499452049
116.22036082880673
126.76871308700414
129.95203934168939
134.19752000067712
128.97452683628461
110.83745517955664
94.04267292651576
98.42740579318047
104.06392181591374
109.93968819696084
116.07512877265842
119.72775714037417
129.75857603944544
127.70078199098863
110.87259988823783
115.97993518881994
100.89116628871106
112.06408590083871
120.44786962760324
105.64554821306660
94.04215264786335
105.48498140874202
111.11156195752396
117.87288314460591
104.22565296890670
91.02396248676186
80.56632050748436
78.91603920553678
69.38473692117599
83.42894413330757
92.52709561318407
83.75335588085741
96.31943031547999
86.18968389879952
74.47239546447648
65.90907653418894
62.45044904154765
53.75665016716921
46.88492623555938
46.11429904521201
36.57939908143056
32.60610266063002
26.76173497102284
27.83015744981672
28.79081413576660
25.41937421459073
20.01921676568740
24.62548958133241
22.74225205405640
27.17283410167745
20.93358702148607
15.83561414596811
19.21948785271384
15.91577927965010
36.58932998497411
34.38917811947740
37.24010941931635
40.59994016801670
26.63239336657219
19.37849618641125
16.59379919861149
10.99598066048251
15.00226233386544
13.05976751577903
8.56950453177452
6.25296971516899
1.77172668476081
-3.02607574583816
-8.18999248959708
-10.36198568822501
-8.58287226453453
-1.84849330417335
-3.09983113670945
-5.09326998519088
-9.32121468777119
-4.21491182838026
-8.61410269652212
-6.27940558056008
-11.27208314444399
7.69239907740363
1.62371947856342
-6.94370866282024
-8.76486647094740
-12.05509038072611
-14.71487218629042
-12.58165039106233
-16.82417252901534
-25.51992884196111
-28.43529681282395
-26.07570740168453
-25.55146708022298
-25.44130195887957
-29.89287561943844
-18.58406796455811
-7.96091524081062
9.33235993232039
2.59661455005640
12.32830872203866
0.01081406920174
-0.10152170524926
15.10176893437920
9.27722189855663
24.14953573821705
40.59435265710064
57.24048838364284
43.10319197127621
35.41606489447879
47.39327461053493
64.37538607556712
73.82595409614869
64.60978425364459
75.26546028274916
66.99102890566469
72.07622660136974
76.37453903257845
82.48283460693585
64.70460460589082
52.06519946119636
33.45758233753124
42.71697604453681
63.04397273269414
61.01761067713993
74.61064387100704
86.71434846002387
65.93570415554434
72.01139301324092
76.19279169273010
84.16677320335872
79.48322776475740
90.56774605595945
78.48810414240387
93.17371634772510
107.35313400947072
92.48421965825827
98.53907594852947
80.38425134337255
92.98567202207251
95.22313626440828
80.24064423822099
97.30261092946807
99.77015728937157
85.46575532810435
97.81621136208098
85.27007017644191
72.28301635120607
65.42961131670661
78.41654008136958
87.76229095469667
96.55297450125504
92.65418365333457
105.40107462560458
111.10826210032934
95.63826348692359
78.51769989218666
59.72556336600262
73.26943668030930
90.88255725357146
103.65338413332687
113.37738550822176
119.54022372225977
107.83948011209644
92.76402291450385
87.82621608689280
95.63147197438022
78.86125511015953
66.08098453745049
54.34589366844553
44.18917635668067
33.78557390657878
46.78180687153164
37.75037905042170
26.15512008132483
37.72625563604734
47.02958567481303
34.38033855614324
39.39095808971587
42.71918928776665
38.02877572193104
50.16363212045472
62.31445604236318
64.55866283433232
60.41962276285425
57.67681889356088
45.75879202855737
57.00349729182236
40.10354517879844
58.16846299182980
43.65726399944912
54.33549538641812
67.14019338608867
63.23725326026168
40.43151223703945
25.30894137522777
38.82090488101476
51.07506289569341
66.06997142317641
73.02020752668363
51.81634508337805
34.40453487368560
24.38402962196363
18.38677312880590
34.63589870848352
27.57008579997871
41.81243983535691
29.65836967674228
28.89432153242162
23.38836910477034
37.48102073052013
31.44542521411389
27.59028125631775
20.26562527926761
32.52033190242017
22.24046629767120
12.62761683403947
5.63894772697217
-1.82884119728360
-4.08874396658776
-4.87729925003524
-12.92948151082189
-16.97526469343822
-20.87654074180303
-23.97369086651590
-29.96556275591457
-27.66400483623311
-32.51937657963496
-35.52855293906353
-38.14470648485508
-34.55904241006676
-31.76791112204230
-32.14211179679169
-30.50747206886547
-28.22490727681947
-31.94822382168877
-28.54890004390492
-28.48860005546641
-29.90326345985923
-30.85216312633646
-32.18867248899575
-28.04547887002919
-27.99294826737176
-23.74296695333042
-24.09609896303539
-4.97461941657209
14.27513166741205
34.22658286226442
30.21431849708467
49.32177014930011
66.80470176570525
73.47202183485146
89.20520161373118
78.36651065029416
73.88509682545096
81.94385297445528
96.64296702379008
96.01804599196466
107.69849507978272
110.50832303595708
112.40468263963500
111.26405044466536
114.63313695628287
115.06190016065287
114.59856374280784
126.20483279044464
130.21469554234008
127.61632499869738
139.16638288584664
140.67788037918842
139.02805213234672
137.20181876039473
122.75991364770383
124.88312938985041
122.48719800702465
137.53605225159561
133.10196099934439
119.91786943276713
120.91244630132890
120.74133883356110
123.59877951316916
122.26204455164114
105.29158205393961
108.69876637354594
110.86867845452100
117.99043557748121
127.11522282033793
122.05936443976493
130.36670438095450
125.10628107398063
107.31427989215108
117.08042385228333
123.29473262023593
113.33805047459191
109.51319032206476
116.22538664774305
101.25057454991898
104.80066476902331
108.67942257374591
108.57954570226377
120.85317486780805
120.41031157763334
122.06930745136356
122.31067717022908
126.09374340296336
128.01949895586307
135.69485954108046
140.27204318244168
139.99142472325883
128.64924411582132
111.68821744033775
96.93725116396780
97.99848834540977
98.41265213444024
101.29979685857828
95.46045547174299
101.69962616304493
92.63199383323402
84.56647372706574
89.79568759211080
108.35172370519464
95.99728591445862
109.52527752592034
113.22285260744279
118.61564381408454
127.60618709686608
127.27536432345613
139.65693492263085
135.25514105551551
142.09138549213452
143.92314137001017
144.30178540608668
130.24043124244224
134.55233493641063
138.19464162102511
144.71602788883638
153.34888241049654
155.09266961733161
139.28584184731105
145.07032386766767
143.12363551420083
144.57964507734255
128.12905768987946
137.16222337065079
136.98240901874740
138.00130473048520
144.07281397589594
155.21591550281016
167.08811542295200
169.72421712588849
181.53973188687823
185.03561651109712
179.20860359284430
184.28276799924876
173.23436625017956
180.58604052653581
184.31134939155737
162.31023722547917
148.00030550993188
153.74964081271054
164.64733122714603
157.05190190643154
167.66568172635681
173.33594272489034
168.57111957697140
169.65704180520837
174.66956847140366
167.90666220068005
162.30140858570974
167.24528050972100
173.13156898908738
162.63793104661590
154.92585144772673
160.21604631346787
156.35267573214676
164.49884860284988
158.09462300992470
165.01675279392356
157.63528804931963
161.16487044324006
151.17401862387121
162.52959077108397
165.83421999796408
170.18208317602654
178.14898319893641
169.54381043224694
171.19988124252754
166.88273260248141
160.48430391770520
156.45368975772374
162.62834590110762
158.31174601218621
166.34391505511110
160.22234317316460
158.34493429996797
156.77615654272998
153.32793894451223
152.61458161368330
152.72425530489119
148.87736482219546
147.12385279937726
140.91471953322051
138.31220815187368
133.66468881313909
133.25762250618098
131.83892578046462
132.63982902926293
134.35805492982306
132.77029192102339
131.09271168643681
132.17302532274448
131.81020001076124
128.46188700101149
125.49712216479641
126.80104418924793
118.21870760551373
115.84811421718400
119.86052669837454
122.29231231631991
131.50271208708389
131.80355555017482
131.88242767779619
132.70777031584282
133.05192970622545
128.18513163584257
116.48618150088946
113.90281485150332
98.81535102985227
108.34900664748342
117.10422853273315
116.83354364822446
126.89687230468755
124.33121418077501
111.04574173374320
110.24677079856272
111.83145027173835
127.82504919025236
130.41503105240787
124.76980550705674
133.00604164305881
134.39151912374214
132.40655241276798
116.19817634269253
121.26562713182645
109.85307647947614
118.06107222701324
122.75881579320674
132.96778616806881
139.50711304918354
149.73997504060674
135.38317190015428
133.07797408057598
127.11507648133990
115.53982290400401
115.21355236218878
119.98513147416047
122.43501252959997
116.98328966746359
120.40097880465871
104.10168959224016
110.02845627082048
86.48171050946733
92.46401861154931
70.81449373471764
69.28908430559501
77.26076225036243
88.32391637106778
77.22949629250331
61.21415056425370
65.06196213008144
54.93439006200198
44.21150086346869
34.04188160936761
48.31373986241807
38.05608790886383
40.15190489874740
52.93908326005668
40.52628790534124
28.91435893536328
22.50003017338785
28.55679185232286
19.75636133051254
10.40948188849650
1.03926574709376
-7.19771925575144
13.03839842122289
13.84659275522357
26.57792328498866
20.59625433868218
13.15497308092772
8.33967664334023
-2.75515106512238
-10.32382087088628
-14.69898963097116
-19.88761063113741
-8.85816814695008
-15.50391315705865
-22.16856318483841
-24.05770929271820
-29.02745399078263
-33.68739850682125
-37.14125059788496
-40.76218874769660
-37.08079389339020
-10.62576080730353
5.06668712446335
0.27372715840514
-7.76221882401759
16.54339329570237
9.84700509947683
17.50226707058369
15.44272563695752
3.21989804294225
-2.98645596355159
17.31646595045066
10.44849096410648
37.57000396644924
48.32443009104394
33.73425128688635
26.87506757881504
16.05083365960866
25.67456066037639
31.65205494678762
47.52887675141718
66.04655178404504
64.42060212183455
76.01398845408750
75.32455986361516
80.16692156129569
69.36934639848026
54.89205690443808
66.08066141302220
68.84263999054536
81.78128314830542
75.50596094931939
90.50308579012699
85.07239340666828
74.37027194663473
83.59743784003098
89.99855513188434
101.75489445754216
114.31098528646179
106.19681380404191
99.54805029748343
93.07240692376737
80.96463901514934
95.96434076191500
83.66003016379247
94.54071107084710
107.72494724315504
98.66618765745369
114.31799793374898
106.10006534690507
115.72890725245588
105.47525766174118
116.06983957275082
125.11415992253210
139.67081511633549
148.11129968899343
157.81884560295654
163.86017077075130
147.04442466488567
136.14285697275730
145.04380539834816
158.00363364078129
162.96808039590027
151.07257672988715
144.05968165436158
129.49933595372440
114.38405230711037
105.33185601529226
97.00592839699304
110.82665840680485
98.94171337266042
110.99787533483651
124.10699274653254
114.41522171617966
106.56316653344128
115.92656591441019
128.39928084111250
139.23537878702211
129.79235179941520
144.45773433958743
132.83024514503091
143.73704502344651
139.30864008272684
148.05888623086511
154.68629248317768
136.89522899038454
124.85594547676554
116.54944124700869
106.39231588335181
107.23185195004530
103.09849070032571
115.76389155456057
103.67452521642610
96.62577725766506
90.16779641921416
93.56163149219472
87.15804351288396
99.81658971456554
103.86246266457391
112.79567535696950
126.81549783407928
113.46005661737313
123.74289014339286
132.30440836795623
121.60276031070926
122.81823573240635
122.34669139071949
132.29064955066590
143.00623327842368
152.87405421772067
161.67061353806804
159.22400111109357
166.98097088237049
173.76549997563578
181.33521196962164
172.01611168085458
175.52841676994115
177.31151438085351
172.50890686185875
154.27737759389458
141.37455178124293
127.20976601180597
139.19897126697680
126.74859201415531
138.24418467887335
144.98028463935373
133.35182753191575
124.24452526314853
112.18945259040049
125.75489446290284
113.26284757219683
126.54791911166495
136.83177850957333
145.12504510045872
134.60323082813605
143.35638801027827
154.80190572499515
153.96055940804675
150.64974513525863
149.01216347312410
156.29914037147887
152.85535905934381
151.52376556760606
141.83021193312993
150.90175692412134
159.30916207484935
152.54094457623350
159.91681289248748
152.22515430028315
159.58391107072543
157.74399961021635
153.46022099131628
139.63948116281588
151.05833620631014
158.13320607594937
141.71617669296884
149.92532416725876
155.38791322147790
150.36900192313249
145.67435883009142
153.54910260295975
133.35441650516142
119.51184531989585
126.17187567257609
118.59195737956544
134.71854565779950
144.22926685717042
152.69512709989220
150.48980706255827
146.38483810243662
152.21358634711282
151.08157785439340
138.82699642016107
143.21105536681955
127.52018075287928
128.27891603742185
134.84196944528881
136.60928381558719
136.84783622897703
124.30839686582159
139.19381922651374
147.59985802484672
146.37289637579769
153.47820691374437
150.98078958142096
136.53221759072690
130.12240484994928
138.31808769029021
148.08203080164628
139.98304341571259
143.30977008013340
142.50047656773356
145.60731043579233
134.20398036147188
136.90264336113415
125.28069893893591
136.26735372495710
132.96579913286860
122.81096484966905
133.27471517432039
129.91872130721006
113.05419098751047
100.48901382233271
102.70577021786922
112.83435689774325
114.86457272722902
120.19344128801455
120.88194725128983
110.37480577347117
101.06750974075328
102.37457942379322
105.35655203481127
106.48180510129663
109.08054281362858
110.17808374857111
111.53046897998404
98.37112957847069
102.80941221239047
105.70113776582241
108.33997658304718
111.01342093457924
126.81394306273293
111.11337647348554
118.55649921285602
129.86108643634660
126.85235660514971
129.56299634934783
139.83526922144767
146.75613953166123
152.92397288212695
140.51845486807321
145.83537079833999
155.22554378932045
158.75774152238421
163.89947752734258
156.59961819377341
139.70068001525325
149.03299250475681
154.50585431729303
162.66795348519892
146.80291945145518
153.18881117238283
155.10623305831382
141.29705337515611
124.52069194219821
137.92894577703777
131.56242716009163
138.73989484030062
142.03729140210044
124.23536755584291
134.73045772421489
143.02468470727334
127.86127168947189
115.17367688183737
105.66988994590130
116.21226859375982
104.11843324476712
115.58469540386560
104.34596097319913
117.36118534078224
129.08199422187596
136.90007660117317
146.13333544010101
137.21918148519441
128.22712832033446
114.36530508977103
101.72160852165891
113.69824290340730
122.86310521909590
118.62759391929475
128.02944129016043
139.66121757236112
125.33147038128864
135.23742146300532
134.27277008277400
144.54657718546474
134.45984136649759
146.37425107495224
155.16598130806182
161.95094171271808
168.31334517740061
149.17667584004050
158.63345901319951
163.01661734278102
166.90886559189789
167.95143341045741
175.66981492585546
170.88260427977082
159.57781700279099
157.12386168670446
165.81787354713123
159.15543070739764
162.01696991018372
157.14846837975938
155.47844375395255
165.84590248665114
158.55870949994784
162.76671447390714
167.81471908626517
165.06864270734891
169.77447441575981
147.55250441298190
153.17707606831326
135.51666459654200
140.91031499144574
145.97052969543773
149.70577689609945
151.13903210957844
145.91638744735695
143.45945939493262
131.37819584614445
143.08467204301479
131.55531803846102
140.68877005908899
140.28115067440024
146.91717567061963
137.35114393007316
140.75391283120214
123.82428130097566
132.57516439777726
126.46758015023661
135.47637458838295
119.78919805506720
113.49611101229250
121.86959477955784
131.53982002634098
115.84027782718222
115.32139508057134
111.36762413368007
118.60062289333737
123.46702290314379
126.99292029191349
138.57194003863268
131.00285394240356
139.55005451262770
151.22823423005593
144.35356065358312
130.34806078532881
137.42213494054008
144.71066044121045
144.27951418213866
143.22979935503625
152.77009237679681
159.40243513839397
162.28065165900824
163.80522389803011
159.84698612079649
160.44973344049285
152.85186073219054
161.07608826874957
158.07035259908625
165.30753266867706
161.22996771751644
164.07392087670391
160.42306204934627
164.26605774594844
164.00956633960590
160.83413697653143
156.14229830639439
163.24925145720815
147.71986347077228
147.46413407843298
150.30563688864603
156.19219362086500
160.65613518844611
157.87446609128963
162.18120685339602
156.42242716802545
151.65459718824744
162.19300941662135
165.87878606187522
162.31407768626565
161.43598636729183
165.81922428309397
169.85129750132043
150.61143490834473
150.16828233989725
159.78244605624246
172.22899266558920
172.77952907303487
180.00777964130265
185.71735978713164
165.83907270261324
173.24805264503038
179.32470577236296
158.30113381711584
141.15690688388952
149.24650313426940
137.46296234517374
146.82088902584542
154.81294927622960
137.04282324700964
141.71011510188799
125.90600347270092
138.98444810339848
125.14159363431020
126.39046695214546
123.98244814309281
129.23202779142193
140.70834944965000
144.51916505766425
131.24501059300258
115.46120225040336
126.94399304621020
135.38152377531262
120.93342666980776
124.87717383083947
123.82581921168411
110.80183796081621
94.25911491215271
107.91220004080832
113.73455770738533
112.01782312518264
116.39863976467171
104.29364292615129
113.37992848578405
102.91209656310809
116.70056342614616
102.84992156283283
111.21722225175611
123.20679305110778
133.74795083507246
142.66924574210387
137.26564701218541
148.12082466274404
147.43283700598849
128.82943848938334
124.03333314322636
136.96758051065086
132.88651453466835
142.31721624869380
126.81736409712583
136.04122982369256
124.20412319753785
129.17244098677747
116.46669929597098
129.97766369766430
142.88664174404616
149.16390847998105
134.93512339676033
132.07469817227189
118.67372037907043
127.74036524992574
126.54226970204986
135.42627968865386
140.96290692196706
146.95461063684863
154.67689543566817
138.42201336122710
135.30553445468252
118.08694404197520
114.90042253007863
115.10617275790138
114.93631621906033
126.01558800404381
136.30162314527888
135.34083049441463
121.44277201221657
133.61877289235903
141.41669565737237
138.64569522906550
133.63133746731634
139.55479402250228
139.23148369073405
125.20419073472615
134.56877811573935
147.74887716291548
154.10793106817553
151.03134426140065
160.48431341967887
157.83486957443290
154.16398295289051
150.34855818784746
149.11458926066794
155.13115600232288
160.57547354532420
166.11988570762406
146.89126672861883
145.20797506838574
145.22080482384254
155.21733469841567
144.57412529867892
129.86751143528582
131.69498303377085
121.61297173565585
129.98113958712887
131.16237770675309
114.78188440165586
124.52944359955035
115.42854302858244
102.92911561415515
104.84078644390371
98.04467925465239
114.11175618204435
112.93483530965692
115.00049146349831
116.47007539750531
125.75851207499852
122.92391877220446
123.35466440017517
124.06343649970779
123.74887701053399
124.71152647720412
122.64269456488491
108.63626130718268
97.05606623585774
110.28017956858933
108.55404351667477
111.75864050694672
113.58023965294970
113.78699136301299
114.83438800120118
126.96852790215377
132.83189134541894
134.37374469061501
135.20267006609086
132.63924979522511
129.25621534820658
140.83320190977724
124.56599180388190
135.69624758402546
143.26944020856882
152.14212413510356
152.30247586361844
149.46112419363763
159.13795342195530
164.15918840511927
157.21323051883576
156.99417520495206
155.06987965198110
160.38814684134368
156.14957748522946
154.91253407983032
152.16976189054560
136.97793564313460
146.24459893232824
144.42845489767873
143.98691782378498
154.05725835655448
158.33674045840519
167.21774232087915
153.13171916697792
149.84013634098855
159.11325558132066
170.02425285351296
166.41396128869766
171.79751691406713
156.71900893661910
163.45237101902779
159.17579322562281
154.18586471344324
152.07100342340129
152.60585032129887
162.58624040889538
168.00181585911054
166.13639805383659
161.86056497702765
150.35318310769580
149.72350380868710
146.01008536411237
155.13334198657441
152.40912804699272
135.85754820355587
130.45055493153569
138.20111647257536
145.44470194134240
146.06601097226607
154.67321560195930
162.89606295657222
169.89238504693463
173.57212293237961
156.20588469964378
149.81799945152571
145.78536788536178
129.27071129210236
125.70442093376720
125.73395622178489
124.39549642477654
137.78775797514035
138.91559876624373
126.88863590473960
124.28996975853707
125.94421972010113
131.63173572754491
131.79093376050889
130.48317220797600
141.57597748144119
127.35399785737097
124.20348525313555
109.52665878614845
121.93315667159723
106.15991137258277
107.76753629133503
120.33275658969100
132.52833538347798
143.50821152073112
151.33676127328158
149.21429431330250
146.26509553675513
155.19410524508964
138.47792031417501
147.87928085982995
155.61981437719953
158.51928019744108
161.37617105648084
158.49111638363337
164.24033502850190
157.55681727317366
165.88981702560903
175.42381214418663
179.79218160108508
184.61389316107383
190.40220887677128
187.49059708455570
165.25549404056429
172.08100477535879
152.30426235535973
161.34193993670323
170.03678263109688
154.98538883581568
162.63219010361743
167.39687714554492
174.47936226684629
170.89235969484670
155.76116719733685
162.56678149542674
148.31354912166719
131.87799929861927
121.13745937247623
131.94591594560021
139.92191304489367
141.06855468290564
149.75980982045277
152.20485578187927
153.24661864008328
162.05349236878061
167.74973920051178
175.32378685204617
152.49380385142138
152.38768606454863
155.12540819853203
145.35308166649369
140.54324634947503
143.35491274140159
148.68059969559417
150.42570553187554
146.80834648708151
149.62077039341605
145.65687116364325
130.01237909217502
136.45033345946777
143.32363243848897
149.35287670259430
137.37644898464904
146.10610200637925
132.41353139846419
138.73246811006757
126.44035524226139
118.02635539579765
117.51529384112030
126.21539977046928
135.58537668391875
134.56413235766237
115.39254444418216
104.60837399811633
96.30563727047890
100.91435161224322
114.53259943994274
101.76857659035963
91.35897783150045
86.06915663682382
93.08223060387090
105.29653290752424
100.03300606844240
113.65917564699487
125.22625344446368
121.57557736035248
130.96936526525189
128.80068538306404
129.08249778369608
118.19864482867141
127.26225236974268
136.35104875634414
132.85716828105504
118.24264342568067
106.66698759726363
100.91756243597210
101.29905732368140
104.84423789269437
101.37650339377802
107.62747644686985
111.53158511196500
110.78758256188846
111.81194935357919
100.41469448268822
115.91001335035455
129.78030073591478
118.10532575413737
131.72840234494498
142.66226708373381
130.54757518976407
131.59459893540682
134.15768718986479
122.02374182882542
122.27121781413388
124.47875199304166
125.12874853479970
114.51582828393271
105.06289251765426
98.40089906902746
115.30030478836596
117.75515259766892
119.24148124237232
118.92861558113566
112.77424949702517
106.97022166934620
121.14594096549496
124.95637497090939
126.83189059570869
128.26401621001742
129.34760411513849
130.31717775699940
131.34279836350962
120.84061272268636
111.54753193751159
114.14950920757815
113.79011477812961
106.43201922260380
118.87930771654786
133.09816728321843
145.78103230110156
144.63682977434826
143.21313529101261
140.79970379711770
141.00843969028085
142.06774378168834
146.38843075097046
133.91604047458762
136.67075537995154
134.74395158542197
134.89240926405409
133.85180881387114
136.44659276929082
137.94343062405380
135.66803285643215
133.73154651583579
138.39046411652228
136.18807329604516
136.10935739809315
148.90306789201060
157.88850516172886
154.26001358890051
152.37198831661138
150.41049041853310
150.95300713931056
161.92655126200074
170.17919362686072
167.41887296591568
163.33262079994546
172.02220469673210
157.13809449872173
166.33684440401737
178.66029933161477
177.72745279138266
185.38648710072368
184.74225080805709
181.93441457093607
177.13176295922523
173.92465621845210
158.72136733924376
165.48620184564561
149.67350838928675
146.71267731656059
134.77819367797437
132.94459251494834
136.04574211557309
143.71633598870937
150.80077064582068
135.46491933080077
135.33581167304860
136.52996874218553
134.93625743547565
134.86172233541717
142.90005027252533
136.48006627457826
135.98002773306081
123.67177501977990
134.61103607714475
133.98245078980597
121.47343286727606
122.08883173407925
121.47529400344844
123.29868288436549
125.86094010540455
126.92087198272276
118.53519094092356
120.70928140193487
132.83322998989991
135.57483756015489
139.27093819573975
150.45586421017828
148.92610748361284
147.26564149031688
145.74865003763767
153.65107168259914
149.71869686296395
136.44787537234544
126.67313765631420
125.53664870420832
119.37297051558409
125.21937464268794
137.26256561523476
125.84300389766507
116.27079789585500
121.01217017698298
113.64964845684302
112.98341885218045
127.25031687631260
130.53302147157180
120.15995343185214
118.91477773102784
133.92220431883425
138.22271458547516
150.16979954260097
163.09352693318596
158.76345406044763
157.41257160302399
165.19342985676784
172.31366980252341
158.65282330164746
158.50879520689870
155.24319567392936
163.91436716411278
164.33839225997789
169.68042172122659
164.38573983371563
164.01584578021939
173.14234732988004
167.71796933556965
165.18681712912627
148.03739133669535
147.40517306549381
135.45044805039038
124.67445981111595
129.05389638550460
119.39925725160401
113.80330217238011
105.88229320706967
119.23021446466144
132.66889089144519
120.65520930877611
132.85357288238879
118.04758214053481
129.66860071295639
118.17852670248979
108.37094561233764
101.98558741614619
95.46434462678933
85.96841208889930
103.69588057747885
91.84545527742908
108.19394173779060
103.89190591430362
89.30563539067076
82.97741069631810
79.20659243754473
95.68134139036837
82.84500710784550
78.29535961903761
73.30723925792785
89.96043965348919
84.94336775015999
78.53608882894241
73.41183196382690
94.99396306847223
89.22485697416739
82.09623354306422
77.25433113160277
69.53054207435525
65.98901436010058
61.06424717118419
56.13792062146273
49.98690840087064
68.83130275426464
63.08459197787643
59.82716203196853
79.24573642277686
72.80433891831616
70.44826689873673
66.53423615730783
76.04649181097136
73.20282524199979
67.11001036769451
60.76479906469851
55.76657194716469
53.21316268853526
49.23669637252775
44.87997676792676
53.09775949662783
48.71321318104286
43.80911270002666
39.55098751535682
63.06465373993878
53.86576975878064
53.29247104107993
50.86972632222125
50.29333728284356
58.15003589952124
53.78257939042723
74.85059716782463
82.30049662121942
72.56879902446062
66.72357192656139
62.76877373133195
57.13198057447013
52.32192632505758
53.94503948924422
52.57673222011671
63.63162953624034
62.50128434515941
73.37233056669470
67.13332271694745
64.48033668908523
59.88529389324754
78.33206168174435
74.30573919073581
80.22060767524806
75.55236105057067
73.91784519193759
72.07542994708177
65.77443662911227
56.22281007922611
49.46338403823424
64.32181497429224
75.56578231407435
72.60876808562213
90.68395467957633
73.99444553471787
66.20334100702624
80.44307036067465
74.81144009807022
65.54554201668553
78.26371623456498
82.16807439326560
76.95545888903619
93.25880642329668
86.24953512879219
98.87622247353502
111.90817801142714
102.44277006529757
94.28437501920237
91.59759687732104
86.54365189393616
78.83687138080357
83.98281844422078
102.06568782210741
117.00825138733880
112.88767803424412
122.70066437578522
111.04847170927553
120.63315274561410
107.72197466367531
111.69330850411276
112.85365233202489
114.42548463760718
121.65470307165549
110.04706648299161
98.65221420757167
90.70279788349050
102.10277155538292
96.26345023464171
103.02065329606047
94.85806384359645
85.20404503462234
90.71450198205262
96.22125996014023
96.68926904812245
85.38046722761464
91.27250225561363
105.81260857366655
113.13074359596746
111.82298905951309
120.89553178691006
110.00577433460350
113.25913715864010
116.34526612497756
124.51079856513731
132.39033152541086
128.38747917631770
117.36429115097422
122.41233956373729
111.07506408872104
98.56530406239871
96.78536914011303
83.47465676269852
83.34573505546048
96.21469494749795
107.76539768993227
100.98005681744209
92.63696471019750
95.80424357184424
108.18196284762685
119.22464115750182
129.51431510446426
131.68695753323419
121.68329285465477
113.28424598382138
113.64932859009318
105.05402498302958
91.64441858963100
80.99238125390484
88.04823527077036
86.44508590684231
92.82197876165316
77.68052505255164
69.73603507745045
74.87958431823424
67.63432161876091
64.21983306403993
64.32219171398495
79.58812986571762
72.84234976478001
49.85886373666072
69.65205697675660
85.69198768444909
73.22125420987679
69.86913465988347
66.72409367775090
64.06553915425286
85.15430050496614
82.11277319068800
91.01331297519508
80.97178033700594
70.21840862256192
77.88808111755046
71.24095860466170
75.52153291573667
81.14406556870406
72.20442779879806
63.39723049926786
55.34953579357064
48.80375750084237
64.33480243194407
64.16630462839075
54.52593252635776
64.36379243438947
79.62746253166912
91.19807428482281
83.34185845039077
72.17673243239213
62.01749585909833
58.53641645365033
74.75557239878049
67.56330623885972
63.92673574425562
69.84655472005009
66.25430923010244
58.48154111846029
53.94017034266106
45.03022669281600
68.51682623108849
58.48418581030874
42.20172880044092
40.42992062059304
35.93953982287709
31.63136676255068
42.86808230185324
39.59773025341241
54.21304936162883
68.77311605873572
75.83276213271114
62.88694821492937
58.74730026439337
61.51807804864160
50.04245406054434
40.25646615498721
35.09212182740853
47.57561347972230
36.68107228991591
44.33118491287712
60.73080900445043
70.52509734242561
57.01618374993154
44.62858723268361
50.37185768786410
69.50890425727783
79.09753493117432
67.12830131446050
76.29207087943890
69.51732741679231
63.12894203973290
58.24747074568079
51.51547043591985
40.37153024758715
26.16249671696366
20.86683927747591
35.67672596336796
48.96167134696130
60.94868897937209
54.94684951071230
43.15475875595433
52.39618085780317
66.07297666324979
76.15232945696025
84.65391496030200
70.69228616793814
60.53679913036005
49.74399012142533
62.69022159187763
66.05160380608243
61.88859009975895
55.70397885927264
66.60661478376674
56.43926198069754
68.68010002074669
60.55794518336773
54.80397052458897
42.07033504261036
58.63494891627639
48.03465441114407
43.57531710473636
48.08963395967832
60.43506210544972
76.36207014061985
69.57796700091338
64.43779615384567
56.14471034416918
72.34453538109150
66.43753624517107
60.67660199764289
65.11658898255591
58.87545222554130
52.92667096958876
55.65430287956531
47.65529106539572
42.80561059983104
35.42381901221030
49.15150045832495
41.60712401745656
39.65034577760927
35.06311020033273
29.41388311526685
22.49705233669898
18.41082048840350
39.65587573477104
55.30641581756475
58.75228234672980
70.75963125077857
59.19658509804500
46.76863958033631
53.48422370482130
41.02874572496506
36.25028645140318
33.60832017095221
26.88738414240114
20.16729413525141
39.23226190313061
52.33067668504090
41.63659973802381
33.33654722137359
28.71938055357672
22.60532713857431
36.61346217834726
33.68411290274540
24.68351016652550
18.72168207723325
17.42822145211793
12.82148131488248
32.05959835629189
24.41499794371866
23.46738837484463
17.42012488735192
6.49495116067462
17.93918231578601
25.65283778277115
21.14913739351777
21.94249010501792
16.91345421790176
11.98091904450764
3.09093066878682
4.52852126450683
12.88617471429887
6.10133663449922
22.93947512129800
20.63595094264948
37.67261083707672
41.79572530754133
39.51129221898487
54.21509656581669
38.74147273606692
19.53627907683631
13.22233888465097
9.50041732477894
5.12305388035074
1.33144425464207
-7.80405199873659
2.27613420876213
9.03925119008944
30.02885163986790
42.72672594432296
40.36650612018227
36.88469534242054
32.45863722415710
28.95815725184579
27.54257225059178
19.04867543439406
23.82477368182423
20.60718174745235
19.51197154419219
14.77764006101097
11.41201822597052
25.75837621481639
18.71880332897884
29.72599773830021
27.58826733073875
43.48970412910680
38.89468553485928
35.05760491140207
32.67311531209904
43.06609832317214
53.33250917626511
55.75184823473505
40.90195078536581
54.49426454002335
46.64987218440772
59.44561901595470
46.48749162993384
35.23175332260953
42.43140236584888
48.65629952064454
42.88415266329667
37.63826478057976
30.47868170528286
18.01915910916486
37.12599515020063
45.00087527304117
39.68401105724723
34.15092714661406
34.52979590273451
29.53590684015769
19.09669352619911
12.63918105189710
8.16060421907043
6.69184126234502
0.93398574497356
-1.56130895717794
17.74734396428490
10.28163043315889
7.10616176112872
0.94217347248835
-2.11822092398211
-4.56985518685697
-12.65203958138189
6.79789597405154
-0.04434781089377
-2.64000677254854
18.14716818915542
39.51001962277509
31.47549786130037
24.14024860233921
22.81255428129235
18.03392486071009
16.20334296420380
13.70768567792507
11.82127874821493
10.36389868842841
9.11407690095536
4.15493165966713
1.77566431835341
2.02280579080109
2.21280877919464
-0.02525042319773
-1.32215343340383
-2.83825072492854
-4.55745643156521
-6.35991037216404
-10.51098487417399
-11.73657733053234
-11.36550089137453
-10.54642001145094
-8.88435476015604
-14.67836685094689
-17.44872319658039
-18.22630679438078
-15.38203524413578
-13.73658250753854
-16.23571642119785
-17.44901700297035
5.15538607766142
6.88668186782931
5.77233184153939
29.76708482541922
47.89567270912822
39.61217103321036
35.84006445813781
33.71223331425944
28.46501400593713
21.18539154344814
18.92369859207548
16.78954219270929
12.35438342405887
15.01841070161177
34.90508139317256
46.98952150302421
39.76333116778821
51.06201883458338
49.11034323528513
44.38626202259288
34.62433442746579
28.11092787440663
26.89455374426911
21.70978847627865
28.68270483212418
24.72779429600164
24.34028753799431
23.33913043864188
24.21605515020728
24.11854614203494
42.32347281068820
27.84431086795036
32.80338455678080
33.75073406073155
51.54908166496754
57.06937740279133
64.93612156721701
56.69203397497441
47.98183283623887
22.54856393841586
43.89144599560728
49.63945991120043
29.22019033194234
46.52102223648072
46.55592928412504
59.71683039812901
67.95387560166985
62.53536580626572
69.04485885258342
78.42604898059868
84.16822957858336
98.82408508337761
115.12167872100390
108.77517533274516
120.78797667681096
110.18921082720851
102.72666015733022
97.97521305207292
106.03609022016603
101.38664438090494
114.41380233660087
124.85784451075642
139.28043283241806
123.62574894216289
121.77930668641960
131.94899785325970
139.20797382786358
148.39979303593373
156.29255756160106
163.80778396695527
172.95651474811220
180.72053796039350
166.00343293243506
149.75801211767921
159.16508797691006
145.72915221067416
155.47229375643667
141.57829452071374
143.37759439523882
128.07060685926163
117.47652997812177
108.46653038397928
121.63625682199726
131.18269696458745
122.77336282034027
124.63694577040668
109.88653552913331
100.34366521463691
103.55504256851549
94.46989146159783
107.14158042907387
109.21261845201283
100.49516149049275
102.42640559564742
93.79995789917567
97.50980764009660
109.89239478944890
122.09425267834527
114.26716038274290
126.07528665177404
127.40344588446813
114.49445674417312
127.63143112925633
130.07151976291306
116.80182393330219
130.63370068771056
131.29949838837754
143.68875043066495
142.78098306906199
128.04306458487611
130.78471993099691
139.78016949611026
140.43419476722474
149.20912857759234
136.10192410094248
137.96453395097188
137.13986455841354
146.22888446456477
150.47852082900278
137.71196811916909
138.86087728354426
135.77618611870000
146.29843947928072
149.70796315543114
146.26975281635961
129.85819282158522
133.45731242706853
134.49324424875456
146.64885496529692
148.26492897021018
146.18149919869887
143.35850034318483
128.42477208443083
127.94659793895974
128.34374505783873
129.89449107123514
130.24422167502732
131.49911309192976
140.10602123809323
142.39369657469931
151.90061083978273
160.74859905839969
160.86292429228070
161.88339810877892
168.48884681475954
175.78001986556924
179.24057829957059
186.90135791834058
182.91627482649832
178.57188332084098
171.87061667633310
179.18037521978596
177.19732773826800
173.54016995250615
157.24248239326579
163.72813283971848
158.36638577583221
167.44664689563356
160.35034511434668
171.34945759797785
167.57372342420751
165.78387546709672
162.78330007877031
160.87653493221967
142.73889644948838
125.29968811817690
122.06010743636449
108.75375016003576
107.99205016853156
111.07917790854924
110.70873582736918
111.13096244124486
111.43220056310736
120.02397795905746
127.56612143050192
135.85749476805645
140.43758214639308
136.80661198356643
137.22791115539422
151.79012789721693
134.45665527611882
146.56625765623500
157.96609644505895
135.60032308127433
142.31973377123282
148.12333136673993
151.84500464522773
136.23117758300506
119.98856419349788
108.18730139614927
88.14979227574459
89.49468705255458
98.27111692463563
114.33643422580585
122.14777044615001
123.88027622439964
130.34717893926850
118.12993828234306
113.81511574149043
99.03147863523428
95.94105297161141
90.06840656669296
86.61950365101011
86.72829073784983
100.47470389181402
103.70423934675097
112.54960894592810
103.42126385557351
89.29622374723215
86.49398781113651
77.95875397699831
94.73973107660338
102.24678914780834
96.77043675733294
83.68977943569675
77.32340860833051
72.56711500363221
91.30581800239193
91.92418656639717
104.74586148126112
113.75232516336079
124.27908780769886
133.07227183693928
143.46539102627784
155.91590319036376
166.58150620869162
172.22881097038322
176.79629739870893
176.75916621940587
178.89650756990281
182.33299018050693
191.25854628808074
188.59588544836592
183.79366269588502
160.81031298697104
143.86071674023773
138.16043553284354
138.19283411933947
146.04921681190223
153.17492092586150
164.11269136784713
143.14516170878650
127.11748015179735
109.33408733096269
114.50494246854774
114.32285977332104
121.81691031166282
112.67920362981440
108.76421888726023
127.51006194760265
123.94905323790201
138.97962104330585
115.45473137760358
107.14390466757216
112.57216528533543
120.90835520405830
115.73348480002072
100.59676354569616
104.42338542570482
93.34301510150627
88.37682016263680
95.51116349688223
92.26001939610208
89.42596288982652
66.67960001815989
53.53996178478014
62.02022781734674
57.91989398185387
45.74232830643376
39.63660631723936
40.49196634081120
38.51146606062900
39.29880393477209
28.87000896485220
21.88089113671651
16.47622100349838
11.12104200641829
19.73201478064607
20.60386086305818
21.76860567753441
14.11660822057259
17.37401915900015
12.77163381904519
25.16313029361194
27.83525734702509
31.41229362265209
10.47157833729845
26.31881390128454
8.24769253073522
-5.92215092055683
-3.06145909937537
-6.13066283847779
-4.21291363607435
14.70422540386999
8.76742622502772
24.06613615704596
20.45259166999442
36.78711730498908
53.13380958909400
46.87629895823723
40.73778986377434
42.05435085466004
47.54384378449084
47.87482390370212
35.16256488070726
48.61883950007409
65.61352806021991
73.79725089848563
68.64296472550221
67.65695218511704
67.54596773241482
77.86122448893457
65.72880751934008
51.83322384516499
39.21503287275647
31.08740364208110
20.31878033968557
15.01211208689781
28.99600855840968
40.21146557137264
36.83412605207883
58.59616132674716
68.57438211663333
57.70806762692142
46.91252799239419
47.69184675123089
54.47706247438488
42.02656228450024
58.80037578152751
55.59143289574141
52.30709895593555
61.86471620952496
77.58061234179334
64.30599157988969
74.49996523429628
59.48442802890148
72.08117122832331
67.36614926979833
54.97817772859213
66.83080435127437
82.28735822450986
90.97928665405938
99.42468403082346
103.34610901525892
107.15371904894661
114.41822365980406
94.38491803992136
111.84813716741832
118.41882879372875
127.24348988311246
106.86121669857340
112.29437088347623
119.07850490065091
101.87771223927601
100.99586246421804
108.97753916426900
116.71927697652217
103.54994224029275
109.26930897488700
95.70619724723096
95.02150464259115
99.20914982757952
88.08381750555624
88.36551673860826
77.45096697462033
87.62863839972951
93.84037572073595
98.89571360232245
109.53465441463590
118.27577369097209
122.27727446230233
128.23231118553184
133.42328649183679
118.44758123596111
122.21393531050771
129.04142533487661
111.38306524801986
99.59570927443315
107.64080065894238
92.26063926491274
98.35889061878814
106.38993041299108
114.48423166049683
122.99602944009885
114.67328687053563
95.21407444243287
103.90427505377538
103.80402423317871
116.76571234169079
129.08140570790383
113.13346010950886
125.83298517044879
129.04246151315948
115.88749321106397
99.27408245437060
80.56502691716285
77.56261445285057
88.44136697167821
91.56562589730348
85.73914342570124
84.12099434873282
79.42810870681959
70.61133228959255
67.51331380573498
78.86324641937938
71.51205103423156
67.14421149821597
59.31199795165171
52.41065219634615
61.79930374684533
59.66204924888191
72.13751476861269
82.97933235221890
90.55865063535873
76.78069737202104
86.09954944411412
82.88194550714388
60.65032870954650
72.26755547912204
61.22747385296842
79.44901624173563
90.23721375701965
104.42606761239261
103.64029690306913
113.07263933446616
125.23916947338545
118.82699656204016
121.60963425688462
113.27366026472349
128.78103206651980
134.90725905386341
109.40964322409714
106.36308455026585
120.31314914581689
107.17425304606712
91.75217119284834
75.80993923329301
62.60638254828911
75.32951636746958
93.91298026126836
73.36551627983845
80.87775355460018
97.69923913898627
82.02733212874436
91.26953770715355
88.31935352019056
71.72911839233491
84.51092714270767
72.62515928063539
59.07169994026784
43.75739714160754
63.18532598124845
61.89140853527547
42.75837414353512
30.81608603023244
29.50726011038882
28.11127052849194
27.87712956639126
39.38990296424804
28.92000943246800
18.02831656207183
32.80208236182069
43.72907870649142
31.50752833656175
24.66027307378565
15.57764049184219
8.57752890820936
0.39300379931554
3.78119643931534
-3.65116587030057
-10.64054002052518
-14.52846675008519
-1.96708081377662
-5.96428193895451
24.48209240444712
43.51054110131312
52.62251579899770
61.50873816365219
48.42715645698620
38.64549102505394
48.76162273395330
35.50138133172900
25.92154015205010
15.96824699030048
7.82588241918880
-0.77575704847625
3.01570133536476
-4.15722144275548
-12.12319385639742
-15.61979422898353
-21.03697172051569
-13.71003464841695
-19.33726905857137
-11.79632492778238
-17.59266522510115
-1.96780043307047
-7.57035838912229
-13.04319325728303
-17.18247940054381
-30.87781037443291
-34.10760835418066
-26.20746103332565
-29.20170175156733
-20.34153270370000
-5.44014038978872
-9.77530453085895
7.73003297438356
24.19301878782932
16.77999501090497
5.09849883901876
17.34001627934627
1.06791887561660
-1.19134363388291
16.75726359511511
28.25841667029064
38.35151888804329
42.54490989761734
36.01708092322392
48.97226315059722
58.37280307039995
79.87973934171804
72.51636259305471
71.20429824022747
82.70465660396208
72.16705876763093
85.27154590901597
69.23852246161418
80.07787895005457
79.41746982697406
80.11638023127662
90.26428342488970
96.72184606317154
105.45798959095222
111.38567405233673
119.58712481505432
122.93910321887395
113.36079083081825
95.75405803087833
92.20132419292102
101.14935221835870
81.77542534079377
64.34298806353806
49.31507764594247
56.68730264921288
67.43538328382240
78.79422980600462
91.85811207880842
79.64030205153377
69.49145898744285
55.80113254010887
45.84727704518841
40.61190320136210
62.92232234645201
77.68267831264596
96.13820342432912
84.52259123678785
85.28353576198339
94.98940960112657
86.66006981098357
71.28899895023442
75.71193538324437
75.46059134353645
82.83131668315076
87.30050664425249
88.50672092464590
94.51145271274301
80.76471458295437
65.17782693576800
73.55884984038622
76.75920200726810
60.49432348738381
61.70750116531297
69.59171268238761
79.51633580499067
74.39819267856670
78.42273674819162
80.93227805316651
88.17244002550235
87.66805443411334
96.21533801243314
102.29056988441683
112.27054089086590
110.48281879950704
115.01258666579604
116.40064712473554
97.74458456810721
95.02547123877548
101.17973396076727
111.09189279194510
87.61909447196503
65.19313764642341
48.81834710520049
49.04457040379628
61.22652165870493
63.29609868575208
74.03263836943260
81.10364479508104
65.97599092202063
73.28396544797243
67.51627557514631
76.18665657412338
62.84329537202966
73.88702127797825
77.67792601262977
86.74912837486723
75.03449966377775
81.21051717158559
68.29811525215602
69.46760348840402
80.31243999327027
83.60887756712066
88.24290857336629
94.83440928902891
95.01319908879178
99.33738795806778
105.72630281228987
96.06630675423318
96.98351605201084
100.12929234898995
100.57998709698779
101.59954562521725
104.48690325022169
109.12260208817825
123.53468506441229
120.93419815758497
130.40204401202556
127.33738812842449
128.43964323983809
129.28443620838561
135.60246183581867
136.01608267464044
135.28843517946370
137.27716408621848
137.42001344968153
140.81127989077342
135.85645203697237
135.22364076954673
133.41294289783494
134.24122334562830
118.29894645251623
116.94960742653885
125.84091495401782
122.60822424697665
122.19458019536077
121.02235923953373
125.42582519870349
128.50888444829877
112.82139369982407
115.96943809964023
123.84521834815099
128.44803800341703
141.07749576179640
139.14847306809995
139.22645639976901
138.62441745554582
151.84438896030127
158.44917826578137
157.96046244739435
144.17004740727288
151.81950725357083
158.41089541765166
166.45493977674687
171.23607051271426
181.97936255335927
163.86369486862205
159.49979762166762
153.99880185803514
163.50614703172999
161.66854230364609
168.59388987049419
165.15891213017176
168.03469620222569
152.76582106110533
165.38667831784062
161.46119326844121
159.03002965736482
142.89622695153258
150.01437511031335
147.34650752075055
142.24098036536100
143.86945803331989
143.88478420359348
140.71936717596753
140.28198791567431
141.44052215287658
151.75573742523014
134.00232114669063
115.48543562843898
112.76351151998043
124.86817774308847
128.47969520577129
119.84242238222467
107.30738522411865
108.97380345276480
93.99690628243279
98.31537818092247
87.69102293265297
80.35183407878174
62.36837923638567
49.45578494992523
52.44064063669926
44.52218452917064
52.41012885747957
53.44064570225777
60.07017742883687
47.44062621662131
46.39385902774356
29.73724705320670
32.54845442998379
41.61862447031252
59.57522751189555
55.02793131469399
69.33846502345531
53.78180587493432
55.78907020735745
59.52054025147331
72.97534793427371
84.60035182400830
95.26867623819058
93.31384226832546
84.08651393097172
90.56983908814593
98.20735749445194
97.10703328393205
101.95409284389784
87.94957976661127
99.59620842598224
95.24557348366572
111.71446945370013
118.40470360274820
127.05114010577600
137.45460131145643
132.27837202165651
128.98508783493617
137.11114300924984
143.89630063088239
138.90725293851654
133.97236902530534
142.37524384905305
138.51622451124248
134.27235434027665
144.79091611746782
141.88207286030075
140.45664079161591
136.79073601575763
134.22540445559252
127.36819638118918
126.81382687325628
125.40533178347323
120.52191378868184
117.60376617772103
124.97430128370533
125.11674686565780
130.55251673052410
137.40474480251703
132.23536199855721
129.99060875266014
125.45903255070820
133.04714194263408
136.03482215308802
135.84406704814342
130.63059243621606
132.10990988498494
127.13997790212338
129.87641418137460
131.56584527176528
126.70398079323023
130.01237542925386
126.16900264892642
118.68261182847678
126.17302537574069
122.81888283091477
113.62305544018380
116.87558180899330
110.84934053671648
119.16998310826357
104.91942427153356
90.13344445225100
82.33626356642057
89.15560430208407
87.36849156118396
95.29337850240263
90.11855403070793
98.46915273068106
106.48224140697299
90.12123988154542
73.74022302038202
71.44405888138782
67.07892243896512
76.23615316522849
87.10369428787702
97.91776416781288
97.17754081723781
83.79747185126369
97.36339478032878
79.81856688711080
92.60068879030551
95.08323452877434
95.72947550245219
107.72330787795305
120.59510493920040
119.44749757407916
117.46384968321283
124.89626596835350
133.47393844185095
129.86471354751109
139.58229603623894
150.82187531373947
145.75693110842224
154.37676618076870
143.21495834798037
141.85920213074525
151.83624725765992
150.30238899466872
159.38638640054882
164.66604355867824
175.14862680691874
182.21453881785266
187.93095088246866
194.69717096387888
198.68849806862451
187.97895998111377
196.39483189136288
177.00442761439075
162.82449013374890
172.56505543391472
152.81846506217570
162.82147434287262
167.43369874413395
174.55775059809355
168.54588202606229
176.80737069533339
178.65575142845768
173.75771508927534
181.11032918827684
165.44049492273061
176.52696542375003
182.46435426056706
189.75282918146252
193.91506178198978
187.85379969050973
192.81789531977401
189.80325632009627
194.09971976342442
197.48964480952728
199.75630452485501
193.60116552999878
188.10197225429562
195.23993114929385
202.90696471046172
206.90314322597331
186.79732423146544
189.71376406906379
183.45307370188127
191.97368529957697
195.44532053316158
201.00951268888559
205.31233821057634
207.47186292366462
200.85370161023351
194.26221270307184
198.69979889804418
207.38568422160040
189.44525943191309
199.37925732064554
192.13990464348672
184.55225120975368
192.13929456723719
203.98080015979309
189.13229809702756
194.72765605864552
200.55394421998039
193.16853543960929
183.94646342361801
178.07635719412872
165.04955851777302
161.35765572381649
146.92723154337605
151.54607471251592
158.59353465557754
168.41003978671830
179.36291566862624
189.25944946120808
192.36927837437372
200.63629569906320
207.29755940852863
210.98392567359889
203.03333145145004
197.33104267897119
190.80290388726712
199.10101787460351
203.17150802343542
207.31650158476984
210.34093105824698
215.50538451249227
219.38424088981634
217.47503536457725
207.20879573372281
208.33779702506624
214.32129826171288
217.63228847514182
218.71123245981576
210.66498635463785
197.70215651852075
192.61340185268145
