-10.00000000000000
-8.90000000000000
-7.71000000000000
-5.43900000000000
-5.29510000000000
-2.76559000000000
-3.38903100000000
-3.75012790000000
-2.47511511000000
-3.02760359900000
-2.12484323910000
-2.31235891519000
-2.08112302367100
-1.77301072130390
-1.49570964917351
-2.54613868425616
-3.39152481583054
-2.15237233424749
-2.03713510082274
-2.53342159074047
-2.28007943166642
-3.15207148849978
-2.23686433964980
-2.81317790568482
-3.33186011511634
-2.89867410360470
-3.20880669324423
-3.98792602391981
-2.88913342152783
-2.10022007937505
-2.59019807143754
-0.43117826429379
-0.68806043786441
-1.01925439407797
-1.41732895467017
-1.87559605920315
-2.08803645328284
-2.87923280795456
-2.69130952715910
-1.82217857444319
-1.33996071699887
-1.30596464529898
-1.57536818076909
-2.31783136269218
-2.78604822642296
-2.90744340378066
-0.61669906340260
0.74497084293766
0.57047375864390
-0.18657361722049
-0.06791625549844
-0.06112462994860
0.74498783304626
0.87048904974163
0.58344014476747
-0.17490386970928
0.84258651726165
0.55832786553549
-0.29750492101806
-0.26775442891626
-0.54097898602463
-1.48688108742217
-2.53819297867995
-0.88437368081196
-1.09593631273076
-1.88634268145768
-1.89770841331192
-2.10793757198072
-2.49714381478265
-2.54742943330439
-2.29268648997395
1.03658215902345
1.73292394312110
1.95963154880899
1.16366839392809
2.14730155453528
1.93257139908176
0.93931425917358
0.34538283325622
-0.58915545006940
-0.33023990506246
-1.19721591455621
-1.87749432310059
-0.98974489079053
-1.19077040171148
-1.37169336154033
-1.93452402538630
-0.14107162284767
-0.12696446056290
-0.91426801450661
-0.72284121305595
-1.35055709175036
-1.61550138257532
-0.45395124431779
-0.30855611988601
-0.77770050789741
7.10006954289233
6.09006258860310
5.78105632974279
5.40295069676851
4.76265562709166
5.88639006438249
6.09775105794424
5.38797595214982
6.54917835693484
7.49426052124135
10.24483446911722
9.72035102220550
8.64831591998495
8.08348432798645
9.07513589518781
7.76762230566903
8.19086007510213
7.07177406759191
11.16459666083272
12.64813699474945
12.28332329527451
13.05499096574706
14.74949186917235
14.47454268225512
15.82708841402961
14.54437957262665
17.58994161536398
19.23094745382759
20.90785270844483
21.71706743760035
25.14536069384032
24.93082462445629
25.83774216201066
26.65396794580959
29.28857115122863
27.65971403610577
24.09374263249519
24.48436836924568
23.53593153232111
44.08233837908899
41.07410454118010
50.46669408706209
49.92002467835588
52.62802221052029
49.86521998946827
52.07869799052144
71.87082819146930
73.78374537232237
70.50537083509013
70.05483375158111
69.34935037642300
69.51441533878071
67.26297380490264
68.83667642441237
76.05300878197113
77.34770790377402
90.01293711339663
103.51164340205698
118.86047906185128
117.17443115566616
113.75698804009954
117.18128923608958
115.06316031248062
108.35684428123255
98.62115985310929
93.75904386779837
94.58313948101853
102.22482553291670
106.40234297962503
108.76210868166253
107.38589781349627
105.54730803214665
101.79257722893198
108.81331950603878
144.73198755543490
145.85878879989141
146.17290991990228
151.55561892791206
138.60005703512084
141.34005133160875
143.80604619844789
146.72544157860312
182.05289742074282
