-10.00000000000000
-7.10000000000000
-4.29000000000000
-2.46100000000000
-2.51490000000000
-2.26341000000000
-2.73706900000000
-2.46336210000000
-1.61702589000000
-0.05532330100000
-0.24979097090000
-0.22481187381000
-0.90233068642900
-1.61209761778610
-0.55088785600749
0.80420092959326
0.02378083663393
3.42140275297054
5.17926247767349
3.86133622990614
2.97520260691552
2.57768234622397
1.81991411160157
1.43792270044142
0.39413043039728
-0.24528261264245
2.67924564862179
1.61132108375961
0.85018897538365
4.16517007784529
5.04865307006076
4.44378776305468
3.99940898674922
2.59946808807429
3.73952127926686
3.96556915134018
3.66901223620616
2.30211101258554
1.57189991132699
0.91470992019429
3.62323892817486
10.46091503535738
12.01482353182164
10.31334117863947
8.18200706077553
6.36380635469797
8.72742571922818
9.15468314730536
10.43921483257482
16.19529334931734
14.57576401438561
13.31818761294705
15.78636885165234
13.50773196648711
13.35695876983840
10.82126289285456
8.63913660356910
7.77522294321219
6.09770064889097
5.18793058400188
4.76913752560169
4.69222377304152
3.02300139573737
2.22070125616363
1.29863113054727
0.36876801749254
5.13189121574329
6.11870209416896
5.30683188475206
6.07614869627686
5.96853382664917
5.07168044398426
4.06451239958583
4.35806115962725
5.72225504366452
4.85002953929807
4.26502658536826
3.73852392683144
2.46467153414829
2.31820438073347
2.18638394266012
2.46774554839411
5.02097099355470
4.61887389419923
3.25698650477930
3.13128785430137
3.11815906887124
3.60634316198411
6.74570884578570
7.67113796120713
7.80402416508642
9.22362174857778
10.00125957372000
16.70113361634800
18.13102025471320
15.81791822924188
17.33612640631769
17.40251376568592
16.16226238911733
19.74603615020560
27.57143253518504
25.31428928166654
24.98286035349988
24.08457431814989
30.37611688633491
28.63850519770142
27.37465467793128
24.43718921013815
25.79347028912434
25.81412326021190
24.63271093419071
25.46943984077164
24.92249585669448
23.63024627102503
21.96722164392253
25.07049947953028
23.16344953157725
21.24710457841952
24.82239412057757
27.84015470851982
35.55613923766784
32.70052531390105
30.53047278251095
31.17742550425985
33.15968295383387
34.54371465845049
35.58934319260544
31.93040887334489
31.23736798601040
28.91363118740936
30.52226806866843
28.77004126180159
28.49303713562143
37.74373342205929
36.86936007985337
39.58242407186803
35.52418166468122
36.47176349821310
41.22458714839179
52.50212843355261
54.95191559019736
59.95672403117762
67.86105162805987
71.87494646525388
73.58745181872851
74.82870663685566
85.24583597317010
85.12125237585310
120.60912713826779
123.24821442444102
122.22339298199691
123.00105368379722
117.20094831541751
113.78085348387576
108.70276813548818
99.63249132193937
96.86924218974544
91.88231797077090
84.79408617369380
81.31467755632443
78.58320980069199
78.52488882062279
90.57239993856052
92.81515994470448
95.93364395023404
120.74027955521063
118.76625159968958
117.48962643972064
