-10.00000000000000
-8.00000000000000
-6.50000000000000
-6.65000000000000
-6.78500000000000
-6.80650000000000
-4.02585000000000
-4.12326500000000
-2.61093850000000
-2.64984465000000
-2.68486018500000
-0.11637416650000
-1.10473674985000
-1.09426307486500
0.21516323262150
-0.50635309064065
2.34428221842342
2.00985399658107
1.00886859692297
1.40798173723067
1.56718356350760
4.31046520715684
3.17941868644116
2.56147681779704
4.30532913601734
3.57479622241561
2.71731660017404
3.84558494015664
3.86102644614098
4.17492380152688
2.95743142137419
1.76168827923677
0.78551945131309
-0.19303249381822
-0.97372924443639
-0.57635631999275
3.08127931200652
2.27315138080587
1.74583624272528
2.27125261845275
1.94412735660748
2.34971462094673
1.51474315885206
6.66326884296685
6.19694195867017
5.67724776280315
4.70952298652284
5.03857068787055
4.23471361908350
6.31124225717515
4.88011803145763
3.19210622831187
4.47289560548068
6.92560604493261
5.03304544043935
3.22974089639542
2.10676680675588
1.69609012608029
1.52648111347226
2.27383300212503
1.24644970191253
1.62180473172128
2.05962425854915
1.85366183269423
3.96829564942481
4.47146608448233
2.92431947603410
1.53188752843069
0.87869877558762
0.69082889802886
0.82174600822597
0.83957140740337
0.55561426666304
0.70005283999673
0.53004755599706
1.67704280039735
1.20933852035762
1.88840466832186
3.29956420148967
2.26960778134070
1.34264700320663
0.80838230288597
-0.37245592740263
-0.23521033466236
-1.31168930119613
3.41947962892349
2.97753166603114
2.87977849942802
1.49180064948522
1.54262058453670
4.28835852608303
4.55952267347473
3.90357040612725
2.31321336551453
3.58189202896308
3.42370282606677
2.58133254346009
2.92319928911408
2.03087936020267
2.32779142418241
1.39501228176417
1.95551105358775
1.75995994822897
0.28396395340608
3.25556755806547
2.93001080225892
2.23700972203303
2.21330874982973
1.09197787484676
3.68278008736208
3.71450207862587
5.64305187076329
6.47874668368696
6.73087201531826
7.15778481378644
5.54200633240779
4.88780569916701
6.19902512925031
5.17912261632528
3.86121035469275
4.17508931922348
3.85758038730113
2.97182234857102
3.17464011371392
4.65717610234252
4.89145849210827
6.60231264289745
7.64208137860770
10.57787324074693
10.32008591667224
9.28807732500502
7.75926959250451
8.78334263325406
7.40500836992866
5.96450753293579
5.96805677964221
8.07125110167799
10.06412599151019
9.35771339235917
7.62194205312326
6.35974784781093
9.32377306302984
9.29139575672686
7.76225618105417
9.08603056294875
7.87742750665388
6.78968475598849
5.81071628038964
6.92964465235068
5.73668018711561
5.26301216840405
5.53671095156365
5.58303985640728
10.82473587076655
14.54226228368990
13.98803605532091
16.78923244978882
16.91030920480994
14.91927828432894
13.92735045589605
20.53461541030644
21.88115386927580
19.29303848234822
18.76373463411340
16.78736117070206
17.50862505363185
21.65776254826867
20.29198629344180
20.06278766409762
17.55650889768786
16.90085800791908
20.61077220712717
23.04969498641445
20.64472548777301
20.88025293899571
19.99222764509614
17.89300488058652
17.70370439252788
18.63333395327509
18.87000055794758
19.58300050215282
19.92470045193754
18.13223040674379
23.61900736606941
20.85710662946247
25.07139596651622
27.26425636986460
24.53783073287814
23.38404765959033
28.54564289363130
27.19107860426817
46.57197074384135
46.71477366945722
47.24329630251150
44.51896667226035
40.26707000503432
41.04036300453089
52.83632670407780
55.95269403367002
52.65742463030302
57.09168216727272
64.58251395054545
58.42426255549090
52.78183629994182
58.00365266994763
59.10328740295287
75.89295866265759
95.00366279639184
98.60329651675266
102.54296686507740
95.98867017856966
93.68980316071270
95.92082284464144
105.22874056017730
109.10586650415958
116.39527985374363
123.55575186836927
123.90017668153234
131.31015901337912
128.47914311204121
125.53122880083710
123.37810592075340
122.34029532867805
132.30626579581025
129.47563921622921
123.32807529460629
124.09526776514568
135.48574098863111
154.13716688976800
158.12345020079121
143.51110518071209
158.05999466264089
181.85399519637679
188.26859567673910
191.04173610906520
182.03756249815868
173.53380624834281
165.38042562350853
151.34238306115768
137.80814475504189
133.72733027953771
131.95459725158395
132.65913752642555
133.39322377378301
120.15390139640471
109.53851125676424
108.38466013108781
122.44619411797903
125.20157470618113
126.18141723556302
127.16327551200672
130.04694796080605
132.54225316472545
131.08802784825292
129.67922506342762
131.41130255708487
131.57017230137637
130.01315507123874
127.81183956411486
124.93065560770339
126.63759004693306
125.47383104223975
130.82644793801578
127.84380314421421
117.15942282979279
116.14348054681352
116.02913249213218
114.02621924291896
118.52359731862707
119.07123758676437
117.06411382808794
114.75770244527915
121.48193220075125
122.23373898067612
112.51036508260852
116.15932857434767
117.24339571691290
116.21905614522161
113.79715053069945
111.81743547762952
101.73569192986656
100.46212273687992
101.61591046319194
103.55431941687274
104.39888747518548
110.75899872766692
116.48309885490023
118.93478896941022
122.24131007246920
122.21717906522228
130.79546115870005
132.11591504283004
130.60432353854702
131.94389118469232
143.14950206622308
143.53455185960075
141.18109667364070
141.16298700627664
139.14668830564898
125.93201947508409
121.83881752757569
118.15493577481811
115.83944219733631
109.05549797760268
107.44994817984241
100.60495336185818
96.94445802567238
93.75001222310514
97.77501100079463
98.09750990071518
101.18775891064367
102.56898301957931
121.41208471762138
132.87087624585925
152.58378862127333
159.42540975914599
165.08286878323139
163.87458190490827
168.58712371441743
167.82841134297570
169.44557020867813
176.70101318781030
192.63091186902926
191.66782068212635
199.20103861391374
194.98093475252236
188.28284127727014
178.85455714954313
177.16910143458881
171.75219129112995
171.17697216201694
174.65927494581524
172.99334745123375
170.49401270611040
163.14461143549934
148.13015029194943
137.51713526275449
126.56542173647904
118.40887956283113
107.06799160654802
97.66119244589322
88.09507320130390
81.58556588117351
74.62700929305616
71.96430836375055
74.86787752737550
77.18108977463795
82.16298079717416
88.84668271745674
98.26201444571107
114.23581300113996
126.71223170102597
121.54100853092338
117.48690767783104
117.93821691004794
111.54439521904315
112.08995569713885
150.88096012742497
