-10.00000000000000
-8.90000000000000
-7.71000000000000
-5.43900000000000
-5.29510000000000
-2.76559000000000
-3.38903100000000
-3.75012790000000
-2.47511511000000
-3.02760359900000
-2.12484323910000
-2.31235891519000
-2.08112302367100
-1.77301072130390
-1.49570964917351
-2.54613868425616
-3.39152481583054
-2.15237233424749
-2.03713510082274
-2.53342159074047
-2.28007943166642
-3.15207148849978
-2.23686433964980
-2.81317790568482
-3.33186011511634
-2.89867410360470
-3.20880669324423
-3.98792602391981
-2.88913342152783
-2.10022007937505
-2.59019807143754
-0.43117826429379
-0.68806043786441
-1.01925439407797
-1.41732895467017
-1.87559605920315
-2.08803645328284
-2.87923280795456
-2.69130952715910
-1.82217857444319
-2.33996071699887
-2.30596464529898
-2.67536818076909
-3.30783136269218
-3.27704822642296
-4.14934340378066
-4.13440906340260
-1.32096815706234
-0.48887134135610
1.56001579277951
1.70401421350156
1.33361279215140
0.60025151293626
2.14022636164263
0.92620372547837
0.03358335293053
-0.46977498236252
0.57720251587373
-0.08051773571364
0.92753403785772
0.83478063407195
-0.24869742933524
-0.42382768640172
-0.88144491776155
-1.59330042598539
-1.33397038338685
-2.00057334504817
-2.60051601054335
-3.44046440948902
-2.19641796854012
0.42322382831390
0.68090144548251
0.51281130093426
1.46153017084083
1.21537715375675
1.39383943838107
0.95445549454297
1.75900994508867
0.78310895057980
0.00479805552182
0.80431824996964
1.12388642497268
1.11149778247541
1.10034800422787
1.39031320380508
1.15128188342457
3.43615369508212
2.59253832557390
3.83328449301651
3.04995604371486
4.14496043934338
2.83046439540904
2.14741795586814
2.53267616028132
1.77940854425319
0.70146768982787
1.83132092084508
1.34818882876058
0.91336994588452
0.22203295129607
-0.10017034383354
-0.89015330945019
-1.60113797850517
-0.14102418065465
2.67307823741081
4.10577041366973
4.39519337230276
3.55567403507248
4.80010663156524
5.22009596840871
4.89808637156784
3.30827773441106
3.27744996096995
2.44970496487296
1.60473446838566
0.64426102154709
0.57983491939239
0.32185142745315
-0.21033371529217
0.01069965623705
-0.99037030938666
-1.49133327844799
-0.34219995060319
2.89202004445713
5.00281804001142
4.20253623601027
3.68228261240925
3.61405435116832
2.65264891605149
5.38738402444634
5.44864562200171
4.40378105980154
5.66340295382138
5.89706265843925
10.20735639259532
11.38662075333579
12.34795867800221
12.11316281020199
12.00184652918179
13.60166187626361
16.84149568863725
17.45734611977353
17.41161150779617
24.17045035701656
32.25340532131490
31.72806478918341
31.15525831026507
29.83973247923857
29.75575923131471
28.58018330818324
31.42216497736492
32.47994847962843
30.83195363166558
31.44875826849903
30.60388244164913
32.84349419748422
29.75914477773580
29.18323029996222
31.06490726996600
34.55841654296940
33.30257488867246
32.77231739980521
31.09508565982469
30.18557709384222
28.36701938445800
28.83031744601220
28.14728570141098
28.03255713126988
28.12930141814289
27.71637127632861
30.14473414869575
32.03026073382618
32.02723466044356
32.52451119439921
36.57206007495929
37.01485406746336
42.51336866071703
41.96203179464533
44.26582861518079
46.83924575366272
47.05532117829645
58.54978906046681
75.69481015442013
82.82532913897812
82.44279622508031
75.59851660257229
78.83866494231506
83.45479844808357
85.80931860327522
86.32838674294769
86.29554806865292
93.26599326178763
93.93939393560886
101.14545454204799
102.23090908784319
107.70781817905888
106.43703636115299
107.49333272503770
143.44399945253394
157.69959950728054
149.22963955655251
149.40667560089727
148.16600804080753
142.44940723672678
135.10446651305412
146.59401986174871
149.03461787557384
144.23115608801646
149.60804047921482
151.74723643129335
142.97251278816401
137.77526150934762
133.99773535841285
130.79796182257158
126.91816564031443
122.22634907628299
112.20371416865470
108.68334275178924
110.81500847661032
117.63350762894929
118.77015686605436
127.39314117944893
119.85382706150405
120.06844435535365
127.06159991981829
142.85543992783647
178.56989593505284
