-106.08522699776964
-136.01095926335421
-165.69556252352857
-153.83027618707280
-173.63874631721035
-196.15122738827870
-212.34718449817063
-237.06181711135810
-246.60125826232897
-234.88539335448419
-259.47758619657475
-246.26411921614317
-247.81812420920312
-250.64867652845788
-281.86291964724478
-307.38305146978598
-298.06315928055824
-293.76073566050849
-310.84460620373841
-286.33365787319502
-296.13853843387130
-298.59821515891167
-279.97756151679897
-263.10473806732756
-288.44335866144843
-280.16952834152670
-309.53618899539197
-302.01882450717682
-321.08860674239634
-304.46035771998692
-318.62481386976003
-310.61528446405038
-318.83361843065148
-314.84582482087581
-336.96001466702120
-317.20764043794566
-306.36312467887416
-298.12454732628146
-281.35686823448503
-258.93367283535719
-253.38484905698124
-245.13478802863960
-247.68157405697499
-232.03318536986183
-227.63398379009305
-230.92654448210865
-251.37194642548801
-254.98708819984105
-254.27286104686317
-262.50139467751768
-285.51270038091059
-264.54086833838772
-274.60084720892547
-258.27983445940697
-276.09124095470588
-295.39346053900243
-316.87809078882066
-357.64165025272877
-331.69243501556747
-342.50363470279825
-373.57630459326617
-398.54726260125551
-422.50999738404670
-555.07564611869782
-544.03896228470114
-570.88145645241150
-655.27586719632700
-644.51602477316715
-657.82421039525718
-667.93662382163507
-641.97131953415658
-619.02684719635124
-604.12392167094549
-609.24087445474163
-592.92810849429452
-580.24641565546767
-586.57814723927390
-606.85150433171339
-606.58756664121074
-602.78138267941483
-591.32057382580831
-539.25344664297029
-511.42435461470035
-487.12837299745388
-436.59386714094825
-404.11652440023374
-368.52785071590569
-348.94827483111209
-318.58330856641680
-294.23114476454987
-272.29768232903717
-246.71183113413593
-228.88600317815772
-216.48924556272885
-212.56784268858578
-199.80183207915084
-191.03643461899168
-188.22911997442048
-181.34753655170653
-175.90807946167934
-181.59670690782079
-172.93910239428089
-163.68848782048158
-154.14648074209398
-153.55075408518226
-148.63477323726710
-166.87346189494923
-160.26698495536419
-151.88599178079380
-133.26574574175237
-128.92930077565362
-124.22384088902358
-132.03944066389172
-128.90961179633138
-119.96313918859300
-140.46749847087432
-133.78613946249376
-124.77279823256596
-122.01487220184441
-139.22006945448405
-146.82109972587654
-160.91458795805337
-152.15843157521820
-147.22768355235561
-145.44385737576940
-130.16496061574816
-126.92905272232412
-117.64012974050578
-121.61852249149554
-114.12544624589491
-109.19743426080900
-104.54552287293599
-104.95545428908684
-96.63399875222305
-94.26833555160466
-90.25918394185571
-92.10816749823751
-92.44970113480109
-97.37922708489262
-93.66183154641688
-92.49485797503888
-93.45986206524316
-94.06635838243076
-98.47792422776911
-100.90195788074259
-103.70085597452844
-108.77442004487858
-116.80681889259083
-113.53838800094945
-112.70018581556499
-116.48639539876690
-113.76697983925821
-108.87418738227757
-109.59654725851912
-107.19467750229512
-107.71691451656581
-111.78293985510314
-119.83220554765902
-118.77959784042355
-119.63226733058897
-110.85361363041142
-121.08909376640361
-129.55296013795032
-135.35847047207938
-146.44525062958292
-162.59676866047184
-161.92118588022623
-142.74112947838654
-132.28132374494098
-127.39629719936640
-126.57296220400141
-119.35838000906874
-116.30111043917532
-111.17214793674104
-100.98779086664535
-94.51307156013314
-88.90665361101996
-87.59061272343381
-84.81754364831335
-81.85853445888009
-81.79319800877215
-76.34149977690295
-71.39044615602995
-65.15455187397853
-59.88590165263095
-54.78656065836339
-47.54737928972221
-50.36358629214246
-45.90412064618030
-42.89757643496284
-43.47676074095741
-40.29039630988266
-45.67903913234480
-46.11807589254454
-38.81441462915925
-40.55796625494162
-39.45993936690828
-38.46521671034755
-34.70025915825758
-33.17148051131086
-24.76778876076811
-28.80902162839358
-26.85022754293686
-25.58504173697324
-21.65866003618494
-19.77188890793331
-10.92536106277823
-8.31361876020835
-24.79792609188793
-44.98687053385679
-43.00943281985975
-62.21607737783027
-90.74328902563815
-107.20731207427156
-113.65873225118263
-105.29827216906440
-95.22388018630610
-88.87933274287006
-94.04489325626898
-89.55260565041047
-99.46838013608095
-89.16103358833743
-92.49467279369856
-89.11692327644069
-88.78042550838110
-79.77287916608857
-84.08666453414416
-94.01507478984567
-90.06063650208444
-87.36079173571358
-77.96873504308027
-74.94584691185291
-76.70351617696434
-81.38363533268407
-98.41820633776861
-87.61686002631440
-93.42453562865528
-86.97872020970124
-82.75061879271364
-75.80040081632461
-78.17382047786182
-79.89606675460963
-80.03830918238160
-82.10482421914932
-89.18279373269138
-95.75420186156140
-100.45137142568598
-103.78104725346685
-110.04322505200417
-114.28240596096919
-119.63599151352703
-124.06874234899142
-115.08625500271688
-116.62898318882600
-106.04891304107035
-100.48318103056894
-93.55670029761409
-84.94528311621997
-83.36762533007628
-79.52746000688829
-72.80675137275682
-68.07917533123128
-58.31863476813732
-62.53001517748897
-54.97623532826934
-51.56153114976004
-103.88567403367927
-91.02968846380385
-81.83631060873856
-72.33901047982712
-67.06557297159674
-53.73717011932325
-62.58436287675131
-52.20934517095864
-45.09373162687960
-41.20398707933025
-39.96906835374775
-34.55762891863127
-33.24327658407514
-36.07659485799410
-32.57750683953856
-32.94868327753248
-34.85251316583683
-34.03491706898322
-35.83159930060225
-37.73343028196197
-39.45099971942801
-41.63331167376531
-39.54408979125201
-39.20946670387023
-39.03041101384529
-41.69187130548336
-43.08047783441548
-47.07487846046509
-49.05856609738078
-48.66940632713851
-47.04651418918561
-49.72794854560210
-52.78360938044024
-50.74416168204201
-54.73084301563519
-58.94597566391009
-64.07980999103432
-64.46466866527132
-65.90028350988763
-67.27215513146216
-71.79225801557463
-71.32703759168648
-66.64146817019017
-66.18618679990998
-67.53234438835871
-84.33172610333882
-85.46067770071465
-97.95783056397879
-91.57672932937750
-93.80678928618948
-95.27412974525500
-89.75383975161310
-81.07806589575006
-81.18130845923882
-82.90244327661330
-81.49240328213159
-75.57939018170174
-68.81297271780250
-68.87989166356846
-66.93310812142430
-59.21451494109673
-64.71469384146343
-60.16552635501679
-58.84017677515501
-61.03400316543354
-64.81032942784827
-63.34162073536181
-61.87500888642325
-57.79179860515573
-61.51179782864291
-55.80736653429239
-53.01095388103399
-52.26132087421032
-50.05058627388298
-48.46716274728458
-43.60380377583752
-36.32908674975330
-34.04990956096120
-29.25883136146894
-28.22526337404794
-23.82928543725162
-20.75653920548649
-17.27423956624652
-12.57797913686600
-10.29853834335227
-14.47208426247444
-13.39376737180167
-16.33838092893717
-10.01031484426330
-5.00706774111505
-5.38827407483897
1.10620897384632
1.25458536080330
3.53838673554444
-0.76211909750619
-2.78560094904421
-3.96570077986661
0.12587624304125
1.83531170478651
6.26785948076384
11.46314305282451
12.40453308705013
9.64888121176086
10.00611004261475
14.80949699051380
19.50856514697017
22.42767892670448
20.70068810407209
18.47586987715086
18.47782021776848
17.90923509896891
14.91008495478423
20.42200674962389
19.80150764138062
17.92316245111700
20.13198196361872
24.93066655731701
27.47293708853285
30.20583932141964
26.25872502019931
28.72679896004907
25.17222112111243
15.64379709220762
18.86141560531272
21.53777485580419
23.07837616291066
16.68360768034537
15.32928512686417
13.84749054722861
14.36066600689275
16.98104107315223
16.67517112992117
18.94032190443351
14.39171874387513
13.31871275960454
19.07154082330201
11.35650557511378
9.37035801624703
8.39502184299543
13.84596868640050
11.01979684898250
2.03078648610932
-2.13964661222923
-1.14271466401851
-8.64437881528965
-10.86739527949427
-18.86674556584361
-19.64066937180523
-29.14992292319145
-29.56395323951244
-15.46982641081939
-23.37914850550068
-29.25719950586034
-37.40929701965543
-16.40416523467163
-16.40350778042503
-24.96102330300404
-31.20044454987091
-36.06468376675244
-25.03139406419830
-18.05951433861785
-20.28154536987299
-4.35047486236330
7.78761369400768
10.54945842929352
14.00741283790676
9.74411338817013
17.45406729137191
28.64037173588403
25.23981852369962
33.34288746214976
31.84739604379154
29.83302288034075
26.64528330267450
27.56820675744895
28.81689340174725
23.22346355557008
26.84812060606939
19.84915741369601
14.56056532231206
17.71730879078621
15.27809956084150
7.14413305103438
10.05689091310864
7.14358496352465
3.85413774328574
2.99963971659769
20.02261882769643
8.80427972723100
5.26348141360856
3.33027047222033
-2.72709671415172
-14.42373275101766
-17.82618650821398
-19.41971027133527
-9.80962117312138
-11.42831561072177
-16.77119144412991
-42.61575695634440
-32.59343864526575
-36.62304523549820
-46.22777175129647
-38.61579772345352
-37.52341409560919
-25.11315113371378
-43.18940866910319
-43.51837633744100
-47.57873542338621
-41.89081909951170
-35.76016233010955
-41.47560917842631
-39.63576003871745
-36.29600669208330
-40.58514798103134
-52.33274217770602
-47.66821212904898
-54.77757522297160
-49.50674757482363
-46.98807008690879
-49.10636199629995
-51.48035451023482
-19.23707903463656
-23.95962503201922
-37.67598671311227
-43.45059920319512
-57.68878109444272
-76.78171876051488
-81.65143394257323
-75.03387513386454
-91.44275734507130
-63.73599360021966
-60.19858140138365
-54.78207664162268
-38.72132902609738
-37.16365636752905
-44.47239797030105
-43.39103496624075
-18.78807340732178
-0.32410016386371
-12.20508605626252
-23.04376435166346
-37.01965436938156
-28.91678901755519
-3.04328322025805
-8.55689372416041
15.61740517402098
10.49652146539339
3.46359056784544
6.09626352498094
6.82404702857399
28.26152480167544
20.44023717830814
12.07030812403139
0.41432273908368
-14.71716696832641
-29.51098772544819
-40.75196320411457
-12.35635034942706
-1.32245734704512
11.85725291130049
14.66514438207315
13.27333045280908
27.75228481319576
5.61901483497411
-0.39840349944062
-1.74909430366843
14.63956315955645
8.37371389541951
4.92287218798254
5.82923470296721
23.25758803613629
23.05633653312672
45.46738619025181
42.36303058958889
58.76159301386829
55.25262730864331
50.16617463623044
42.35053941035521
37.56991655167182
31.58527528994117
28.07274224144669
48.12590210938159
43.84175812857001
42.56112964786819
23.99539321622639
22.36019828093183
25.96824101855701
46.53753678068928
33.64282889807139
28.59893608471722
31.39379890057302
16.88991921885452
12.75988428450804
4.77961703941921
-5.65656330131302
-10.46936378342734
-26.93772975573394
-67.53397723476678
-39.15031617937359
-46.57973802008490
-22.51498939768540
-37.57113720488837
-34.22266446677967
-14.48697933112393
-20.16916964621214
-14.62535466762764
-21.21027517750279
-30.09343694701888
-57.68013163767998
-59.02110898229290
-52.22320629187461
-43.25575569818883
-36.41090826459442
-36.65850949394163
-34.86548052206724
-34.77796926511552
-5.17603621262519
12.51572275888381
13.68706674009303
11.91274939243425
8.92998066060394
25.26399828719808
27.30172598176869
25.70920477416982
12.88088595586784
14.13439348234412
-0.49221806738992
-9.95663082143868
-2.47587741991466
18.91544816178260
16.66984303478953
6.26267125842655
10.63891361182944
14.28649715716204
9.16759355744828
9.85104056828161
12.31445826995722
7.63325992156043
-4.17919442288451
2.24925097720641
3.45443470337312
8.19188880847849
7.82203838999421
5.15363191150219
4.43088054665964
3.95034076986197
26.62465101921794
22.52184106234997
20.85675932096805
19.37360318812743
21.11766604615663
23.06616038221907
19.50158122867475
17.58780260371258
19.13109004780088
9.50715321343771
-3.97709816426533
-1.24195451043450
13.14631507065721
35.64509146855289
56.49220192008535
52.57064815090386
50.33369142228999
46.67446271920213
45.11475748463535
47.75561269634671
42.07784059234494
33.74345678006991
30.41683946874017
35.63205307062641
44.70279788155732
45.64700782616771
52.44962164991274
51.93933467920090
50.98835825823675
56.90792348441624
56.08851427680913
57.17881639677988
54.88509658864459
63.03914898938726
51.33125351911548
61.41055348376312
55.46377188661862
54.69790861202600
38.27754028888246
42.79594179339327
59.04087088711807
67.55932353193705
63.39135090373361
65.53735502347875
55.96402067054863
61.52789613501968
64.83035711997229
60.21254268185694
72.77881310632981
65.81088265618986
60.28680886594491
58.29805782076772
43.34705251076691
36.91438834456731
31.67911435907751
25.76530428087663
28.08087093720714
25.56415846313437
27.99930331696880
35.21807552048327
44.98138384195966
47.21532868141489
54.35590238122525
50.76550493688179
71.07895956893518
83.83274473123848
94.36710543100581
100.63502856787406
95.74190510328266
98.75335960534342
82.84347253436492
100.59970134509381
112.96217965527509
126.34091319927984
115.86674879829494
101.13152639250902
82.20457159281152
85.03752876063430
101.38113151480803
92.39740145490056
83.15333038427090
80.04590965298769
75.20410930138129
70.68103909221168
62.23177482089527
60.37593241807690
72.54519585343240
82.46082562187058
77.00840450176534
68.44800858039761
86.29851732277773
83.56256078047896
76.55782655469308
72.29082432205227
68.04353804560030
57.80314139478952
79.19753160389490
75.90174142368268
66.32581598309055
64.71996611193987
60.66667658144559
53.37488162492345
49.32629842583395
45.16245982554337
45.19353452846963
43.37352982438914
40.74266179978589
36.78184624863182
33.95507472896580
33.04374998793835
29.93223439121587
27.78159940683600
47.47142772627741
43.47543037624901
66.37819647380330
62.88572299850915
57.48701357999758
56.00232836765939
62.93115346690254
60.71251730345111
54.85478725705529
74.75429532926586
64.75346814652730
56.93748963900086
66.60203788108271
73.30735754344067
67.40796675816333
86.12223935984841
73.62668011526348
69.65213417000476
63.50457842474000
60.00718790932636
41.10891764249624
62.72550077741137
82.40988036676418
81.17915446372392
73.67081407230222
64.42159515929050
79.08285460931883
89.89953150485979
76.80040402797276
71.82412054890077
67.71060099098987
81.98832955981763
80.99804611290428
64.76254317783065
54.83258204241657
32.15901302367595
51.84909166032803
63.43726675498952
59.09740056631651
54.61486383861044
45.40936775900205
54.76375930611231
69.17965044668048
77.89133824247213
73.13938396463392
64.53148945467623
81.60116606648609
91.06922194265645
101.19050751309251
112.53709658115217
124.37727602312587
128.45248480961962
136.13775736499278
144.82232679842534
134.22283096780399
127.14885493606214
139.51175036990691
125.69702401754412
132.66590789351426
142.14546496518642
128.92313609189310
133.79466055975658
137.91696186750150
125.25192176027855
126.50587086864762
118.13965164792586
117.50721547045784
99.93075302241164
103.63125173271750
83.86111228829014
71.91436144866583
84.73060423777999
78.82622111970034
90.06695695534101
99.39476993525332
96.46657645447488
79.63184343979744
65.04111402153337
52.11042659397341
44.94296335609482
50.74300923222298
39.21816652166667
38.88784816286666
31.83076228212194
27.23058604526831
21.98765306989939
20.09549961703367
37.88625041797564
33.61518577390876
30.04468625629014
23.94736971692062
26.76442255125893
24.50013890891313
23.15416758827761
22.67684083570064
22.55013912698130
25.23582538647359
28.80433467234851
24.76388862288434
22.80340858003870
28.18623292574189
27.45679303961733
27.38619340506393
25.46342116542455
25.75339842107957
29.11163030465695
24.87807448218514
45.11393734938463
39.65009644686852
39.20489964059971
47.79024789247869
46.59547568062261
48.42098888591335
45.86626703745220
43.78708878374745
42.46614330165730
41.98664353990456
38.55237532608573
37.32611866491926
44.96254814705672
43.96309864434269
44.71899313476492
53.52342544554430
50.52903582795399
43.33885258552110
43.80896256292942
40.79736978842438
53.82337762178577
45.37016536213836
43.30799013955782
36.03286636812402
32.02667040662040
26.77697738757622
37.43423407932165
44.56902400599108
54.25598797660027
50.18355671091111
41.81333606065606
33.85549807172098
36.21009551845228
44.40484043238840
41.51201796832732
43.09698755763580
53.18517136256580
60.39170678363406
56.61355632501989
46.45463587290863
42.58008357901819
30.32212201581206
48.31798819347396
45.66617780554329
48.48361919671613
65.87650920011725
66.67008997401405
35.82820558373718
54.63984684678643
70.27227572237355
72.78809851723395
60.64282665134236
64.91904324451571
59.34105035393757
75.47175176042037
67.22438413183573
62.49438348180616
56.47546692490978
50.47261201002004
39.73608133515953
53.64211386194755
72.61234466925977
91.11428117513140
91.91064890047392
88.77014432173856
98.02542314182482
88.27462434892152
84.57966553387318
83.53970660971393
74.86197595046222
83.41174550663237
70.88562532433647
75.93113718901925
63.53712564283491
67.86739028608584
62.32523643671494
66.32402281873553
60.96990347930130
57.51359573192191
62.03348898119702
59.24364999600563
58.18135824954889
53.75649497282316
59.77770588650385
65.32044719778848
46.91372216534518
45.09181451294520
43.79718611741394
50.62477294573606
46.57759622243747
41.86952760731870
51.94351194740398
42.39196359225520
59.08000839797715
51.77308311621891
70.93852973831113
53.08768299886381
68.30130360760100
73.17117905389300
66.80448494933377
60.09984762257591
58.39909921917260
50.36500212826709
44.38705406050532
56.28018982319676
74.70173154703892
88.42456572431917
79.04405875712089
85.36199991090854
85.70732500921235
67.12054525523722
72.43086022176880
41.99309767058796
59.75446265227684
71.87219454688176
94.81100591097639
105.13294572527107
107.27259780150555
95.14225361024901
106.10831775566194
85.71621347315548
98.50028374772154
89.03694002714511
74.97714418775635
69.42012282726276
66.66382525318951
58.57766413645081
48.88284333867542
66.98845587432555
85.19721388641057
77.11957192970610
74.36115016869165
79.18693570499690
74.43023679152776
76.82082876085893
65.60598168374669
64.75719270690469
57.22905502642609
49.46818233254379
41.43454775719350
53.22492675355473
43.73600677893194
39.69180021477622
47.33774994701793
43.01177239546191
64.17298945217416
71.42329521424648
66.99024598212431
61.11482564997938
58.52184925557058
47.68382599534541
44.14812766877544
61.08349084793214
56.77761276572941
50.38533016335025
46.08246709722000
43.45564715303007
46.39484935825251
41.63218563044607
41.51389795253258
34.81617499142366
57.71602357006746
66.89966870938289
58.34018358865362
64.50579656604691
69.36336435319210
61.40809931289381
59.64757964176462
50.33047575309731
59.08308279804968
62.04793966557396
70.23811168173670
75.04364912248077
73.72929835925896
79.24219430875029
79.90968634734909
87.16639680073725
88.89355856162570
94.47088299212378
97.67280424498203
91.21728458047477
83.16025120075930
89.07327741483887
80.02917908556942
84.16109634707239
83.57864404385589
72.17622203439034
80.21845892121992
95.22652994546283
86.15688142215132
76.34163441476588
67.29533638114663
73.09225903332266
89.56976091421814
85.38517198235570
94.04773834647693
109.28006332055209
121.28755031742160
111.46684271552601
113.52849849625181
105.69512000502986
92.38548357983720
107.70152291848605
96.04714522681643
88.89992574168099
88.38487189252261
86.79785043598640
57.36359465705979
64.95508461774219
74.08051049510915
64.83020009468838
85.00501432481214
91.15709313938676
100.56047986427066
90.73164496748421
95.04733868540200
98.67699620882209
84.96884610913800
61.93330815128449
74.76356201816415
65.59805525103874
54.94503015592552
50.53422892109239
37.88985640341394
50.29682851209085
56.44415875477716
52.68189256318723
46.80697644046321
54.77499868389032
65.69913616211676
72.37343060898247
67.09422625213101
63.69778901443215
53.08241910759470
62.27632122593795
56.55808979037108
52.48225241322321
49.45942598012999
40.13044296194792
47.14098380320503
43.08545410880372
57.82047454647441
57.94896109245884
73.26159708133497
64.63266323614539
60.45278872820062
74.54632984003325
89.76940710368078
78.53818086628743
61.37397502920793
25.34454019977548
33.20163397298747
48.29256722009313
22.05848058907294
19.62921395429898
36.89411291280982
33.96103449554980
51.59571050141727
39.40084024385197
56.81113754605432
34.20016474030534
16.97030400900752
2.87028947804051
-8.08212360341108
-2.85203460694644
12.56560878135721
36.21211742787737
29.60602218367495
26.93322067197367
38.46150706533730
35.61458134752183
17.53610710894115
14.55078690065677
-0.51544341598479
-2.20228850869039
1.86647981918872
-17.22905362280980
-8.96322111322376
-4.08350556504650
13.34109514479360
-14.26244170454088
1.94931356164423
-5.15762614722461
-32.80996845555409
-5.72717068288547
-7.69813510595382
-33.57417036927331
-54.33783252784143
-55.31927390810857
-24.96655016352066
-4.22388921550069
-8.59180004514926
-8.02344100030578
-44.43832468026847
-50.97632342564035
-71.05076432438649
-107.48812014583275
-94.18209517325911
-85.36292558711058
-113.32589565068194
-105.46045146217921
-72.20896799230684
-50.06262601015732
-90.79103820306679
-91.67477007016583
-99.27189044291022
-93.51508509054473
-92.37249739373839
-90.24953605212437
-102.60615422362248
-90.02616872211442
-97.98845385244553
-93.95105265079226
-89.05437185427647
-58.08760884288540
-57.29135094405497
-51.71329538085367
-58.46402822467414
-59.46671390019222
-95.67401808597154
-93.50449971420463
-84.12446222525334
-82.97563146426442
-56.83059528281446
-58.32620938496816
-72.81904384096512
-85.71455326413192
-61.75437964747692
-56.52622306517597
-68.89649099845008
-41.47527722295692
-13.96150718791433
-17.39826338964410
-20.03725663021569
-34.20120860383213
-57.88333268710121
-65.10063769378633
-39.95087969585296
-53.44930897338865
-61.51508367391816
-66.32271708838670
-92.58827514571776
-61.13231432449901
-60.18513857955409
-56.42754267151892
-49.24916144287417
-26.04875147911940
-4.47127021049093
14.26137018389123
8.60912910544181
-17.99682586261027
-22.66033763609480
-25.22529968203406
-41.59017937646021
-47.36327824489007
-49.95867843869967
-52.64945619175884
-55.92749179558312
-51.79087431733531
-67.55855682525593
-60.13247588702151
-58.28269109794100
-51.49409397429816
-25.54831828964680
-0.85748076597290
28.18684309229836
27.05370502995882
26.55200631617529
23.46638777741103
43.02764364022895
61.51403802406904
61.96340781559877
56.57006257883948
52.61842321643725
48.84018864577606
60.54984033709174
74.19154933330663
64.93722155273406
62.08888478978938
78.61301421723536
64.53617208059879
50.30466685732979
42.08527727136239
29.98344254394852
28.55275429971546
26.27246789752790
14.65602781246965
8.74250644719996
6.91464320002592
10.48139632999267
12.02400772387420
8.29695807514284
-0.50073169434014
-12.28820984708166
-16.07661122404069
6.80998506346407
0.09964050424834
-11.07359427689449
12.27441757361906
10.82068903721824
1.69652538818163
19.81975843909288
30.51901942107924
16.45935777262540
11.33101644280364
-1.09863042943593
21.03761593469734
15.79797242238671
9.05909682536888
8.50697861572146
-3.74247287030633
15.09175978278720
12.84306492085511
16.12266064628580
-1.72832475015886
21.73680034411314
2.27702143675175
18.11473633993393
16.13865828017212
40.08675466508967
33.39187186018979
24.22702286125803
20.46628790647870
3.33703974417381
-15.26306102083638
-6.61983188590317
-0.95936857183560
22.48701149910226
13.30013238493297
32.92885006008109
21.73369044159416
14.06776441162853
35.77368719402377
51.46347433930254
40.58678103799426
23.67117339916617
43.14998652822830
61.38821736503267
58.63744311898167
79.41061180655785
89.57152794171171
85.10769541871261
76.62881469533727
74.11187826637018
66.05944097516247
59.28719092404948
56.04049285038964
70.35118761289181
59.94965494145482
74.71562152708763
64.57826103780660
58.44139646723846
43.57627949149702
54.44496737888784
41.99962685854153
20.94989588777512
18.03491807913286
41.00071109488235
33.43573199918144
31.92156915154133
48.04194639341861
40.90977134808322
33.80119350976582
30.00103045756466
53.60247429903330
51.13543451003107
46.14782243383362
67.26166395130289
47.20201987971334
65.32357286970543
80.32707726615998
95.94920467396729
91.37299023177030
80.86495666804373
92.90805100931154
105.20271179095184
115.05314579654556
124.97105071715973
136.19243382102815
144.51132375571225
149.94407690156910
156.66914372920144
162.91603800924787
145.44922457365982
136.55642444391250
125.70688555628753
111.33056744443662
100.12408041533861
88.44624161432195
78.67355425600293
67.61639579204397
53.68755661194526
69.94455832875812
46.74526554321881
68.06374685666358
35.54383373974157
52.37815349287793
65.27278061946235
75.45770796438276
72.69506311410777
75.04999629473630
71.50535640632847
87.16268495400024
80.73660636310434
70.81554990550902
74.65355501790191
85.29153353373387
94.50031027335022
105.71861581874057
97.83273029998590
107.95312791492411
98.41355416384174
87.45854321446845
99.68231403420256
113.49893377318683
90.77542655934936
105.92869826322188
95.90047212043149
91.16051391095817
84.98794244147547
98.64041591939501
90.64739633053036
85.73133439239341
99.69279456014645
119.84886375228328
112.29489461541185
121.34766989964376
117.01962347998077
129.42317215147685
137.54104277394208
150.26389787701959
134.62561753050122
130.00907068790627
117.14064278964494
126.61105956862220
137.09298104730090
108.37936031433850
100.39002722984664
95.96916316213454
75.34806642765382
84.41696742460528
97.23764748786816
92.89034427464925
91.39740813726358
98.49577924697228
96.59451296870149
101.28914006129472
105.64218226854571
105.05812701663122
103.98439894538286
105.96535783304097
102.62184180308039
98.16677618761219
91.67771632454813
87.45185123949558
89.22560751761250
91.25208017315781
85.70297275544955
81.07803487975890
70.57968794259338
74.80707785019331
82.13546142299404
78.18708283516268
95.32240699468714
89.06775501600960
84.29717097780900
80.36677110713738
83.55740947149562
76.43327580239244
90.77408601575287
103.37849958632303
93.04773349009319
85.99167675038406
79.21451866620437
72.21488999508973
63.33934600577629
60.65986545713719
59.61356625725553
57.11464839722784
55.55742840850986
53.46680427671122
49.07976219304687
42.58353155646054
38.66692368882772
36.45639484421871
37.80730701235797
33.73976101856488
59.39470550696254
55.39236932757614
53.36430829617706
73.36741748080586
71.00423633183524
89.76820929083826
98.19627801620099
110.82923881876492
101.41449058907757
116.76577256678064
129.26517922669734
138.85007854732453
144.01204624348426
132.00516224215042
101.43595733975060
114.96327103196198
126.59684368681540
140.60090870167662
153.78159999791143
138.50149571220410
135.71631464875702
125.43696288013668
136.89357349929429
124.35701315730235
120.59559496881987
101.28656690079254
94.22556002587271
84.99589774509246
99.85229352323402
94.06017400905604
93.54536749965793
104.79400556732510
90.81137602538226
80.78311723151380
94.08810002933552
102.15870735669259
95.35833846051996
93.77373121092282
81.69230018057527
78.63541129976150
66.29947678304771
79.81423586853329
78.34967831420921
72.58010237762252
66.42720726359798
61.20460927626549
33.25321550239728
31.32415037405287
50.77296005915751
71.07555309662739
65.19359453118931
60.88182752292880
73.30722264283192
64.22557650058548
56.00883064457396
39.30758938878589
38.22784894819943
38.40874631930552
34.89565770411901
26.23861712876007
25.20343632104569
10.15597306730675
3.66467668318705
8.67154978613893
34.21043221943697
57.70031582343777
52.52328175437465
51.34348579411866
34.88084469782556
54.10437134824379
51.97239684805881
47.61353415199381
43.60906418090232
37.90535903127360
59.21913865387197
64.84106358651518
69.98288453252202
61.49995690337096
63.88794101642955
47.32710844669803
64.05789952760470
57.78109579393323
72.53238558344715
52.93453606287427
53.87140123576854
46.07646998493472
66.90656500142430
60.76218916148792
78.45890553342510
67.86044588644104
59.84558201152478
65.44140556974666
59.89149703506023
46.68856967170562
40.63563711915425
48.72008570542550
43.25293460053609
37.57562597007848
45.31235121385706
50.33967794587559
49.04765065302455
53.93752843709815
71.01837015611517
60.65349793494062
38.81346705556075
30.99206648074217
25.60644039794805
24.61256326344294
19.68456421636954
19.39031595932883
16.17161355143353
7.59314656739174
8.37153888780266
-6.02122183909028
-11.64045558364086
-9.68630087129093
-27.59179807715943
-31.94189409945882
-37.87465506938041
-18.75702077003645
-26.14619364425507
-22.30637161651248
-19.56695860296412
14.04158317127537
15.36985325605568
-4.30708468264203
-19.71166512297360
-18.32312218257932
-14.42430887938768
-22.50133834086849
-14.63639315372878
-15.91476993941977
-32.64915319625457
-38.42609032743497
-49.54284787154156
-42.01478813339175
-38.73697874944111
-34.24218223333992
-31.48559516979895
-35.73372997948140
-29.98800587509009
-26.69572957614452
-23.72095006482650
-27.17490976923408
-22.82559108556186
-17.13981251339691
-16.21762183744929
-20.81533993464227
4.66210767806086
7.48441770281043
10.37365128686963
11.34919715949903
5.46031152190047
5.77925189495366
7.18611115099771
-12.07467336826489
-7.51573358824914
-3.71484613739956
-21.16362310675287
4.72070216463846
7.10726980219261
29.19718626312237
23.04176527715926
21.91477903664445
23.10635327305139
22.95778230345364
44.46259447226709
46.52357719980353
43.04493367331868
42.84058971399013
38.29488667630848
45.26787298322366
67.53128004363008
64.69441518685376
74.46674162796417
71.07920407334052
87.21313672850607
85.13928648015303
71.85515930883346
68.39791898738012
63.29472212573830
55.11527397985653
54.39873679532963
29.17247051337048
28.14094365295872
36.73416976776481
31.20042514500198
33.40530984186379
58.67098963820948
58.51334566525613
50.79877477423907
47.59333236439489
69.14523984149729
61.38590254526720
62.01484286506916
57.69811720885124
51.80035633074603
48.03165246452200
45.08247932452503
24.71777482218116
21.72476083396279
22.99898199990418
24.47513724308859
44.19360122651956
66.57205951035716
87.07253888152712
68.52405311743783
66.72142331989005
58.24533133679185
54.18667121104048
74.46425598783895
66.30674874677014
82.21715165258018
80.55478552239218
76.43758621976988
70.56316540918405
88.94031528399483
98.00209643208969
111.82335860298798
114.76018151029928
117.49227953091260
102.99766590325821
116.09586682558515
109.58916615306254
110.71121534691547
94.98501302981381
85.28506366456544
90.69453948109631
83.90874767865941
77.82723812939220
74.30538836178313
73.49471292733696
62.23335609485840
59.12581737443303
56.06159639024000
56.96252990499818
47.99914414422454
43.92298827793299
42.29310642293832
35.57426000849277
30.82956814805851
27.47132122659335
20.08296245660695
21.07833026240098
16.33529037266484
13.43399392200559
8.39011986053341
-1.04252194470121
-2.49250293555372
-3.41621714140810
-3.22219042347313
-10.37546901963972
-8.67817108508349
-9.13221455910453
-6.75753552645427
-7.12118711525067
-14.44939542956237
-14.17904245609986
-12.40211277329586
-15.04090480898128
-16.66888680725815
-18.11116822938028
-20.73670644513356
-24.44981195038237
-22.45538048470311
-20.63163967484547
-18.32495692506672
-20.53285383199079
-13.82457163003438
-10.81569527805588
-14.25892245743295
-13.73399625577119
-11.14551045460706
-13.65996922856786
-14.16244042170883
-15.78235952344272
-20.45444173246237
-27.64372088961717
-21.22849213407022
-3.80835541631055
0.51412113183396
0.86519265637745
-4.24551783889963
4.55091329269878
-6.14223288598100
8.66590805276778
9.28409585888704
9.93443226733646
6.83398337420242
-12.79829509196206
-9.98315465201118
-2.86745791637449
17.19839634764536
26.10261041462318
20.08934696315038
33.34001907915632
51.33303111919433
61.42805297886282
30.64989757065581
53.38031325709215
22.01974414703122
20.55693266024867
-18.13749377231707
-14.67953690152207
2.75905138465594
2.48715727466569
2.56553654078415
1.36563005196929
2.37997981031351
16.18843436739940
39.70475640230168
50.11210190154954
49.97608807218167
68.86072349567642
77.48767174814468
82.76050942213112
80.87300329903699
77.09224692432861
71.55724409452804
66.56609749406245
62.24678247696760
57.36851473101583
64.62455253319501
69.42033710059270
75.12301846011337
72.69854766299726
94.26673374775804
88.78839892159986
91.77416350738248
85.42928813382566
81.33929354461876
74.97120430279539
72.62885343667016
59.29815955367292
41.36962161869107
33.90363325262385
54.47237497301221
48.72843242945019
47.49712493643568
43.91944040171936
54.92367215998544
48.11490840541619
55.66877092170935
44.14589632303229
34.92175790402457
31.90821984847069
26.03352497865442
21.95165182187915
43.67224469680458
36.45059722720188
57.36489899065997
62.84024688930364
56.02534678259325
49.53300559292335
45.25728981941968
37.34898878371641
31.55812804246670
28.02583660388933
25.45177517855630
16.43040490599192
15.38020790980707
30.54655257671853
39.68753426619078
29.01187042238097
11.85027216911471
8.19881966499216
1.20661219620775
-6.18302596096266
-10.95335550136596
4.13877393998129
-0.23032682062653
22.48902806643639
15.52793238052604
34.34252213767417
47.50289586542740
35.79214337732467
47.71361753006200
41.35929924480213
37.22220510068276
34.46897597179724
40.49287749746042
36.21739244399960
26.84250865602660
48.74545354408868
39.55068146039139
37.71802161965961
29.71716828842492
13.74855712213042
7.96701006720231
9.46743914794752
4.99719074326843
1.29596597589320
-22.35676903220631
-21.52399660096377
-31.48708370554697
-30.01149067606589
-22.19422011800182
-3.88404342086834
6.57271137535904
16.48343926729900
-8.37530541986508
-35.27883773282294
-32.09278463599842
-35.95987312197643
-29.78039479385262
-13.66140849405190
-23.06180113704929
-0.30744202510179
-5.30312853336619
-6.74699292822850
-9.59515118687579
-13.79107842589229
-8.58570238695233
6.24546954997220
2.86343337042647
3.39610755621856
27.38218431737480
21.53305098430378
25.65556237442568
16.38754346485783
-9.43267354313533
-13.73980923560866
-11.81070427376061
-10.33164440118477
7.32378474994685
6.50160057163870
19.44870187849835
11.87152695066924
25.60760301903791
44.26848559647243
43.94774394430112
19.26739244777330
-14.00023856254640
-11.89503928432594
-8.81515672091501
14.06411275033038
13.11970537562878
15.68566548136372
14.18070946327153
14.71182329055793
11.10356519167221
29.78434710308085
1.92492899782766
-8.47018133544382
15.79443501163691
31.13340828876521
31.54702580608593
27.90177305923332
11.84644872087886
-12.51690121410706
-40.38265489497056
-37.15773612258275
-36.89178020621203
-47.19888887978266
-44.08848736903659
-43.04983340911902
-55.29227819469017
-69.77753419787953
-53.08663078497972
-45.63044340734628
-44.30930904345936
-25.84508437545320
-22.36385212976463
-19.95567254970478
5.05036241052962
5.74704436818738
30.32298774049715
10.65456877538525
-6.17683922912689
-4.86253348443878
-6.14208563334004
9.91366404201952
9.78107959122143
8.70775498922763
7.98304870471813
30.90230557190351
46.17747222102237
41.70858273661968
53.41777488465213
50.28454487232426
57.64669468527547
50.99715056987382
46.68582694378555
44.71349634457550
35.98515920758894
32.58227063968675
45.81332600860659
64.41666959001705
80.91901204111349
73.50063169808638
90.30271194175171
107.39083246544672
121.64985287054655
113.22524855373885
112.86246107723477
123.80495335729090
113.25892359940491
102.34947503522812
95.46718435773290
91.88163267243566
77.17039260616886
66.56412336265359
55.51477644161820
53.93108010260876
46.14052635270996
41.64263879627061
34.28095648534148
31.43632727670922
54.65120033948140
49.36358008311769
43.48648823880752
66.39828186847657
64.19973609739485
56.85637219863899
45.24963068575116
42.55170427319072
41.31476296948564
48.99689574102936
66.98822075748059
59.88842133634846
57.44802219004848
49.71105253049189
44.91894033653792
40.16323424782553
31.12847112444966
26.23312241055289
21.41899170647738
44.95693071341682
37.48630379052083
59.90018808462629
80.12599409884993
97.08639025516179
111.33108672498518
100.31644294879285
86.62697730506260
77.14020230622427
60.04095102352873
77.28939328429588
88.40909618695791
109.41698980769486
124.56319136066659
118.70940410199808
110.58663353949107
123.74403102303104
111.31035193920734
123.46538686242675
137.70906772642667
149.17887324222232
138.98430953732952
130.00547947969679
113.89663481116328
126.90426108727726
136.81382490873551
127.17709274943130
139.79181833282644
151.28755174676328
128.41070452731742
115.36201813287695
135.02807708200163
118.14126405419840
125.97455018512409
138.51301079470559
104.42638612051954
111.32253914455930
103.53096406527163
86.37112582182147
105.87338079159943
121.59518117913052
135.79817743656636
127.00760205865826
138.09866279098699
126.46907044181350
109.94995009142185
125.54665369095677
136.27266229241178
124.95612692281432
115.59535438554425
133.10531777299479
145.72589004603032
154.18152283266792
136.02347768588356
116.66573216657096
129.05582318832438
144.29235942912652
131.52774543012899
143.19509290666130
152.47681668157196
136.56429290947565
120.29743137023745
138.59247757740127
130.60712164286940
139.33442647453859
150.13120671205584
154.74393487685225
162.44317387109601
142.01271248739053
125.60992437713460
139.52241597830619
126.18371713343753
139.60226666104165
127.70131940048115
142.12106964944968
155.00172214388047
137.14613743779688
119.75007357965706
131.10207351216957
115.77585712990100
103.04912612854278
115.60590585869895
125.86043764319439
134.02389786684017
134.04844394666264
117.18481941008120
96.97127587868860
78.62017535977697
90.74756237608180
106.57637760416968
119.67522881661752
105.61814080320774
79.30812067384643
97.56040829888271
68.22685353895208
77.74741814162331
87.67849818929525
73.69761816221455
62.91890655081401
48.49767539427816
30.14011321337092
12.40921334515859
34.92569825624390
45.31250087110297
63.52834219679753
50.44562633831266
26.57158998620536
45.97268349944374
54.71937530682332
50.07284171807922
67.90096946222266
84.08727661644164
70.31513944504580
86.01019326140543
96.28515964237447
106.30684332468701
119.59316733882369
99.98190333430325
82.25058474823778
64.68163221393934
51.89502683665216
66.98712390399967
79.94644451276957
91.65313066960015
102.80804135953110
107.64847906732481
109.61316176060971
120.53829586688416
100.05807728478933
109.52572439295494
98.69732389706428
87.18850936014674
73.23420987817232
61.04578254755918
53.59118409358350
69.36711495503732
60.24505113744174
76.75362911044587
64.88936232525076
53.02588468275411
64.49041124394873
55.84515786740583
65.67228777175877
80.35656459457675
69.85320493168879
83.28236664087768
72.58470770715223
91.06768775008814
103.44840906037312
110.60169249883324
119.80560318581307
132.99021705342525
116.15037715951284
127.67536301149732
137.74098637734357
112.63513451712060
80.22031476138098
74.26942407223740
88.78678264618148
101.76495029951123
117.85052557815885
107.29513092152484
121.95209379190013
133.34888134177859
151.26949704147597
163.62596737207801
149.05239050361760
157.51033240755740
166.73953671129377
152.55048835069451
140.61025482220626
149.50068337914121
159.94925427130585
169.55851392149361
183.32225280062880
191.10870580206279
173.96077677196010
182.93333195657806
186.81761672880856
194.31512100424663
199.99167449061233
204.82575545318491
207.73558299675716
216.55273024990214
220.40225617575805
222.45380481991953
223.99071226720787
201.40593669427028
208.28220772349715
187.48492107890854
195.01909608016356
204.74456449251960
181.79872351455884
191.76062111465683
174.09262032160956
182.32564035893347
185.98451665062177
167.69257777504288
174.67827859283065
186.12706841894780
194.76529140988578
179.58702558583536
164.83720997361689
145.98463082896873
149.76367288560596
136.27585255759317
151.00300119346269
134.39080777951767
114.20658240401403
103.52001228983660
75.62555445459952
72.71740282688428
67.96099678189884
55.88688731991152
75.66187594531678
96.12686310347070
91.91183839812500
106.85484830417229
96.53987436201744
88.24053241286894
105.26577871975485
121.54707578799572
136.77174701344344
122.30376770857980
111.44154424273324
124.19589661468277
134.96081430317642
148.30039459228561
165.07791548660478
176.03920226796976
186.67186711725958
194.16278485720903
204.26591046278105
209.36288182445486
218.51977195059848
223.98732120649561
