-10.00000000000000
-5.80000000000000
-5.92000000000000
-6.02800000000000
-5.92520000000000
-6.23268000000000
-3.80941200000000
-4.02847080000000
-0.92562372000000
-1.53306134800000
-1.07975521320000
-0.27177969188000
-0.74460172269200
-1.77014155042280
-0.99312739538052
-0.89381465584247
-1.50443319025822
-1.45398987123240
-1.10859088410916
-1.29773179569824
-2.06795861612842
-0.66116275451558
-0.39504647906402
0.14445816884238
0.53001235195814
0.67701111676233
-0.29068999491390
1.03837900457749
0.83454110411974
1.85108699370776
1.36597829433699
0.32938046490329
-0.30355758158704
2.92679817657166
2.33411835891450
3.00070652302305
3.80063587072074
2.42057228364867
2.27851505528380
1.25066354975542
0.62559719477988
-0.13696252469811
-0.72326627222830
-1.85093964500547
-1.46584568050492
1.48073888754557
4.33266499879101
3.89939849891191
2.70945864902072
2.03851278411865
2.83466150570678
3.65119535513611
5.68607581962250
6.51746823766025
5.66572141389422
4.89914927250480
6.40923434525432
4.96831091072889
5.07147981965600
4.26433183769040
5.83789865392136
5.05410878852922
6.44869790967630
8.50382811870867
7.35344530683780
6.31810077615402
6.28629069853862
4.65766162868476
2.99189546581628
2.59270591923466
1.83343532731119
1.75009179458007
1.27508261512206
3.64757435360986
2.68281691824887
2.31453522642398
3.68308170378159
2.61477353340343
1.95329618006309
1.05796656205678
0.55216990585110
1.19695291526599
0.37725762373939
-0.66046813863455
0.20557867522891
-0.41497919229398
1.82651872693541
3.24386685424187
3.11948016881769
1.80753215193592
2.82677893674233
1.74410104306809
2.56969093876128
1.71272184488515
1.44144966039664
2.39730469435698
1.75757422492128
3.68181680242915
4.11363512218624
4.80227160996761
8.42204444897085
6.57984000407377
5.52185600366639
4.86967040329975
4.38270336296978
3.74443302667280
3.66998972400552
4.50299075160497
6.15269167644447
5.63742250880002
3.87368025792002
3.78631223212802
2.80768100891522
1.72691290802370
2.15422161722133
5.23879945549919
4.41491950994927
4.87342755895435
5.28608480305891
4.35747632275302
6.72172869047772
6.64955582142995
5.48460023928695
5.83614021535826
5.35252619382243
6.41727357444019
6.97554621699617
9.47799159529655
11.13019243576690
10.91717319219021
11.62545587297119
9.86291028567407
8.37661925710666
8.93895733139600
10.34506159825640
8.81055543843076
6.82949989458768
5.24654990512892
13.02189491461603
13.01970542315442
11.81773488083898
11.13596139275508
9.92236525347958
10.73012872813162
9.05711585531846
8.15140426978661
9.53626384280795
9.98263745852716
8.18437371267444
6.26593634140700
7.73934270726630
7.76540843653967
7.48886759288570
6.73998083359713
6.66598275023742
7.39938447521368
6.45944602769231
5.51350142492308
8.06215128243077
10.15593615418769
10.24034253876892
9.11630828489203
14.90467745640283
17.01420971076255
14.71278873968629
14.34150986571766
13.70735887914590
12.13662299123131
10.62296069210818
11.46066462289736
10.11459816060762
16.10313834454686
17.19282451009218
14.97354205908296
13.27618785317466
11.04856906785720
9.44371216107148
9.89934094496433
13.30940685046790
12.37846616542111
12.84061954887900
12.35655759399110
12.32090183459199
11.08881165113279
14.27993048601951
12.95193743741756
15.05674369367581
19.35106932430823
18.31596239187740
17.88436615268966
19.69592953742070
17.02633658367863
16.52370292531077
15.87133263277969
23.58419936950172
21.72577943255155
21.65320148929640
22.18788134036676
24.96909320633008
23.07218388569708
20.56496549712737
19.30846894741463
17.47762205267317
19.92985984740585
21.13687386266527
19.32318647639874
27.39086782875887
24.95178104588298
24.35660294129468
26.92094264716522
31.82884838244870
35.44596354420383
32.60136718978345
29.84123047080510
29.45710742372459
33.41139668135214
31.97025701321692
32.37323131189523
34.03590818070571
37.03231736263514
39.52908562637163
37.17617706373447
43.95855935736103
46.56270342162492
45.00643307946243
45.40578977151619
46.76521079436457
49.18868971492812
63.06982074343530
67.96283866909177
81.96655480218259
97.26989932196433
107.34290938976790
107.10861845079111
99.89775660571200
96.70798094514080
100.53718285062672
105.98346456556405
112.98511810900766
117.58660629810690
122.62794566829621
125.66515110146659
126.39863599131994
124.85877239218794
126.47289515296916
126.52560563767224
123.77304507390502
119.19574056651452
118.57616650986306
132.11854985887675
168.90669487298908
