-10.00000000000000
-8.00000000000000
-5.30000000000000
-5.27000000000000
-5.24300000000000
-5.51870000000000
-5.66683000000000
-5.20014700000000
-4.58013230000000
-3.32211907000000
-0.88990716300000
-1.60091644670000
-1.94082480203000
-2.54674232182700
-3.09206808964430
-3.58286128067987
-3.82457515261188
-4.44211763735070
-4.09790587361563
-3.68811528625406
-2.01930375762866
-2.71737338186579
-3.44563604367921
-0.10107243931129
0.90903480461984
0.31813132415785
0.28631819174207
-0.64231362743214
-0.67808226468892
-1.31027403822003
1.72075336560197
1.04867802904177
1.64381022613760
0.67942920352384
1.01148628317145
4.81033765485431
5.82930388936888
4.24637350043199
3.12173615038879
2.30956253534991
1.37860628181492
4.54074565363343
3.08667108827009
2.27800397944308
1.55020358149877
0.89518322334889
-0.19433509898600
0.12509841091260
-0.38741143017866
0.75132971283921
5.37619674155529
4.63857706739976
4.17471936065978
3.55724742459380
2.80152268213442
1.42137041392098
0.57923337252888
1.02131003527600
3.81917903174840
2.73726112857356
3.46353501571620
3.21718151414458
3.99546336273012
4.29591702645711
3.56632532381140
4.90969279143026
4.11872351228723
3.20685116105851
2.18616604495266
3.96754944045739
3.27079449641165
2.44371504677049
1.19934354209344
0.07940918788410
-1.02853173090431
1.97432144218612
4.37688929796751
3.53920036817076
3.48528033135368
4.23675229821831
3.71307706839648
2.54176936155683
2.08759242540115
0.97883318286104
1.18094986457493
0.96285487811744
0.76656939030569
0.28991245127513
-0.83907879385239
-1.65517091446715
-1.68965382302043
-1.92068844071839
-2.32861959664655
-1.89575763698190
-1.30618187328371
-1.17556368595534
-0.35800731735980
-0.52220658562382
-0.86998592706144
-1.68298733435530
1.28531139908023
1.95678025917221
1.56110223325499
0.40499200992949
0.46449280893654
2.41804352804289
2.87623917523860
2.58861525771474
1.62975373194327
0.46677835874894
-0.07989947712596
-0.17190952941336
-0.85471857647202
-1.36924671882482
-1.13232204694234
-2.21908984224811
-3.09718085802329
-3.48746277222097
-2.33871649499887
-2.90484484549898
-0.71436036094908
-1.14292432485418
-1.82863189236876
-1.34576870313188
-0.41119183281869
0.62992735046318
1.16693461541686
0.15024115387517
-0.86478296151235
1.52169533463889
3.06952580117500
2.06257322105750
1.25631589895175
1.33068430905658
1.19761587815092
1.07785429033583
-0.02993113869776
1.07306197517202
0.06575577765482
-0.64081980011066
0.02326217990040
0.02093596191036
-0.88115763428067
-1.99304187085261
-1.89373768376735
-2.40436391539061
-2.96392752385155
-2.06753477146640
-2.66078129431976
-2.79470316488778
-3.51523284839900
-4.36370956355910
-4.72733860720319
-3.65460474648287
-3.38914427183459
-1.95022984465113
-0.35520686018601
-1.11968617416741
-1.00771755675067
-0.40694580107560
-0.96625122096804
-1.36962609887124
-1.03266348898412
-1.82939714008570
-1.74645742607713
-2.67181168346942
-3.30463051512248
-3.67416746361023
-3.90675071724921
-3.81607564552429
-4.53446808097186
-4.48102127287467
-3.33291914558721
-3.79962723102849
-3.61966450792564
-3.85769805713307
-4.17192825141977
-0.75473542627779
-1.57926188365001
-1.62133569528501
-1.55920212575651
0.79671808681914
0.31704627813723
2.48534165032351
1.23680748529116
0.21312673676204
-0.80818593691416
-0.92736734322275
-2.03463060890047
-1.13116754801043
-2.11805079320938
-3.00624571388845
-3.70562114249960
-3.73505902824964
-4.16155312542468
-4.44539781288221
-4.20085803159399
-4.88077222843459
-2.19269500559113
-2.17342550503202
1.34391704547118
-0.09047465907593
-0.48142719316834
-1.13328447385151
-1.41995602646636
-1.87796042381972
-2.39016438143775
-2.65114794329397
-3.48603314896458
-4.13742983406812
-4.02368685066131
-4.52131816559518
-4.96918634903566
-5.17226771413209
-3.25504094271888
-4.02953684844700
-4.52658316360230
-4.37392484724207
-4.93653236251786
-4.74287912626607
-4.96859121363947
-4.07173209227552
-4.16455888304797
-3.84810299474317
-3.86329269526885
-4.37696342574197
-4.83926708316777
-4.45534037485100
-4.90980633736590
-5.31882570362931
-5.48694313326638
-5.93824881993974
-5.74442393794576
-4.96998154415119
-4.77298338973607
-5.09568505076246
-4.98611654568622
-5.28750489111760
-5.65875440200584
-6.19287896180525
-5.17359106562473
-4.95623195906225
-5.36060876315603
-5.92454788684043
-6.43209309815638
-6.88888378834075
-7.19999540950667
-7.47999586855600
-7.63199628170040
-8.06879665353036
-6.96191698817733
-7.36572528935960
-7.72915276042364
-7.35623748438127
-7.82061373594315
-7.93855236234883
-7.54469712611395
-7.29022741350255
-7.56120467215230
-8.00508420493707
-8.10457578444336
-7.99411820599903
-8.29470638539912
-8.26523574685921
-8.03871217217329
-8.33484095495596
-8.40135685946037
-8.66122117351433
-8.49509905616290
-8.44558915054661
-8.00103023549195
-6.90092721194275
-7.11083449074848
-6.89975104167363
-6.50977593750627
-6.85879834375564
-6.77291850938008
-7.19562665844207
-7.57606399259786
-7.21845759333808
-7.59661183400427
-7.93695065060384
-8.04325558554346
-8.03893002698911
-7.63503702429020
-7.97153332186118
-8.17437998967506
-8.25694199070756
-8.33124779163680
-8.29812301247312
-7.76831071122581
-7.79147964010323
-7.61233167609291
-7.35109850848361
-7.51598865763525
-7.66438979187173
-7.79795081268456
-7.91815573141610
-7.92634015827449
-7.13370614244704
-7.32033552820234
-7.68830197538210
-6.21947177784389
-6.39752460005950
-6.75777214005355
-7.18199492604820
-7.66379543344338
-6.89741589009904
-7.20767430108914
-7.68690687098023
-7.61821618388220
-7.95639456549398
-7.56075510894459
-5.90467959805013
-6.01421163824511
-5.61279047442060
-5.55151142697854
-5.99636028428069
-6.19672425585262
-6.27705183026736
-6.64934664724062
-7.18441198251656
-6.56597078426490
-7.00937370583841
-7.30843633525457
-7.67759270172911
-8.00983343155620
-8.00885008840058
-7.90796507956053
-6.21716857160447
-6.39545171444403
-6.95590654299962
-7.36031588869966
-7.62428429982970
-6.06185586984673
-6.65567028286205
-5.29010325457585
-5.26109292911826
-3.93498363620644
-4.44148527258579
-4.19733674532722
-4.87760307079449
-4.98984276371504
-5.09085848734354
-5.28177263860919
-5.55359537474827
-5.79823583727344
-6.01841225354610
-6.61657102819149
-6.85491392537234
-6.46942253283511
-6.32248027955159
-6.79023225159644
-7.01120902643679
-6.61008812379311
-6.64907931141380
-6.58417138027242
-6.62575424224518
-6.66317881802066
-6.79686093621859
-7.31717484259674
-6.38545735833706
-6.54691162250336
-6.59222046025302
-6.63299841422772
-6.86969857280495
-5.48272871552445
-4.53445584397201
-4.78101025957481
-5.50290923361733
-6.15261831025559
-6.63735647923004
-6.57362083130703
-7.01625874817633
-7.51463287335870
-7.56316958602283
-7.70685262742054
-7.23616736467849
-7.41255062821064
-7.07129556538958
-7.06416600885062
-7.35774940796556
-7.62197446716900
-7.15977702045210
-7.34379931840689
-7.50941938656620
-7.25847744790958
-7.33262970311863
-7.49936673280676
-7.54943005952609
-7.69448705357348
-7.72503834821613
-8.05253451339452
-8.24728106205507
-8.22255295584956
-8.10029766026460
-8.29026789423814
-8.56124110481433
-8.70511699433290
-8.83460529489961
-9.05114476540965
-9.24603028886868
-8.52142725998181
-8.56928453398363
-8.91235608058527
-8.72112047252674
-8.74900842527407
-8.67410758274666
-6.40669682447200
-6.66602714202480
-7.09942442782232
-7.38948198504009
-5.75053378653608
-5.47548040788247
-6.02793236709422
-6.52513913038480
-6.37262521734632
-6.83536269561169
-6.85182642605052
-7.06664378344547
-6.45997940510092
-5.51398146459083
-5.86258331813175
-6.47632498631857
-6.92869248768672
-7.33582323891804
-7.10224091502624
-6.29201682352362
-5.86281514117126
-6.47653362705413
-6.12888026434872
-6.51599223791384
-6.46439301412246
-6.61795371271021
-7.15615834143919
-6.54054250729527
-6.98648825656575
-7.48783943090917
-7.43905548781825
-7.69514993903643
-7.72563494513279
-7.95307145061951
-8.15776430555756
-8.14198787500180
-7.22778908750162
-7.70501017875146
-7.83450916087631
-7.75105824478868
-7.27595242030981
-7.54835717827883
-5.69352146045095
-5.82416931440586
-6.44175238296527
-6.49757714466874
-5.34781943020187
-5.31303748718168
-5.88173373846351
-5.89356036461716
-6.00420432815545
-6.20378389533990
-6.78340550580591
-7.30506495522532
-7.57455845970279
-7.31710261373251
-7.58539235235926
-7.62685311712333
-7.66416780541100
-7.99775102486990
-6.69797592238291
-5.92817833014462
-5.93536049713016
-6.24182444741714
-6.31764200267543
-6.78587780240789
-7.10729002216710
-7.19656101995039
-7.57690491795535
-7.31921442615981
-7.58729298354383
-8.02856368518945
-8.12570731667051
-8.41313658500346
-8.67182292650311
-8.80464063385280
-8.92417657046752
-8.83175891342077
-9.14858302207869
-9.33372471987082
-9.30035224788374
-9.37031702309537
-9.43328532078583
-9.58995678870725
-9.23096110983652
-9.40786499885287
-9.46707849896758
-9.42037064907083
-7.97833358416374
-8.38050022574737
-8.54245020317263
-8.78820518285537
-8.80938466456983
-9.02844619811285
-8.92560157830157
-9.13304142047141
-8.01973727842427
-8.31776355058184
-8.38598719552366
-8.44738847597129
-8.50264962837416
-8.55238466553675
-8.39714619898307
-8.25743157908477
-8.53168842117629
-8.27851957905866
-8.25066762115279
-8.12560085903752
-8.41304077313376
-8.27173669582039
-8.44456302623835
-6.00010672361451
-6.40009605125306
-6.86008644612776
-7.17407780151498
-7.15667002136348
-7.44100301922714
-7.59690271730442
-7.73721244557398
-8.16349120101658
-8.34714208091492
-8.71242787282343
-9.04118508554109
-9.13706657698698
-9.12335991928828
-9.21102392735946
-9.28992153462351
-9.56092938116116
-9.50483644304504
-9.55435279874054
-9.69891751886649
-9.82902576697984
-9.34612319028185
-9.01151087125367
-8.21035978412830
-8.08932380571547
-8.28039142514393
-8.35235228262953
-8.51711705436658
-8.56540534892992
-8.20886481403693
-7.28797833263324
-7.45918049936991
-7.61326244943292
-7.85193620448963
-7.96674258404067
-8.27006832563660
-8.14306149307294
-8.42875534376565
-8.78587980938908
-8.70729182845018
-9.03656264560516
-9.13290638104464
-9.11961574294018
-8.70765416864616
-8.83688875178155
-8.85319987660339
-8.26787988894305
-8.14109190004875
-8.32698271004387
-8.49428443903949
-8.74485599513554
-8.97037039562198
-8.97333335605979
-9.27600002045381
-8.04840001840843
-8.34356001656758
-8.40920401491083
-8.56828361341974
-8.61145525207777
-8.85030972686999
-9.16527875418299
-8.74875087876469
-8.07387579088823
-8.46648821179940
-8.81983939061946
-9.03785545155752
-9.23406990640177
-8.81066291576159
-8.92959662418543
-8.93663696176689
-8.74297326559020
-8.06867593903118
-8.36180834512806
-8.22562751061526
-8.40306475955373
-8.56275828359836
-8.70648245523852
-9.03583420971467
-9.13225078874320
-9.21902570986888
-9.39712313888200
-9.55741082499380
-9.70166974249442
-9.63150276824498
-9.46835249142048
-9.62151724227843
-9.65936551805059
-9.59342896624553
-9.63408606962098
-9.47067746265888
-9.72360971639299
-9.75124874475369
-9.57612387027832
-9.31851148325049
-9.48666033492544
-9.63799430143290
-9.37419487128961
-9.43677538416065
-9.49309784574458
-9.54378806117012
-9.78940925505311
-10.01046832954780
-9.90942149659302
-10.01847934693372
-9.91663141224035
-9.62496827101631
-9.56247144391468
-9.50622429952321
-9.75560186957089
-9.68004168261380
-9.61203751435242
-9.45083376291718
-9.30575038662546
-9.47517534796292
-9.62765781316662
-9.66489203184996
-9.79840282866497
-9.91856254579847
-9.72670629121862
-9.75403566209676
-9.87863209588708
-9.69076888629838
-9.82169199766854
-9.63952279790169
-9.37557051811152
-8.83801346630037
-9.05421211967033
-9.24879090770330
-9.32391181693297
-9.49152063523967
-8.54236857171570
-8.58813171454413
-8.82931854308972
-9.14638668878075
-9.33174801990267
-9.29857321791241
-8.46871589612116
-8.82184430650905
-9.13965987585814
-9.32569388827233
-9.39312449944510
-9.65381204950059
-9.78843084455053
-9.80958776009548
-10.02862898408593
-10.22576608567734
-10.30318947710960
-10.07287052939865
-10.16558347645878
-9.94902512881290
-10.15412261593161
-9.93871035433845
-10.04483931890461
-10.14035538701415
-9.92631984831273
-9.53368786348146
-9.68031907713331
-9.81228716941998
-9.83105845247798
-9.24795260723019
-9.32315734650717
-9.39084161185645
-9.65175745067081
-9.78658170560373
-9.40792353504335
-9.56713118153902
-9.61041806338512
-9.74937625704660
-9.77443863134194
-9.79699476820775
-9.91729529138697
-9.82556576224828
-10.04300918602345
-10.13870826742111
-10.22483744067899
-10.30235369661109
-10.37211832694998
-10.23490649425499
-10.31141584482949
-10.38027426034654
-10.44224683431188
-10.59802215088069
-10.53821993579263
-10.48439794221336
-10.53595814799203
-10.58236233319282
-10.72412609987354
-10.35171348988619
-10.31654214089757
-10.38488792680781
-10.54639913412703
-10.69175922071433
-10.82258329864290
-10.44032496877861
-10.49629247190074
-10.24666322471067
-10.32199690223960
-10.48979721201565
-10.54081749081408
-10.18673574173267
-10.36806216755940
-10.43125595080346
-10.48813035572312
-10.43931732015081
-10.49538558813573
-10.54584702932215
-10.39126232638994
-10.55213609375095
-10.49692248437585
-10.24723023593827
-9.92250721234444
-9.53025649110999
-9.57723084199900
-9.81950775779909
-9.93755698201918
-10.14380128381727
-10.12942115543554
-10.31647903989199
-10.38483113590279
-10.54634802231251
-10.69171322008126
-10.82254189807314
-10.84028770826582
-10.95625893743924
-11.06063304369532
-10.35456973932579
-10.31911276539321
-10.38720148885389
-10.44848133996850
-10.60363320597165
-10.74326988537448
-10.66894289683704
-10.30204860715333
-10.37184374643800
-10.43465937179420
-10.59119343461478
-10.43207409115330
-10.38886668203797
-10.34998001383418
-10.41498201245076
-10.57348381120568
-10.61613543008512
-10.65452188707660
-10.48906969836895
-10.54016272853205
-10.28614645567885
-10.35753181011096
-10.42177862909987
-10.47960076618988
-10.63164068957089
-10.76847662061380
-10.89162895855242
-11.00246606269718
-10.80221945642746
-10.32199751078471
-10.48979775970624
-10.44081798373562
-10.29673618536206
-10.26706256682585
-10.44035631014327
-10.49632067912894
-10.54668861121604
-10.59201975009444
-10.63281777508500
-10.66953599757650
-10.70258239781885
-10.73232415803696
-10.75909174223326
-10.48318256800994
-10.53486431120895
-10.48137788008805
-9.83324009207925
-10.04991608287132
-10.14492447458419
-9.83043202712577
-9.84738882441319
-10.06264994197187
-10.15638494777469
-10.34074645299722
-10.50667180769750
-10.45600462692775
-10.01040416423497
-9.60936374781148
-9.84842737303033
-10.06358463572730
-10.25722617215457
-10.33150355493911
-10.49835319944520
-10.44851787950068
-10.50366609155061
-10.45329948239555
-10.60796953415600
-10.44717258074040
-10.50245532266636
-10.35220979039972
-10.41698881135975
-10.17528993022378
-10.05776093720140
-10.05198484348126
-10.24678635913314
-9.62210772321982
-9.65989695089784
-9.39390725580806
-9.55451653022725
-9.49906487720453
-9.74915838948407
-9.97424255053567
-10.07681829548210
-10.26913646593389
-9.84222281934050
-9.95800053740645
-9.96220048366581
-9.96598043529922
-10.06938239176930
-10.16244415259237
-10.24619973733313
-10.42157976359982
-10.27942178723984
-9.75147960851585
-9.67633164766427
-9.70869848289784
-9.83782863460806
-9.95404577114725
-10.15864119403253
-10.24277707462928
-10.41849936716635
-9.87664943044972
-9.68898448740475
-9.62008603866427
-9.45807743479785
-9.71226969131806
-9.54104272218626
-9.68693844996763
-9.81824460497087
-9.73642014447378
-9.86277813002640
-9.77650031702376
-9.79885028532139
-10.01896525678925
-9.91706873111033
-9.72536185799929
-9.75282567219936
-9.97754310497943
-9.77978879448149
-10.00180991503334
-10.10162892353000
-10.29146603117701
-10.26231942805931
-10.43608748525337
-10.39247873672804
-10.45323086305523
-10.40790777674971
-10.36711699907474
-10.43040529916727
-10.18736476925054
-10.26862829232549
-10.44176546309294
-10.49758891678364
-10.74783002510528
-10.47304702259475
-10.32574232033528
-10.39316808830175
-10.45385127947157
-10.20846615152442
-9.98761953637198
-9.88885758273478
-9.89997182446130
-9.70997464201517
-9.93897717781366
-10.14507946003229
-10.23057151402906
-10.40751436262616
-10.46676292636354
-10.42008663372719
-10.47807797035447
-10.33027017331902
-10.19724315598712
-9.67751884038841
-9.40976695634957
-9.56879026071461
-9.51191123464315
-9.16072011117884
-9.34464810006095
-9.41018329005486
-9.56916496104937
-8.81224846494444
-8.83102361844999
-8.64792125660499
-8.88312913094449
-9.09481621785004
-8.98533459606504
-9.18680113645854
-8.96812102281268
-8.77130892053141
-8.99417802847827
-9.19476022563044
-9.47528420306740
-9.52775578276066
-9.37498020448460
-9.33748218403614
-9.40373396563252
-9.66336056906927
-9.89702451216235
-10.00732206094611
-10.30658985485150
-10.27593086936635
-10.34833778242972
-10.41350400418674
-10.47215360376807
-10.22493824339126
-9.90244441905214
-10.01219997714692
-8.71097997943223
-8.53988198148901
-8.18589378334011
-8.46730440500610
-8.72057396450549
-8.84851656805494
-9.06366491124944
-9.05729842012450
-9.15156857811205
-9.23641172030085
-9.21277054827076
-9.19149349344369
-9.17234414409932
-9.45510972968939
-9.60959875672045
-9.44863888104841
-9.40377499294357
-9.56339749364921
-9.60705774428429
-9.54635196985586
-9.79171677287028
-9.91254509558325
-10.02129058602493
-9.81916152742243
-9.53724537468019
-9.28352083721217
-9.35516875349095
-9.51965187814186
-9.56768669032767
-9.71091802129491
-9.23982621916542
-9.31584359724887
-9.38425923752399
-9.14583331377159
-9.33124998239443
-9.49812498415499
-9.74831248573949
-9.67348123716554
-9.40613311344898
-9.46551980210409
-9.21896782189368
-8.99707103970431
-9.19736393573388
-9.27762754216049
-9.34986478794444
-9.61487830915000
-8.95339047823500
-9.05805143041150
-8.85224628737035
-9.06702165863331
-9.06031949276998
-9.15428754349298
-9.23885878914369
-9.41497291022932
-9.57347561920638
-9.61612805728575
-9.85451525155717
-9.66906372640145
-9.50215735376131
-9.25194161838518
-9.32674745654666
-9.49407271089200
-9.44466543980280
-9.30019889582252
-9.27017900624027
-9.44316110561624
-9.59884499505461
-9.23896049554915
-9.41506444599424
-9.37355800139481
-9.23620220125533
-9.31258198112980
-8.98132378301682
-9.18319140471514
-8.96487226424362
-9.16838503781926
-9.35154653403733
-9.21639188063360
-9.39475269257024
-9.35527742331322
-9.01974968098190
-8.91777471288371
-9.12599724159534
-9.41339751743580
-9.37205776569222
-9.23485198912300
-9.11136679021070
-9.40023011118964
-9.46020710007067
-9.11418639006360
-9.40276775105724
-9.36249097595152
-9.62624187835637
-9.76361769052073
-9.58725592146866
-9.82853032932179
-10.14567729638962
-10.13110956675065
-10.31799861007559
-10.38619874906803
-10.34757887416123
-10.51282098674510
-10.46153888807059
-10.01538499926354
-10.21384649933718
-10.19246184940346
-9.97321566446312
-10.07589409801681
-10.16830468821513
-10.05147421939362
-9.94632679745425
-9.55169411770883
-9.59652470593795
-9.83687223534415
-9.75318501180974
-9.87786651062876
-10.09007985956589
-9.98107187360930
-9.48296468624837
-9.43466821762353
-9.59120139586118
-9.63208125627506
-9.36887313064756
-9.63198581758280
-9.76878723582452
-9.79190851224207
-9.91271766101786
-10.12144589491608
-10.20930130542447
-10.18837117488203
-9.56953405739382
-9.41258065165444
-9.67132258648900
-9.70419032784010
-9.83377129505609
-9.85039416555048
-9.96535474899543
-10.16881927409589
-10.25193734668630
-10.22674361201767
-9.90406925081590
-9.71366232573431
-9.84229609316088
-9.85806648384479
-9.67225983546031
-9.50503385191428
-9.35453046672286
-9.41907742005057
-9.67716967804552
-9.90945271024097
-10.11850743921687
-10.20665669529518
-10.18599102576567
-9.86739192318910
-9.98065273087019
-10.18258745778317
-10.16432871200485
-9.84789584080437
-9.76310625672393
-9.98679563105154
-9.88811606794639
-10.09930446115175
-9.98937401503658
-9.49043661353292
-9.44139295217963
-9.29725365696167
-9.46752829126550
-9.32077546213895
-9.08869791592505
-9.27982812433255
-9.45184531189929
-9.40666078070937
-9.36599470263843
-9.52939523237459
-9.57645570913713
-9.71881013822342
-9.94692912440107
-10.05223621196097
-10.04701259076487
-9.64231133168838
-9.47808019851955
-9.23027217866759
-9.10724496080083
-9.29652046472075
-9.16686841824867
-8.65018157642381
-8.78516341878143
-9.00664707690328
-9.30598236921296
-9.27538413229166
-9.44784571906249
-9.30306114715625
-9.07275503244062
-9.36547952919656
-9.62893157627690
-9.36603841864921
-9.42943457678429
-8.88649111910586
-8.89784200719528
-8.90805780647575
-9.11725202582818
-8.90552682324536
-8.31497414092082
-8.58347672682874
-8.92512905414587
-9.13261614873128
-9.11935453385815
-9.30741908047234
-9.37667717242510
-9.53900945518259
-9.18510850966434
-9.26659765869790
-9.43993789282811
-9.29594410354530
-9.16634969319077
-9.44971472387170
-8.80474325148453
-8.62426892633608
-8.36184203370247
-8.52565783033222
-8.77309204729900
-9.09578284256910
-8.48620455831219
-8.73758410248097
-8.56382569223288
-8.30744312300959
-8.27669881070863
-8.34902892963777
-8.41412603667399
-8.67271343300659
-9.00544208970593
-8.60489788073534
-8.74440809266180
-8.66996728339562
-8.70297055505606
-9.03267349955046
-9.02940614959541
-8.72646553463587
-8.95381898117228
-9.15843708305506
-8.94259337474955
-9.14833403727459
-9.23350063354714
-9.11015057019242
-9.29913551317318
-9.46922196185586
-9.52229976567028
-9.77006978910325
-9.89306281019292
-10.00375652917363
-9.80338087625627
-9.82304278863064
-9.94073850976758
-9.74666465879082
-9.87199819291174
-9.78479837362057
-9.80631853625851
-9.62568668263266
-9.86311801436939
-9.67680621293246
-9.10912559163921
-9.29821303247529
-9.36839172922776
-9.43155255630499
-9.18839730067449
-9.06955757060704
-9.26260181354633
-9.33634163219170
-9.20270746897253
-8.78243672207528
-8.70419304986775
-9.03377374488098
-9.33039637039288
-9.49735673335359
-8.64762106001823
-8.98285895401641
-9.18457305861477
-9.46611575275329
-9.41950417747796
-9.67755375973017
-9.90979838375715
-9.41881854538143
-9.27693669084329
-9.04924302175896
-9.04431871958307
-9.13988684762476
-9.32589816286228
-9.29330834657605
-9.36397751191845
-9.32757976072661
-9.29482178465395
-9.46533960618855
-9.61880564556970
-9.25692508101273
-9.53123257291146
-9.37810931562031
-9.44029838405828
-9.59626854565245
-9.73664169108721
-9.46297752197849
-9.51667976978064
-9.66501179280257
-9.89851061352232
-9.80865955217008
-10.02779359695308
-9.92501423725777
-9.73251281353200
-9.85926153217880
-9.67333537896092
-9.70600184106483
-9.93540165695834
-10.14186149126251
-10.12767534213626
-10.11490780792263
-9.40341702713037
-9.56307532441733
-9.40676779197560
-9.56609101277804
-9.60948191150024
-9.84853372035021
-9.56368034831519
-9.50731231348368
-9.55658108213531
-9.60092297392178
-9.54083067652960
-8.98674760887664
-9.28807284798898
-9.35926556319008
-9.12333900687107
-9.31100510618396
-9.37990459556557
-9.54191413600901
-9.78772272240811
-10.00895045016730
-10.10805540515057
-9.99724986463551
-7.59752487817196
-8.03777239035476
-8.33399515131929
-8.00059563618736
-8.10053607256862
-8.39048246531176
-8.45143421878059
-8.50629079690253
-8.65566171721228
-8.39009554549105
-8.55108599094194
-8.89597739184775
-8.40637965266298
-8.56574168739668
-8.70916751865701
-8.83825076679131
-9.05442569011218
-8.94898312110096
-9.15408480899087
-9.33867632809178
-9.40480869528260
-9.36432782575434
-9.62789504317891
-9.66510553886102
-9.69859498497492
-9.32873548647743
-8.39586193782968
-8.65627574404671
-8.59064816964204
-8.63158335267784
-8.26842501741006
-8.44158251566905
-8.69742426410215
-8.92768183769193
-8.73491365392274
-8.46142228853047
-8.21528005967742
-8.29375205370968
-8.56437684833871
-8.50793916350484
-8.65714524715436
-6.89143072243892
-6.90228765019503
-6.11205888517553
-6.20085299665797
-6.48076769699218
-6.83269092729296
-7.14942183456366
-7.53447965110730
-7.88103168599657
-5.99292851739691
-5.59363566565722
-5.93427209909150
-6.14084488918235
-6.32676040026411
-6.59408436023770
-7.03467592421393
-7.43120833179254
-7.58808749861329
-7.92927874875196
-7.33635087387676
-7.50271578648909
-7.85244420784018
-7.66719978705616
-7.70047980835054
-7.43043182751549
-6.58738864476394
-6.42864978028755
-6.88578480225879
-7.39720632203291
-7.85748568982962
-7.77173712084666
-8.09456340876199
-7.58510706788579
-7.92659636109722
-7.63393672498749
-7.77054305248875
-7.99348874723987
-8.19413987251588
-8.57472588526430
-8.61725329673787
-8.45552796706408
-8.70997517035767
-8.83897765332190
-8.65507988798971
-8.98957189919074
-8.29061470927167
-6.96155323834450
-6.86539791451005
-6.87885812305905
-6.59097231075314
-6.73187507967783
-6.85868757171004
-7.37281881453904
-7.83553693308514
-8.25198323977662
-8.42678491579896
-6.88410642421907
-7.39569578179716
-7.45612620361744
-7.71051358325570
-7.43946222493013
-7.69551600243712
-6.92596440219340
-7.33336796197406
-7.70003116577666
-7.93002804919899
-7.23702524427909
-7.41332271985118
-7.57199044786607
-7.21479140307946
-7.59331226277151
-7.83398103649436
-8.05058293284493
-7.84552463956043
-7.76097217560439
-7.38487495804395
-7.64638746223956
-7.68174871601560
-8.01357384441404
-7.31221645997264
-7.18099481397537
-7.66289533257784
-7.69660579932005
-7.92694521938805
-8.03425069744924
-7.93082562770432
-7.33774306493389
-7.50396875844050
-7.65357188259645
-7.98821469433680
-7.98939322490312
-8.19045390241281
-8.07140851217153
-8.16426766095438
-7.94784089485894
-8.15305680537304
-7.03775112483574
-7.53397601235217
-7.58057841111695
-7.32252057000525
-7.39026851300473
-7.25124166170426
-7.52611749553383
-7.87350574598045
-7.78615517138240
-7.60753965424416
-7.14678568881975
-6.63210711993777
-7.06889640794400
-7.36200676714960
-7.72580609043464
-8.05322548139117
-8.14790293325206
-8.13311263992685
-8.51980137593416
-8.26782123834075
-8.04103911450667
-8.13693520305601
-8.32324168275041
-4.79091751447537
-5.11182576302783
-5.00064318672505
-5.40057886805254
-5.56052098124729
-5.80446888312256
-4.42402199481030
-4.88161979532927
-5.39345781579635
-5.75411203421671
-5.07870083079504
-5.47083074771554
-5.82374767294398
-4.74137290564959
-5.06723561508463
-5.66051205357616
-2.69446084821855
-2.52501476339669
-1.67251328705702
-2.20526195835132
-2.88473576251619
-3.09626218626457
-3.98663596763811
-4.78797237087430
-3.70917513378687
-4.03825762040819
-4.53443185836737
-5.18098867253063
-5.86288980527757
-5.57660082474981
-6.01894074227483
-6.41704666804735
-5.97534200124261
-6.07780780111835
-6.47002702100652
-4.82302431890587
-4.94072188701528
-5.04664969831375
-5.44198472848238
-5.59778625563414
-5.33800763007073
-5.20420686706365
-5.68378618035729
-5.71540756232156
-5.64386680608941
-5.77948012548046
-6.20153211293242
-6.38137890163918
-6.64324101147526
-7.17891691032773
-7.36102521929496
-7.62492269736547
-7.36243042762892
-7.42618738486603
-7.78356864637942
-8.10521178174148
-8.49469060356733
-8.14522154321060
-8.53069938888954
-8.27762945000059
-8.64986650500053
-7.78487985450047
-7.90639186905043
-7.91575268214538
-8.12417741393085
-6.91175967253776
-6.72058370528399
-5.64852533475559
-6.28367280128003
-5.85530552115203
-6.26977496903682
-6.44279747213314
-6.89851772491983
-6.80866595242784
-7.32779935718506
-7.69501942146655
-7.02551747931990
-7.52296573138791
-7.87066915824912
-7.18360224242421
-7.26524201818179
-7.23871781636361
-7.61484603472725
-7.15336143125452
-6.63802528812907
-6.77422275931616
-6.99680048338455
-7.29712043504609
-7.56740839154148
-8.01066755238734
-8.40960079714860
-7.16864071743374
-5.45177664569037
-6.10659898112133
-6.59593908300920
-6.83634517470828
-7.25271065723745
-7.32743959151371
-7.49469563236234
-7.74522606912610
-7.77070346221349
-8.09363311599214
-8.18426980439293
-8.06584282395363
-7.35925854155827
-7.52333268740244
-7.97099941866220
-8.07389947679598
-8.36650952911638
-7.92985857620474
-8.13687271858427
-8.42318544672584
-8.58086690205326
-8.72278021184793
-8.25050219066314
-8.42545197159683
-7.98290677443714
-8.38461609699343
-7.94615448729409
-7.25153903856468
-7.72638513470821
-7.25374662123739
-6.22837195911365
-6.50553476320229
-6.35498128688206
-6.41948315819385
-6.97753484237447
-7.27978135813702
-7.55180322232332
-7.59662290009099
-8.03696061008189
-8.43326454907370
-8.78993809416633
-8.51094428474970
-8.25984985627473
-7.83386487064726
-7.95047838358253
-7.95543054522428
-8.05988749070185
-7.85389874163166
-7.46850886746850
-7.92165798072165
-7.92949218264948
-7.63654296438454
-7.87288866794608
-8.08559980115147
-8.37703982103633
-8.33933583893269
-8.50540225503942
-6.95486202953548
-7.05937582658193
-7.45343824392374
-6.90809441953137
-6.71728497757823
-7.04555647982041
-7.14100083183837
-7.22690074865453
-7.50421067378908
-7.95378960641017
-7.25841064576915
-7.13256958119224
-6.51931262307301
-6.66738136076571
-6.90064322468914
-7.41057890222023
-7.66952101199820
-7.80256891079839
-6.82231201971855
-7.04008081774669
-7.13607273597202
-7.62246546237482
-7.86021891613734
-7.47419702452361
-7.22677732207125
-7.70409958986412
-7.73368963087771
-7.86032066778994
-7.87428860101095
-7.88685974090985
-7.89817376681887
-6.40835639013698
-5.66752075112328
-6.20076867601095
-6.58069180840986
-6.82262262756887
-7.24036036481199
-7.21632432833079
-7.19469189549771
-7.07522270594794
-7.26770043535315
-6.94093039181783
-7.04683735263605
-7.14215361737244
-6.62793825563520
-6.96514443007168
-7.16862998706451
-7.15176698835806
-7.53659028952226
-7.68293126057003
-8.11463813451303
-7.80317432106173
-8.02285688895556
-8.02057120006000
-8.21851408005400
-8.59666267204860
-8.93699640484374
-7.34329676435937
-6.00896708792343
-6.30807037913109
-6.77726334121798
-7.09953700709618
-6.98958330638656
-7.09062497574791
-7.18156247817312
-6.96340623035581
-6.96706560732023
-7.17035904658820
-7.55332314192938
-7.79799082773644
-7.61819174496280
-7.95637257046652
-7.26073531341987
-7.53466178207788
-7.78119560387009
-8.10307604348309
-7.29276843913478
-7.56349159522130
-7.60714243569917
-7.44642819212925
-6.50178537291633
-6.95160683562469
-6.05644615206223
-6.35080153685600
-6.71572138317040
-6.04414924485336
-6.53973432036803
-6.28576088833122
-6.85718479949810
-6.67146631954829
-7.00431968759346
-6.50388771883412
-6.05349894695071
-6.34814905225564
-6.91333414703007
-7.42200073232707
-7.37980065909436
-7.34182059318492
-7.70763853386643
-7.83687468047979
-7.75318721243181
-7.87786849118863
-8.29008164206977
-8.46107347786279
-8.11496613007651
-8.00346951706886
-8.40312256536197
-7.86281030882578
-7.77652927794320
-7.89887635014888
-7.60898871513399
-7.84808984362059
-7.96328085925853
-8.16695277333268
-7.75025749599941
-7.97523174639947
-7.57770857175953
-8.01993771458357
-8.41794394312522
-8.67614954881270
-8.70853459393143
-8.33768113453828
-7.90391302108446
-7.21352171897601
-7.59216954707841
-7.93295259237057
-8.03965733313351
-7.93569159982016
-8.24212243983814
-8.31791019585433
-8.68611917626890
-8.61750725864201
-8.65575653277781
-8.69018087950003
-8.92116279155002
-8.92904651239502
-8.93614186115552
-8.44252767503997
-8.49827490753597
-8.64844741678237
-8.48360267510414
-8.83524240759373
-6.65171816683435
-7.18654635015092
-7.26789171513583
-7.14110254362224
-7.32699228926002
-7.29429306033402
-7.26486375430062
-7.43837737887056
-7.19453964098350
-7.47508567688515
-7.42757710919664
-7.78481939827697
-8.20633745844927
-8.58570371260435
-8.02713334134391
-6.92442000720952
-6.53197800648857
-6.77878020583971
-6.70090218525574
-6.63081196673017
-6.36773077005715
-6.83095769305144
-6.34786192374629
-6.41307573137167
-6.97176815823450
-6.77459134241105
-6.19713220816994
-6.67741898735295
-6.80967708861766
-6.72870937975589
-6.85583844178030
-7.27025459760227
-7.64322913784205
-6.97890622405784
-7.38101560165206
-6.74291404148685
-5.96862263733817
-6.17176037360435
-6.15458433624391
-6.33912590261952
-6.20521331235757
-6.08469198112181
-6.37622278300963
-6.43860050470867
-6.79474045423780
-7.21526640881402
-7.39373976793262
-7.55436579113936
-7.99892921202543
-8.39903629082288
-8.35913266174060
-8.52321939556654
-8.67089745600988
-7.80380771040889
-7.12342693936800
-6.81108424543121
-7.12997582088808
-7.31697823879928
-7.58528041491935
-5.92675237342741
-6.23407713608467
-6.71066942247621
-6.13960248022859
-5.42564223220573
-5.78307800898516
-5.70477020808664
-5.23429318727798
-5.71086386855018
-5.93977748169516
-6.34579973352565
-6.01121976017308
-6.51009778415577
-6.25908800574020
-6.83317920516618
-7.14986128464956
-7.43487515618460
-7.99138764056614
-8.39224887650953
-7.75302398885858
-7.77772158997272
-7.49994943097545
-7.64995448787790
-7.08495903909011
-7.27646313518110
-7.64881682166299
-7.18393513949669
-7.36554162554703
-6.42898746299232
-6.48608871669309
-6.53747984502378
-6.68373186052140
-6.41535867446926
-6.97382280702234
-6.97644052632010
-7.17879647368809
-6.66091682631929
-7.09482514368736
-6.78534262931862
-6.90680836638676
-6.81612752974808
-7.03451477677328
-7.33106329909595
-7.39795696918635
-7.45816127226772
-7.91234514504095
-8.12111063053685
-8.40899956748317
-8.26809961073485
-8.24128964966136
-8.21716068469523
-8.19544461622571
-8.07590015460313
-8.06831013914282
-8.26147912522854
-7.73533121270569
-7.96179809143512
-7.96561828229161
-7.86905645406245
-8.18215080865620
-8.36393572779058
-7.32754215501152
-6.69478793951037
-6.92530914555933
-7.33277823100340
-7.69950040790306
-7.92955036711276
-8.03659533040148
-7.83293579736133
-7.84964221762520
-7.06467799586268
-7.35821019627641
-7.52238917664877
-7.47015025898389
-7.72313523308550
-7.25082170977695
-7.62573953879926
-8.06316558491933
-8.35684902642740
-8.62116412378466
-8.35904771140619
-7.92314294026557
-7.43082864623902
-7.48774578161512
-7.53897120345360
-7.48507408310824
-7.83656667479742
-7.75291000731768
-8.17761900658591
-8.35985710592732
-8.62387139533459
-8.16148425580113
-8.24533583022102
-8.12080224719891
-8.30872202247902
-8.47784982023112
-8.83006483820801
-8.74705835438721
-8.97235251894849
-9.07511726705364
-9.06760554034828
-8.56084498631345
-8.50476048768211
-8.85428443891390
-9.06885599502251
-9.26197039552026
-8.43577335596823
-8.49219602037141
-8.44297641833427
-8.59867877650084
-8.83881089885076
-9.05492980896568
-8.94943682806911
-9.15449314526220
-9.13904383073598
-9.02513944766238
-8.72262550289615
-8.85036295260653
-8.66532665734588
-8.79879399161129
-8.51891459245016
-8.76702313320515
-8.99032081988463
-9.09128873789617
-9.08215986410655
-6.47394387769590
-7.02654948992631
-7.22389454093368
-7.50150508684031
-7.85135457815628
-7.36621912034065
-7.32959720830659
-7.59663748747593
-7.63697373872834
-6.07327636485550
-6.06594872836995
-6.65935385553296
-6.99341846997966
-7.49407662298170
-7.04466896068353
-7.14020206461517
-7.52618185815366
-7.47356367233829
-6.92620730510446
-6.73358657459402
-7.06022791713461
-7.25420512542115
-7.62878461287904
-7.26590615159114
-7.13931553643202
-7.52538398278882
-7.67284558450994
-7.90556102605894
-6.71500492345305
-6.94350443110775
-7.54915398799697
-7.69423858919727
-7.82481473027755
-7.64233325724979
-7.87809993152481
-7.59028993837233
-7.83126094453510
-8.04813485008159
-8.44332136507343
-8.49898922856609
-8.34909030570948
-8.21418127513853
-8.49276314762468
-8.84348683286221
-7.55913814957599
-7.90322433461839
-8.11290190115655
-8.30161171104089
-7.67145053993681
-7.60430548594312
-7.04387493734881
-7.33948744361393
-7.60553869925254
-7.54498482932729
-7.49048634639456
-7.24143771175510
-7.21729394057959
-6.59556454652163
-7.03600809186947
-7.43240728268252
-7.48916655441427
-7.24024989897284
-7.61622490907556
-7.65460241816800
-7.58914217635120
-7.83022795871608
-8.14720516284447
-8.43248464656003
-8.38923618190402
-8.55031256371362
-8.79528130734226
-8.91575317660803
-6.32417785894723
-6.59176007305251
-6.93258406574726
-7.43932565917253
-7.59539309325528
-7.83585378392975
-8.15226840553678
-7.83704156498310
-8.05333740848479
-8.14800366763631
-6.13320330087268
-6.21988297078541
-6.29789467370687
-6.26810520633619
-6.34129468570257
-5.40716521713231
-5.56644869541908
-4.90980382587717
-5.41882344328945
-5.87694109896051
-6.18924698906446
-6.47032229015801
-6.72329006114221
-5.65096105502799
-5.78586494952519
-6.00727845457267
