-10.00000000000000
-8.00000000000000
-5.30000000000000
-5.27000000000000
-5.24300000000000
-5.51870000000000
-5.66683000000000
-5.20014700000000
-5.18013230000000
-2.46211907000000
-1.31590716300000
-1.98431644670000
-1.78588480203000
-0.40729632182700
0.03343331035570
1.43008997932013
1.18708098138812
0.36837288324931
1.03153559492437
2.32838203543194
1.09554383188874
-0.21401055130013
0.70739050382988
0.33665145344689
0.20298630810220
-0.91731232270802
1.17441890956279
0.95697701860651
0.76127931674586
0.38515138507127
1.94663624656414
1.15197262190773
3.93677535971696
2.44309782374526
1.49878804137074
1.54890923723366
0.99401831351030
0.09461648215927
1.28515483394334
0.25663935054901
-0.36902458450590
1.16787787394469
0.25109008655022
-0.27401892210480
-1.34661702989432
-0.11195532690489
0.29924020578560
-0.43068381479296
-0.58761543331366
-1.02885388998230
1.67403149901593
1.50662834911434
0.65596551420291
-0.30963103721738
-0.07866793349565
-0.37080114014608
-1.33372102613147
-1.90034892351833
1.28968596883351
3.16071737195016
2.54464563475514
3.49018107127963
2.24116296415166
1.61704666773650
0.75534200096285
0.57980780086656
2.32182702077991
0.98964431870192
-0.10932011316828
-0.29838810185145
-0.36854929166630
-0.43169436249967
-0.48852492624971
-1.23967243362474
-1.71570519026226
-2.04413467123604
-2.03972120411243
-2.13574908370119
-2.52217417533107
-2.86995675779796
-2.88296108201817
-2.69466497381635
-1.82519847643472
-1.74267862879124
-1.16841076591212
-1.55156968932091
-1.79641272038882
-2.01677144834994
-2.31509430351494
-2.68358487316345
-3.41522638584710
-2.77370374726239
-3.09633337253615
-3.28670003528254
-4.05803003175429
-3.75222702857886
-4.17700432572097
-3.85930389314887
-1.97337350383399
-1.97603615345059
-2.57843253810553
-2.12058928429498
-2.70853035586548
-1.63767732027893
-1.47390958825104
0.17348137057407
0.45613323351666
-0.28948008983501
-0.36053208085151
-0.62447887276636
-1.06203098548972
-0.15582788694075
0.25975490175333
0.83377941157799
0.15040147042019
-0.16463867662182
-0.94817480895964
-0.95335732806368
-1.65802159525731
-2.29221943573158
-2.66299749215842
-2.29669774294258
-0.06702796864832
-0.16032517178349
0.05570734539486
0.05013661085537
0.04512294976984
-0.25938934520715
1.66654958931357
0.39989463038221
1.95990516734399
1.16391465060959
0.14752318554863
1.43277086699377
1.38949378029439
2.15054440226495
1.23548996203846
0.41194096583461
2.77074686925115
3.49367218232604
5.04430496409343
4.23987446768409
9.51588702091568
10.26429831882411
12.33786848694170
10.50408163824753
9.55367347442278
7.49830612698050
6.24847551428245
5.12362796285421
5.21126516656879
4.49013864991191
4.74112478492072
6.36701230642865
8.33031107578578
6.99727996820720
5.99755197138648
4.49779677424783
3.34801709682305
2.01321538714075
2.01189384842667
1.51070446358400
7.15963401722560
7.44367061550304
7.69930355395274
8.82937319855747
7.14643587870172
7.23179229083155
9.20861306174839
8.88775175557356
7.69897658001620
7.02907892201458
5.62617102981312
6.36355392683181
9.02719853414863
12.92447868073377
15.03203081266039
14.32882773139435
14.39594495825492
12.35635046242943
14.32071541618648
12.38864387456784
10.74977948711105
9.07480153839995
8.96732138455996
7.47058924610396
6.22353032149356
8.50117728934421
11.75105956040979
15.77595360436881
15.89835824393193
16.20852241953874
15.28767017758486
13.65890315982638
12.59301284384374
11.93371155945937
11.64034040351343
11.17630636316209
10.15867572684588
10.84280815416129
13.55852733874516
14.60267460487065
14.04240714438358
17.73816642994522
16.16434978695070
17.04791480825563
19.34312332743007
17.90881099468707
15.01792989521836
14.51613690569653
15.16452321512687
13.04807089361418
11.24326380425277
9.31893742382749
10.68704368144474
9.81833931330027
9.53650538197024
11.78285484377322
11.00456935939589
11.20411242345631
12.28370118111068
13.35533106299961
19.71979795669965
18.14781816102968
19.03303634492671
17.72973271043405
18.65675943939064
15.79108349545158
14.91197514590642
15.52077763131578
16.36869986818420
14.93182988136578
13.43864689322920
12.69478220390628
11.22530398351565
10.10277358516409
10.79249622664768
13.41324660398291
15.47192194358462
17.22472974922616
16.40225677430355
15.26203109687319
15.53582798718587
15.58224518846728
14.12402066962056
13.01161860265850
15.31045674239265
14.37941106815339
14.14146996133805
12.32732296520424
12.79459066868382
10.81513160181544
10.43361844163389
10.19025659747050
14.27123093772345
13.34410784395111
15.90969705955600
16.21872735360040
14.09685461824036
12.08716915641632
15.67845224077469
13.91060701669722
15.81954631502750
15.43759168352475
20.29383251517228
22.56444926365505
20.20800433728954
17.88720390356059
17.79848351320453
20.21863516188408
19.19677164569567
18.87709448112610
17.88938503301349
16.20044652971215
16.68040187674093
18.81236168906684
16.73112552016016
16.85801296814414
17.47221167132973
18.02499050419675
20.32249145377708
22.59024230839937
22.43121807755944
22.98809626980349
22.48928664282315
24.44035797854083
25.19632218068675
26.07668996261808
29.56902096635627
28.11211886972064
28.30090698274858
28.17081628447372
30.35373465602635
30.91836119042371
33.42652507138134
31.88387256424321
30.89548530781889
30.00593677703700
30.90534309933330
33.31480878939998
37.18332791045998
33.86499511941398
30.37849560747258
29.04064604672532
27.13658144205279
27.22292329784752
28.50063096806277
29.85056787125649
26.76551108413084
28.58895997571776
29.83006397814598
27.84705758033138
25.26235182229825
24.53611664006842
24.78250497606158
25.80425447845542
24.22382903060988
21.40144612754889
21.26130151479400
27.93517136331460
29.14165422698314
28.32748880428483
28.29473992385635
35.06526593147072
42.45873933832365
48.31286540449128
48.98157886404216
49.28342097763795
47.65507887987415
53.18957099188674
52.77061389269807
63.79355250342826
65.11419725308544
67.40277752777689
74.36249977499921
73.22624979749929
75.30362481774937
83.87326233597443
90.58593610237699
88.12734249213929
93.71460824292537
110.14314741863282
128.22883267676954
115.90594940909259
112.01535446818333
111.71381902136501
105.14243711922850
103.82819340730566
106.84537406657510
107.86083665991760
108.67475299392584
105.40727769453325
112.56654992507993
118.00989493257194
105.60890543931475
100.54801489538328
93.89321340584496
97.80389206526047
101.22350285873443
124.40115257286101
126.76103731557491
154.58493358401742
156.62644022561568
151.16379620305412
146.34741658274874
141.01267492447388
138.11140743202648
137.10026668882384
127.89024001994146
127.10121601794731
128.79109441615259
127.11198497453734
129.50078647708361
126.95070782937526
125.05563704643774
120.75007334179396
120.47506600761457
120.72755940685312
115.45480346616780
115.80932311955102
108.62839080759593
99.96555172683635
99.76899655415272
101.49209689873746
97.74288720886372
92.66859848797735
93.90173863917961
94.01156477526165
94.31040829773549
95.07936746796194
103.17143072116576
107.15428764904918
105.13885888414427
106.72497299572984
107.55247569615686
108.09722812654117
110.58750531388705
111.92875478249836
112.53587930424852
115.08229137382367
118.67406223644130
115.20665601279718
112.98599041151746
109.98739137036571
106.28865223332915
101.75978700999623
98.08380830899661
93.97542747809695
88.27788473028725
85.55009625725853
82.09508663153268
79.88557796837941
76.39702017154147
71.95731815438732
68.06158633894859
70.65542770505373
80.08988493454835
97.08089644109351
105.77280679698417
113.69552611728575
108.62597350555717
103.76337615500145
97.78703853950131
90.90833468555118
84.81750121699606
79.83575109529646
76.25217598576683
71.92695838719014
70.13426254847113
70.82083629362401
72.73875266426161
75.16487739783545
78.64838965805191
82.38355069224673
85.34519562302206
87.71067606071986
88.93960845464788
90.54564760918309
90.09108284826478
89.48197456343830
89.83377710709446
90.85039939638501
90.66535945674651
93.99882351107188
94.19894115996470
94.27904704396823
95.15114233957141
94.43602810561427
91.59242529505283
88.03318276554755
88.92986448899281
89.13687804009352
86.32319023608416
81.69087121247574
77.12178409122816
74.00960568210535
69.90864511389481
70.41778060250533
65.57600254225480
68.81840228802932
68.93656205922639
70.84290585330375
72.75861526797337
75.68275374117604
73.21447836705843
71.49303053035258
72.64372747731733
74.57935472958560
74.52141925662706
74.16927733096435
76.05234959786792
77.74711463808113
79.37240317427302
82.43516285684572
85.19164657116116
89.67248191404505
95.50523372264054
96.15471035037649
95.83923931533884
95.25531538380496
94.22978384542446
93.20680546088202
93.38612491479383
88.24751242331445
84.12276118098301
79.01048506288470
75.80943655659624
75.02849290093661
73.82564361084295
74.64307924975866
76.37877132478279
77.54089419230451
80.08680477307405
80.77812429576664
82.70031186618998
83.63028067957099
84.16725261161389
86.65052735045251
87.18547461540726
88.36692715386654
88.73023443847990
89.45721099463191
88.81148989516872
88.83034090565185
88.14730681508667
88.43257613357800
89.38931852022020
88.65038666819818
84.98534800137837
79.88681320124054
76.19813188111648
72.97831869300484
70.08048682370436
65.77243814133392
61.29519432720053
64.86567489448048
67.97910740503244
70.48119666452919
74.03307699807627
76.22976929826865
78.00679236844179
79.70611313159762
82.73550181843785
82.26195163659406
85.43575647293467
85.39218082564120
82.65296274307708
78.68766646876938
77.51889982189245
76.46700983970321
76.32030885573289
75.78827797015960
77.20945017314364
77.68850515582928
80.31965464024636
82.98768917622172
81.68892025859955
85.02002823273961
86.11802540946564
88.30622286851909
88.77560058166718
91.59804052350046
92.63823647115042
92.47441282403537
94.62697154163185
95.46427438746866
93.31784694872181
89.38606225384963
91.64745602846467
90.68271042561821
88.61443938305639
86.35299544475075
82.31769590027567
82.88592631024810
84.79733367922329
85.41760031130096
88.87584028017086
92.38825625215378
92.24943062693841
94.52448756424457
92.47203880782011
95.22483492703810
95.90235143433429
97.51211629090086
94.96090466181079
97.06481419562971
96.05833277606675
93.75249949846007
92.77724954861407
93.79952459375266
101.61957213437741
101.25761492093966
105.83185342884570
103.94866808596115
103.45380127736505
103.90842114962854
101.71757903466569
102.24582113119912
103.92123901807922
107.52911511627130
105.17620360464417
107.05858324417976
107.95272491976178
111.05745242778561
112.35170718500706
118.41653646650636
139.07488281985573
175.16739453787017
