-10.13481521559297
-9.02133369403367
-7.86454464929585
-5.53330512627560
-5.43488341629200
-3.00809159743065
-3.60638534404023
-3.90884195879211
-2.60891360803801
-3.14159827728975
-2.31287502633288
-2.46283263491680
-2.19108402709806
-1.83239535640915
-1.61627776236017
-2.66522089925553
-3.49869880932998
-2.17366715392588
-1.93447991207309
-2.43773887129668
-2.23984975155058
-3.11586477639552
-2.18269653139186
-2.71855767792876
-3.28896797896101
-2.86007118106490
-3.19358621241827
-3.97422759117645
-2.86738506938240
-2.09638809213671
-2.58301409974491
-0.39560992575692
-0.69342986836746
-1.07204720098682
-1.45743246394925
-1.91168921755432
-2.06424378503469
-2.83402001401409
-2.57715870279673
-1.67621937751902
-2.19389226766578
-2.17804201660911
-2.59058043344176
-3.25092260892538
-3.21735565756534
-4.05732192904535
-4.05158973614082
-1.20850976267957
-0.38066017458946
1.66836765535941
1.84571456430009
1.46114310787008
0.71890376586875
2.31754360029245
1.05894264580044
0.17510337764149
-0.30666198104561
0.69694438022796
-0.06245550706458
0.94076787227399
0.74997842829737
-0.32501941453237
-0.48499228608665
-0.95138967619559
-1.69909569619408
-1.42918612657467
-2.11448845110448
-2.70303960599403
-3.50652377146497
-2.26144252674296
0.33628799602286
0.54210437228955
0.38789393506060
1.38178010357569
1.13637549993533
1.28711482956406
0.83329728840810
1.76814848808035
0.79133363927231
-0.00212892139665
0.81492458342797
1.10251238494058
1.01295702286089
1.04211780829863
1.29161616968745
1.03382378403458
3.35902721213451
2.50514532380297
3.64046532280916
2.87641879052824
3.98448512218735
2.61613012860322
3.16034745727154
1.62226229324898
2.44924737570225
1.50432263813202
0.76795593568452
3.67903673596542
4.70004213053986
3.33003791748588
5.87776677772540
5.84384147411866
6.05945732670679
5.14822760891755
11.87206452483458
10.26315854869598
9.54404377873143
10.67046395780450
8.59732459685128
8.49416701736096
10.36537330238113
11.52883597214302
13.30564339201077
13.31844039399027
15.95465296757932
13.65918767082139
13.43861200087246
13.42771154813830
15.83794653107785
18.19161322726418
20.37223861836526
23.03072008290864
25.59333981318467
27.58426276845513
32.88512726984087
37.25288476469061
38.27560397360346
36.19583398129888
36.74299429291452
38.51727216506021
38.07470591335841
39.91912041199846
38.64113629564409
39.78136547726598
41.32130244426571
54.20738277494779
51.45817248883798
48.93302811008928
51.29078523456501
54.89093907535375
52.72430732621120
53.77169482885029
52.57355053547818
56.07519574118799
54.81707313157119
51.93661018927279
49.33297132240165
47.51994903333846
53.28611718817661
53.04705257345030
65.70626532839267
70.77430040002879
71.67887890632460
71.93842546584976
67.30149997902204
67.54139338613537
63.77123536182116
77.44432952879811
79.63008564368326
79.97453305277311
76.97675597832536
83.31713143705106
99.23180771934867
102.56788307109704
112.80084343316317
109.40412869281425
109.48543159214192
138.77195180391226
147.71404136245138
147.72648039955811
143.62532449373947
148.85447044807103
148.18418636467632
148.28096520215985
146.56665751284368
141.32034414436956
133.48148754878116
127.81539528683417
123.41472025794012
125.78565072999118
126.34879455801133
139.53044757160251
142.24634099812033
138.57847307505412
134.99360655553951
139.73609232736098
137.56557226920680
131.49518923910873
127.30128609443204
119.47771931374930
115.58042929898025
115.40216838882483
116.52071458204802
115.85009533478475
115.88125729313612
117.05261168343071
118.57484847386888
123.13664870056009
133.90104749075286
139.93552516888937
168.59484038553637
201.95861413044844
