-95.26156113080592
-106.42986907514197
-123.28210912229152
-148.50326652868915
-164.97681465393654
-213.72751094770803
-249.17054180176785
-255.98616490010312
-240.94157511954225
-288.96487259098927
-260.25931027733805
-240.26952521862458
-266.48101091968198
-250.49790754141432
-226.82441261139851
-258.68556736064625
-268.60680214838931
-281.68915339818420
-298.73276888656363
-328.68128161739406
-341.01299723661231
-343.63576689807508
-355.30321004587046
-326.01543281152220
-347.06723873867685
-341.42014568741189
-336.02749012384692
-324.11735864591776
-299.15285549979149
-288.10194807596167
-294.06922538294583
-288.81759878885737
-289.23714941937038
-322.12574969107436
-313.86963081806960
-328.52043612305215
-303.10157460863843
-304.91929939799212
-313.58366704999412
-309.13370311864509
-307.56811182621340
-287.31584801868655
-291.63001263765364
-267.46339859722320
-266.27959795848898
-294.76060422196622
-296.47312669219389
-304.10225894463406
-278.61590139652810
-258.05351742042569
-231.46941718682226
-212.87474468052272
-196.75160091474405
-181.14780756304836
-174.48646944546417
-160.76967056917499
-151.89081495802225
-151.48124221870643
-146.03093370025385
-137.82458110909354
-130.27952389956016
-133.38150852383617
-130.75005753039272
-130.81926949796022
-133.23116641039215
-123.63068060857090
-126.89672882489832
-126.06822451304697
-120.49187666887747
-115.05379522365436
-103.91020692181316
-109.69091140111863
-108.21286170469172
-104.96753395787111
-94.22104910340599
-91.17169089806163
-89.43851363697833
-93.23128597759400
-89.82318880690619
-89.54702529031539
-84.28899385013518
-83.13544748233012
-82.20471191117964
-76.52422886945068
-70.48932857777235
-88.79607269472305
-101.63167920082810
-88.12589936880980
-87.48871665682424
-87.94142336251136
-113.90812225348009
-118.06468343909108
-109.13049941671005
-100.16959100919891
-90.84319370776878
-90.00680038126903
-104.28688616042265
-101.45354768025572
-97.81948720504874
-91.43620754824396
-86.88979234977120
-84.92681240699709
-75.64496682820115
-62.61450744038615
-63.23766932902636
-56.76445596698331
-54.82741496633788
-48.83116442632029
-44.33457835149425
-43.39218239084811
-34.96325103558291
-28.63905327825280
-35.42286004640793
-32.51420234237217
-25.08529723055456
-22.97053657066272
-19.04475139328772
-19.88561684384262
-34.49901515552676
-39.66140863901276
-41.47037468329360
-47.37872296745483
-43.58316756421807
-38.55290956497101
-45.50770365274420
-44.63325376846858
-45.92383453951386
-50.14911718626514
-58.53355235856503
-82.71947390875326
-73.41795791788768
-92.44601271592501
-87.11838937866216
-82.62663505305071
-82.71321843753483
-98.26587396498751
-94.19544360491236
-109.01416859345984
-100.66526954767163
-91.20219344905800
-96.31320512210581
-87.35220886497606
-80.60709789819532
-83.93045736713884
-95.29421235905242
-105.40173579224393
-108.64358366402166
-126.45243894589895
-119.98178232800655
-124.15168474680667
-109.40931466770357
-103.81553096337595
-100.20754339842641
-103.96504931819914
-99.64010121079944
-91.63715205664842
-62.11344232114458
-73.23736402310543
-79.81404498293568
-73.11574845963466
-64.11224736158812
-40.02638655894464
-50.84167617142973
-66.16962090167010
-76.02480875270186
-61.07257734872414
-55.19285180940420
-64.71286504297053
-76.43246837773611
-86.16177155551776
-96.26075489711583
-83.74320741942354
-73.74712018677843
-65.13234857666654
-68.44237052011054
-85.16174464872940
-99.41940391297727
-90.40567833879514
-89.89611198327147
-90.43321123518785
-94.16345729840884
-86.77936311504673
-86.95857662448493
-81.17372782089463
-81.17115621655456
-73.64504119466649
-78.96893872545604
-83.19993366648734
-74.90663354014956
-75.15797064892610
-71.47003030429607
-69.41626117940181
-63.30710881726206
-67.93965362023249
-60.92029846843312
-50.72758276321569
-44.70452133559052
-47.76996063159264
-41.47395477011862
-28.58872891239505
-22.58981634121112
-18.43112797216445
-17.22059796839179
-12.82914246614036
-21.21151270331620
-19.79865509731625
-18.37762977663943
-14.15380845476871
-16.42492424697047
-15.12766356375150
-18.23688839729601
-41.73889571498759
-34.08875531932186
-42.24384870192434
-62.71250634485229
-67.51158478214684
-67.15238082617212
-69.60501691416142
-64.03342962496893
-81.76511181198356
-105.12807419803906
-107.86244063605901
-92.94248613660592
-87.56116342113216
-89.98968777735853
-91.42466911006825
-88.28866169860542
-88.88856090236553
-79.03513658903115
-70.89688798378515
-61.52438265797247
-56.91934730926936
-55.88051678033253
-51.55392634070594
-46.77653500647901
-42.12847935225238
-37.56589108661824
-36.63426424980084
-27.41871071755582
-20.82556349073818
-22.00817615591922
-26.50146151094098
-35.18876932305763
-41.31050537326705
-34.43059259889593
-29.45167724699645
-34.49988764448541
-29.44108944648754
-40.00595989785290
-37.35230879075993
-32.23545968683651
-29.65161972565722
-27.30939456941131
-28.64371376067143
-28.76717547913944
-25.82933509289796
-24.28432143984186
-21.42379943537045
-23.36868429071657
-25.10345584888366
-20.07528441349186
-20.40911113129961
-16.70575815732209
-14.95760661724558
-23.69743395765255
-23.58045043197936
-22.45631120629464
-21.07690901267594
-23.37340346963237
-25.81382334554884
-39.32091321113506
-36.18496276779942
-40.20853346862388
-36.23061277845687
-33.40175890896586
-32.51034584579543
-30.63296820204837
-24.92041296033256
-32.39908252913948
-28.98466861774011
-29.95632505037950
-19.77935920415302
-15.92871014108228
-11.16199542222157
-3.32467798090773
-17.09239438324693
-18.14335219163497
-11.44038978023430
-11.01032241166252
-6.12847691341178
5.71759091308391
14.07592110364469
11.82730198812724
7.66919612932585
-7.14232599877169
-13.92118441915894
-10.93877780945432
-16.51313656814064
-12.69360095887337
-16.08527925063938
-18.32311334498406
-16.24053190091279
-15.39602919020590
-17.59638833857053
-8.65299526623946
-7.69410107272827
-6.36007685380082
-9.32184077989913
-7.92996085406192
-6.31113760122739
-7.09451393411757
-6.02051291432958
-3.47813391303018
-9.40068736851362
-9.74412888754960
-9.32342892747978
-10.01258187821854
-9.97228056074158
-7.99147097936846
-8.79262526374809
-9.45457650317831
-14.18135444620806
-11.46645057912471
-16.61506287108853
-13.19879197503093
7.14062224121899
5.32318972486453
-1.79562648245036
20.04400492525820
22.88188946676792
16.24722381603669
14.74317094919330
17.36626550097687
19.24066843138051
44.41893132236442
44.36451529401408
37.18238899702575
32.15658952895616
25.24522587290182
18.57548234375096
11.24915464377882
11.89798779720833
12.06830846256670
15.00916041379133
12.00166926131129
11.48967611105196
8.92280022763916
32.51975100489081
27.96504382184064
28.00127110058709
28.17788656057928
14.94015280072207
15.07728228308789
18.57049788320620
17.17660642289052
9.86280402349113
32.48112998196666
29.33128941000193
24.93580381974503
46.78753659181442
40.90874275123800
36.84847629715098
41.78103896650811
34.80480098096729
34.77969048414437
33.97761702339183
36.73834383968544
37.27634152452733
36.55563171127771
29.72972272325665
28.44816813360618
26.81534440493244
42.04687386922216
38.44364982202308
28.81772054401643
38.38135803441082
35.01436181992440
26.23066704335744
13.64436583239484
10.44094265410856
25.73161626224794
27.62023888861231
21.68364783580270
38.37376218627541
29.22483087902173
18.69974929886991
5.00773825895371
20.19470068515358
9.98081847149992
31.53299147586745
44.31416160708429
41.88635333136916
26.51894378864619
43.13179800638184
24.80336521740492
15.93296798163835
9.19220314740262
-1.18591994427392
18.12470379961479
2.82180057403020
1.31868625218142
24.85807987985237
20.14396275614921
-3.43470967910272
-2.69978537351422
-11.47672436850981
17.68732291063849
5.98327664215893
29.93547638862241
14.77198963469436
39.49552963518333
33.41784491051808
32.14550691823487
32.20346072265558
33.02940286283163
51.93282652641535
44.36042872149796
39.39733355382771
35.55022491927242
35.49830103928878
33.50693099120018
33.40621058452135
31.68315723538668
24.63273581096945
46.81906099795930
45.36753059239041
46.43186059770802
41.59405056209618
36.08598306841316
32.01236146232687
32.58968704437770
56.34430070028894
52.40715092450008
51.92983327361527
45.89565874000744
60.42546844383700
36.53064549333740
29.40813070340665
52.51435740610638
50.49411965645190
42.67931583099024
34.65461347758504
28.36067349740277
9.13203804848225
6.58779426981868
-2.31254535410829
-13.66631748405383
-13.49819983446878
-15.62124791619475
3.36911925834291
25.59879627157079
25.62226502241304
28.16160103374337
28.64618807076276
30.73216421063104
27.08758983039904
27.45224771061821
29.04903778107879
29.99409742163100
30.97154286633501
33.74853718384571
27.78783871616089
42.90950058831055
36.33941039939113
36.41555671617770
51.84947905432684
70.46331314984235
64.38912253891669
57.22414268152055
49.44012579131636
40.50046510062825
58.52411135861497
53.00778259012655
64.09293969735839
45.73083880114277
38.71237714082365
37.83242264724159
60.09929377034699
49.09515222833649
38.75185057132042
33.00711236734743
30.92792511532964
13.49993085800728
12.77851420002762
14.97490948047923
14.51601692249622
14.33103870690242
9.33035548927100
-3.97194262688379
-9.40921446633793
14.08667457361365
10.59701679399998
11.70207349463207
8.19934064905443
6.41846575340544
8.03865919124899
9.38527874739883
10.41218963185600
7.51402418312237
-7.94573507171942
-7.53679890151587
-7.01580418987261
-2.28549088022615
-2.41246177014891
18.48484743888097
18.46886903217523
16.99200536705121
11.67719248983441
11.48069603577463
-5.61596533544073
-5.83440570634749
-7.07042512968852
17.79180932751853
36.94139259342631
19.91110551572186
21.81223389107221
18.98127596209110
15.49855656402495
10.17265648694138
30.36997456809729
30.19450898256778
50.74658974844870
64.79322823759841
81.34536007601208
89.34131339998406
82.81785439452240
77.52932461655409
72.07084024379159
85.84541832258006
75.84370498487459
66.70773810089696
62.00200135092346
51.69912960002830
44.08160798131100
47.14262675060858
44.62374956064855
40.07147810333865
62.46561825935308
59.92859057723700
70.19735194522826
60.30302222535087
52.24042372714788
70.72930369911649
66.36479854706926
60.31927351500018
78.86998375464395
60.32599683780675
51.55989159746818
29.24681125042349
39.09202228556233
29.52458136814382
21.31385451024108
15.75902059465674
9.88118145090259
34.14894965460072
53.39311533965399
64.64355350613666
72.97466108394387
85.00826756543245
66.21947708944499
76.19852152850574
83.40149222241880
89.31991907046501
74.38199853388217
55.53513056855344
67.50479774601044
77.54120833688995
89.27079672694637
104.22089751572288
87.71250241736746
101.84482422947517
81.91503074548370
65.77885882675400
40.98273397206017
58.22124198172699
67.06161657264622
58.55785027936835
71.85378613704646
56.43955400845910
69.38574362579430
82.93599449847640
67.68841980051197
56.96273976534283
47.71350378875364
61.33090509490800
51.19645461492937
43.70195929944607
39.35871751393192
34.42076647558612
52.88214649963120
43.01515495258645
23.33034059101496
43.78264373086135
63.31765186360008
53.08092977173236
65.96229900273457
76.07726032131797
65.99302100213487
74.88008214448503
88.74992189324345
105.29822995439227
86.92185329882237
69.40466106229320
79.03185108904103
74.30074795248653
50.52220882152790
26.26308533989181
23.51178379129825
-8.50973160400855
15.39612264518124
3.39551048526629
28.50064993930151
37.43649194662991
30.65889291853932
24.48733428461267
45.80644255268854
31.19910707476919
45.53626786567938
62.67974514718603
57.17653177767875
44.17873930206319
43.59758154665067
60.40223281883041
52.59159066046787
70.08804704050115
50.62425649418616
36.09803847979651
25.07153918161583
40.75569533880027
37.50476476635330
18.02440287582293
41.75101656348946
53.48613175421325
31.06183559437821
31.88995519713909
54.96547430029810
43.43436270762128
22.29777110904384
21.72867447528739
36.51060129593247
24.70695329252634
27.31738659441531
22.43986614955567
15.97216211120636
3.74200975575812
0.31924841255304
-18.79915385068643
-32.38678553993653
-34.12875670101177
-33.47105729191143
-35.42864231255719
-31.65153204078662
-44.19690833655760
-43.90313649731077
-54.72267859264355
-62.60633658235546
-80.20401830172173
-83.12935580192658
-80.03572814990054
-81.81809432978696
-83.38579013923062
-85.94128365281071
-77.32688446146628
-78.00970086927269
-80.44341762434647
-74.31250309775953
-70.91375138144956
-63.78843623723722
-59.59997584676336
-58.19446676721516
-60.72577818703640
-56.70703846371060
-34.06706322654452
-29.16091575683408
-37.14632236745743
-41.87092180873678
-41.73725564703082
-47.09051818237484
-46.57371793042773
-42.09740444279490
-40.10428368510906
-36.21522945590276
-30.83754567724816
-37.10708267047681
-9.41483037643461
-14.14062443502929
-18.79771649431258
1.99360123895174
17.77777760116000
35.67735948925561
30.99845664693215
23.65984812373122
48.39984690146879
45.69362180797255
37.78613973188914
22.04296246544629
40.16714189785282
29.54106658436931
50.72254776445977
38.06981950586103
52.43873319029083
29.54783346739054
18.42552690553300
1.53836474801573
-3.65864334406554
-17.04069741528166
-26.55318847960961
-28.71796300631160
-40.63619019080677
-52.49889887322545
-60.25278239382905
-67.92671728109093
-76.15465189928653
-78.60699003452032
-52.20994560990759
-56.33462110594586
-34.03336199521942
-32.09356532180735
-37.94445310099940
-29.38130978575724
-2.48054064756423
-8.83022856049925
20.58780764161667
33.36131233411187
23.51541586974003
17.01562973478128
7.04000351856209
-4.80898843207182
-10.71853841376473
7.14105551460761
-15.68438485287921
-20.25124033477378
-18.05294802137541
13.79400834128592
38.38141863383684
24.96837330021378
21.60166329162396
39.65604870890637
61.41159821934845
57.28314886443986
74.04713732972388
87.54192431890928
77.64167371396992
72.77557217814032
69.24423218342997
86.12921037036365
75.67401194223989
54.55399123037137
52.93433058758060
43.35854291613911
36.02378144489197
34.35495322257484
24.05715650991643
16.20976760148280
15.57533824159063
9.85225806341756
1.67460436925404
1.74085287418593
2.95452737883813
5.21161267250631
1.16905283572978
3.13659451972466
-3.51209024292637
-4.86178058591819
15.99497335296493
39.69323152119232
34.68408517467937
12.38907740300539
11.17382640921153
5.64190589063942
2.32193292681127
-4.53145656356993
-1.89925318005394
-2.20152873888068
-5.67433155670249
12.20620688211530
31.12679128891170
27.86801998292548
57.04655209257336
54.70409114804441
35.12176768282674
35.11789442371641
28.76214454443239
48.55069428289488
68.26964701618836
77.92812963427296
67.77476310913111
87.23737750920597
100.10070710241146
115.00026480031141
106.45433549590510
117.55576928215487
100.72111482123495
111.61393370480151
123.60971104322614
137.40232468458908
121.24193452533335
108.04769159856998
100.96284999046092
94.76825608030786
107.62619454236737
89.88106452424525
79.78422045301167
95.80941486356228
109.00150142532132
117.92751559191046
101.77813405446719
91.49451183728070
103.86025001137276
84.60684766413435
99.13504888917213
68.88343244925500
55.66961125114329
42.02779477387664
30.20471861811207
53.33907387760401
37.81683023172388
19.97236696585267
39.36705600372495
53.29853410153845
60.86683370983668
48.27098911347980
34.53876264763809
52.91296105412856
66.98795759251459
46.62883636299473
22.96045680648029
35.69434047873339
48.67670649001461
46.89236255283087
30.93866819171868
16.98881475067129
42.62160954288750
37.48020609350812
60.55370899751601
53.45161336160269
70.82142902621881
88.65150671421165
78.37505528956022
94.45660563091245
105.43656790281679
114.48253654681214
104.79285493562961
86.48556860167891
101.91825567956816
93.55711964759109
80.45500705380690
93.88952153476203
88.68263116699580
78.17916668918616
98.59194900411848
87.95747534675272
68.94443768219524
68.31338212163662
56.94890137274608
77.08828980537575
70.25070753853241
55.64343857024600
65.27057460059342
78.77518430081054
95.86247808239071
106.16013016667870
123.91252165451471
112.02815102496365
123.15536240737262
131.86384732459643
138.12634049327761
142.22755431457225
149.79258741690882
156.59861401661561
139.83826854206893
147.00836209286871
150.93114376972545
132.03087401980176
123.04526919653736
130.77763208316182
106.06269804069366
111.00713303009712
122.93682511369101
129.61872534922358
117.90350003939025
115.35196187264975
119.85937454521662
125.77294923542765
137.88690330205208
139.62841474414631
122.24212917574818
131.81507639080343
133.59388365913526
141.63666649476869
115.87017912320532
92.22268635550540
103.02583335375277
86.21046640650040
96.31844557795617
112.98955261243509
116.42811470167945
129.10634990226754
141.00672395121182
150.85996273014234
152.48082159567304
169.46401887541487
144.92268111185430
150.10363213851377
134.56948368000462
139.78769665401535
130.62607239706801
117.62504529711008
121.14153983770063
133.51545846500673
109.81769659427134
86.93598617640156
94.98542749309567
105.51819217897440
90.07866935251769
104.82444512453242
79.18947632883395
66.00838068429007
47.71898785121169
29.59382228851436
45.12563760310553
42.05504546088104
59.94599393688600
49.99563269391457
70.56050457529506
77.00221126398586
92.57455535006285
103.06917035570133
95.16172695278370
102.04261546697374
107.68457837504130
118.33683068357098
130.93906024228500
111.10412503632375
92.75074560122349
102.52811017989202
114.61956883719049
86.77856765416450
69.41092611462906
60.26524224056635
73.39434396422982
86.65074843461430
79.52080898159798
58.65887405941450
79.54465605613490
59.65700954555417
39.20653034052963
59.19935180566046
52.07349332013433
35.58296345336117
54.84322231317810
75.33878660554744
91.75372242133020
105.49242451965152
117.62110048464572
129.92266085460267
140.57611896992665
129.69563504767521
133.74257303401686
113.48851484109929
101.71165085276401
84.92224376495513
72.28147356328638
86.51123284069976
102.19386121635796
119.11731074044110
130.55619192546501
137.26376470904154
125.46539732033412
118.37799070252855
105.32718275029480
96.59923761503127
114.62201841156079
105.69200468277457
90.49240040360553
100.67803849594920
84.17430987726119
100.34575467509408
113.03665425698355
124.52131720217221
129.69348800870364
142.76035682832969
115.38551926924234
108.75825848733631
123.44715909681005
133.43909230865606
135.60086922398798
139.45677267508287
142.27912595175695
152.61771600910214
137.72510757253312
142.24135352689083
118.88322764872181
92.75626992350261
99.83861147656602
80.79299376049825
92.89293189499776
110.41642272829542
87.46572284076694
105.05869060615390
115.25521925104727
117.62909534743440
107.62428138592973
92.99084678424238
96.73273066438031
87.29888710610575
103.35477003956569
92.21409744790394
107.47233795465024
122.69611089663488
106.45010409047123
121.65254152732143
125.95250790315173
100.56397105802753
110.55235658316064
110.10068594975667
84.46709082073693
97.18724983975012
105.66598526219130
119.75794698258348
106.66420482629469
120.00233759468648
122.41750459477758
128.24986726482206
134.26760754266593
147.25651649805815
158.43532834450690
141.19758734730181
152.16772661229865
135.66356844616047
149.03756571455185
156.71714756835351
163.01862447101729
164.32851351057010
170.57966648815389
176.15202909154112
160.63885010959115
165.98999846933140
147.81623349365879
154.14722523206680
160.12975505802629
171.98325630505079
152.86152585181270
131.79293795457315
145.01556419824107
127.24665873807814
144.72639963054291
146.94652445499756
141.83704530547996
129.05314934365828
136.81659567424214
121.27645159171098
116.01014344677682
124.07731103960080
136.40770503250263
113.73258458949951
125.78749313304240
135.98749567718534
154.05892545628694
128.65693478934236
142.35157489906592
138.67448377334122
128.58701627956810
136.25427562716888
151.13524921609570
154.52595569123730
168.46458515545316
175.62860843655056
169.54895886605482
172.18882603415778
170.82229955623535
152.36711851120197
155.30683228062881
158.73525313025090
143.27562952460696
118.76538134496781
127.64517131771606
112.16888018136248
102.51501459774124
117.15900239910120
106.28441574605202
113.98484577394775
118.36728498191221
111.88573586364487
109.33792337246895
112.01309584514853
127.08003200315274
112.73827917162689
123.96199964435918
142.89477643958901
147.53097145304054
145.54541709536437
157.40888226583348
160.96548748815331
142.08460723382518
125.05204381130864
110.05912168091677
121.30259488963965
98.57115731774346
104.37426204682444
90.40846161965432
91.99969370996790
106.16174980997170
87.05945490191534
96.74432479333376
102.02351293569716
86.50657751993589
84.09968897756460
91.07455826180656
76.10414263465597
92.90524697932048
80.22531794932239
85.18246329126789
91.45914516648904
93.41709043111099
106.75152118300586
95.88535826853168
108.37390805392616
111.30350561903458
106.97659281197976
96.37043347056378
116.61097511484530
129.94661945817876
139.25282024975178
138.51404241722864
143.94091001867267
128.48058141698553
135.64981342457457
123.52559495366995
135.97230827431474
133.68725112495139
124.72270432389449
138.09517099035941
144.57064993067129
141.66070817919507
150.09615653140855
160.83238087929050
160.89149913808504
144.74060968128174
129.53829166582312
117.78798520437532
126.90209534757966
138.45610818365483
148.11532654087046
134.27390539457068
141.20660693065437
128.67794582924364
119.28138486338385
127.26593014623548
140.10288171936872
129.00042834260168
115.72690870172833
130.90751269610979
123.36600182765338
140.88742788358394
128.88006717278193
114.93535772656527
127.04177909858763
117.89771473290118
125.97762012121453
133.58188651849827
122.20551213729156
135.45612475508642
139.04591351145459
143.96298660747121
126.37612284043209
129.31619959095613
134.82286693883864
120.23566650297522
106.96817842788775
95.51334870344382
103.35716527489936
87.47257815265419
79.43903713060169
86.37185413409586
83.02237118263812
90.30768095020953
76.03186543165823
87.10945346228741
73.40080452146316
64.94856486119883
59.31012305504192
39.07783225651087
47.03843136589281
12.77505782875674
26.86245483078894
3.86244017313383
-3.41622096997652
-19.75104659307582
-5.77949902530710
-1.05876089972687
4.43939641678974
22.62394773941407
32.08874954986777
41.63174834233187
47.74087731352651
45.62975712305927
17.93095310656147
37.25815425796891
49.49047538398376
63.55977364134979
44.44841995192868
49.93491204212776
50.32455924283556
17.68685353268594
33.12994616308765
45.70486377214721
59.89451209623864
52.24704171802082
11.91876172245526
25.50084244253091
20.88131592404640
16.93368724151429
12.09999227419951
17.99826526745036
19.95178065735843
13.16761514160941
8.41451213939933
30.64765517563736
29.44162570092169
47.51344557204469
66.59174645081045
84.15503297484108
89.18345150920342
102.60895077871780
112.34331674427730
123.95459900492973
124.25139562303474
131.93520458642158
118.40112093663568
112.32662020352323
96.94932234426911
88.76871782787673
84.81830365021526
75.94744136692920
70.40571374465782
82.10776780480411
94.50522797496959
102.78614720080500
96.73383265927927
91.62877610733456
82.18345301112225
76.17025150555342
71.08783729116622
67.01538881496045
66.09680939061472
60.39459099937256
59.04977302528968
76.63461793722986
69.93777230165550
63.18729139713249
59.73951553918508
56.07855850512436
48.98235842143567
47.59083355196208
44.79431701500272
38.64444084645167
39.02047560113179
39.41785224658034
37.49922638370052
30.51034110031405
31.96401047182460
28.95470338149055
31.79001188856160
28.65271304265709
27.26624014884442
52.98098871220158
52.81844040661161
50.33112100170061
48.64984896784941
46.91876904806850
46.40134982520787
44.32248820950117
44.34083969731302
40.08228267869195
40.45161768513569
61.97131938711529
51.62364873991404
45.68837096805220
41.54632579482630
37.06844975172763
31.40527932706863
26.40736718415495
28.18819593429522
32.71971059771167
29.48181280818212
26.16104936387930
29.93503804012678
28.93436134905025
45.92048133283620
44.42975607666332
44.38134390604397
36.76549802774499
48.99653278588438
48.12238023493066
39.34075320514560
41.72897593842511
55.45103380059092
53.49799190526461
49.44084655042455
60.59791534997658
52.32526809598437
44.38898358356307
60.16567490497290
77.89025448942741
65.98042141365761
61.32028985941641
56.30077058409386
59.86730681377642
51.44516849549378
48.80489976009351
48.44309150153776
44.47360043879241
37.02898214578261
29.78068721709262
27.98313891977392
29.12982076943389
28.01695818137137
45.65873206848296
39.78547423223155
33.54875958604179
26.25725634241386
22.78555852894502
48.72814153418429
36.00454631460902
31.63238090010891
51.97998204618362
40.33596325096134
31.28808696727138
21.39192971909753
16.71260502956438
12.45976127645855
5.83933517865311
35.76472360805552
26.56171796010935
15.60354695538760
13.78407890611977
11.09599287069885
1.75090041271870
21.75895353055230
14.65853047964334
-6.24332114347700
-10.53114778360705
-8.82620569858242
-17.79503494304340
-18.10941980122203
-21.81859447613546
-23.40640755318261
-26.11943036725939
-24.26092260489482
-19.47582210335237
-0.04559231889743
-5.43616495547028
-7.94693592205222
-29.12812148164246
-19.15107049397023
-22.76851851148464
-20.84399702929877
-23.78275184270204
-15.77068248173065
-16.18838943251811
4.55754233425525
-26.23285001867374
-48.16200591054876
-35.46004200230681
-54.30960968371835
-39.46596503728636
-48.70165167585343
-68.21291075031874
-87.42738901731843
-53.26528086418422
-64.40022765197818
-38.90497330433343
-16.47585791635939
-22.40433748360613
-2.89251010151071
-1.90814954560039
20.75500770224847
17.57676644365765
31.51044959515405
44.36753290302584
61.31072140702439
55.77261128784197
51.17040692476598
44.68892536457975
39.84748972796648
59.19339865278020
75.72607791293305
90.53234354735213
102.62524699999504
114.19855939881883
114.33248689739334
114.04735444887973
122.51133014912935
134.45181205104262
145.58496076118990
130.69162134330662
132.51309973978917
119.32256298813257
132.34402234859212
124.88274929355207
128.68843049637042
115.18312437344916
106.26876928669603
94.88997330347166
84.94483683473975
94.41331165376377
93.45046370584751
86.80294738044721
77.01644417965414
67.40714908412909
62.83940685924891
57.44866656436019
53.09343709303683
55.41744955153402
51.92980577272530
69.49148071534809
69.15385131424925
66.13256831292422
83.34328219230191
74.16667045854366
96.04009343441214
91.26974669008906
105.27143480948990
116.86454335269738
122.15889272760003
125.22342826983729
135.00430572173124
143.83523293720555
154.67574599667904
143.72288829742283
152.60913860570054
141.91804425421003
150.51403927521412
156.04016648003127
144.92625078484349
153.59625434839160
165.53509114058551
175.79136675623710
177.22132346377759
175.59968710290428
179.70024779563795
196.00726896990082
182.84248543457471
196.85849388240555
192.52181536814936
178.52066316079993
185.94891154510367
174.02217835886060
160.05800781157873
172.37958703800922
174.15774821427760
171.20034679746038
182.53499245599116
198.88692742239613
206.53558001170353
215.24363881997732
201.16248345416003
179.36187605840908
193.60905605817433
187.38729148143821
169.71867985006523
162.40759760772139
176.41316761916323
163.51364935944238
169.41634333505755
171.67355786675387
186.28540686183510
199.28876854881162
177.75878073222714
185.94711791693356
183.12430028600130
159.86672263493639
139.35774956485238
154.83852735492010
162.63725227579832
145.78024788684510
164.53078062605459
168.82321991070268
183.75117681775882
196.58247536443645
205.15490491408451
192.76546702587260
199.59994664173567
187.85685103204020
168.89807360884512
154.87726770464397
162.16568421267274
171.08330299281897
175.39192131771935
177.16408897662660
185.71829488684176
192.86890475878715
174.68535098299768
178.21336633095689
183.11926605809424
166.61435949091586
178.85730708528388
161.85933992588176
164.97072394683897
161.52846344284248
148.30843257051831
160.26986916954917
168.64397557501070
152.90733213216544
160.19639538796130
158.00326410072543
146.42787557305377
127.71590303934488
143.18299581390590
131.77017762245686
137.57736442431499
145.03582897997990
127.15647628979906
135.81763807445986
140.64640408858708
137.53306999645639
143.13577560679352
122.71280087268458
113.47787230670342
99.82307595996336
105.97223612077002
104.51413368242501
87.10235030582730
77.28366540858096
92.13481608417632
101.31827729115629
111.02413432044213
96.33118317259542
99.98891880828766
108.17300293391622
116.96555446921737
119.88489018472973
127.03851203901257
135.34527171181011
138.18491214669632
133.75793022758577
141.03123902137077
119.33382568967279
125.57450301258758
134.32301280863578
132.51716878701072
117.64158057934657
107.43794057925757
107.28174403107992
97.07564143121907
85.07020654487111
80.86697843667226
92.39130524252177
104.93980448403786
88.27021633943491
88.84666506710118
103.15287911565152
113.02175001739164
104.62747541915343
94.10232392616652
83.03997305674585
83.03862847520729
71.33741146119000
84.27677796470074
93.98824243301837
103.68299157013163
102.60118577024089
107.20050260073117
99.30224262102121
108.25503123998563
110.38916545204248
128.80334936101715
113.77315280706136
101.90618527615860
122.13287954897731
131.56673506301769
111.29328627931045
121.00447205822697
113.37121468567682
122.46697363117872
137.70245991888382
126.24234881922266
116.01411631790077
101.06277594939556
121.78529875869182
115.38012455675913
129.23819714019470
138.25344227389482
141.90157893900709
155.52789204792410
159.20257514099427
165.37683353682576
169.09846969069105
177.68767290993617
167.89230674309593
170.81332145427530
176.84685463794915
165.55859279862688
162.20325414499260
168.23730699951054
172.83401807794525
179.42989743795229
185.49597266107571
170.47579919897117
161.13684443820023
159.88520718912625
159.09436781598993
163.76322285302356
153.83554978026007
137.69389861776600
124.35839117516507
129.16837649498908
116.51587243818797
118.86296472153774
131.77855876350347
144.71114405193097
156.06196918059305
169.01303726854445
155.36763421844998
161.38564008916197
169.78766811836090
158.00663781259829
168.54324917226430
176.25414226765284
182.12246979825130
189.64041169376847
193.90841298558513
195.49832472418242
179.23409978920330
179.28350363090863
165.04865070001773
169.69017118446152
161.86160358056659
144.60770252947921
131.84704692579726
112.79132595009590
124.93425820277777
132.88846032163372
119.69125761972926
112.90837632953287
107.22239017737374
108.37103831559472
102.80226301530666
113.56883759800041
109.07698066349283
111.92914708427654
106.07422048033968
114.38536508741721
126.31442557262579
135.66891691736220
146.89876980990536
153.74918807153415
139.85027482096518
148.42031404655876
158.49980899798118
139.88440578547321
127.49790106250806
116.39598546572321
109.60462896130396
103.99648105958983
111.53522492583008
101.66972833148927
97.23514280781953
85.82125314353388
99.47547723344060
91.18215692550129
101.54809989098543
100.74179056324768
96.90341967828532
117.60639721655471
118.72746360216060
128.42326906846696
135.16998141272046
142.32261043408027
127.42593818232412
132.03250097126917
114.76536729898366
122.09467015683880
113.39640105976324
122.49228244541204
107.94105538998809
114.14523500920183
120.91365198196931
135.09747989043220
141.07503265033569
149.29657311954657
157.25210141249204
142.97668253620412
121.90370554345499
107.69127684314363
94.37018972832772
86.77026049067302
76.18562940541052
94.28153505587559
82.39432412915161
66.72379786625675
58.69544906085240
74.91808667721467
86.56610072270269
95.58235598398413
105.59627765548971
115.38173412292092
130.23291812548885
142.38647242149361
150.21100654110998
156.88763817294009
164.52796073596141
169.92506658997874
181.74534870979014
160.41004335107391
156.95994691204234
162.70254216171071
168.37466334918295
174.47454987240906
154.52023796589651
163.32124785205409
144.35839667917173
151.31306905358383
135.82285848428728
146.01821706157921
127.59763444260160
114.08833826370025
124.16796381833866
114.93173986338248
101.85609136069370
116.21646997382473
96.92491657485910
109.57820275836971
100.13367899944060
113.11185349746042
124.79677538978763
136.19478721755908
134.93169559179560
142.02906503188899
145.50320314557374
145.25397585371684
149.37150931659517
127.01507215665224
131.48508831000126
140.28492146824942
130.60082641306664
137.29017054745032
148.79521406502906
130.26601083917492
138.04510323639528
150.25792513344265
158.27289832347969
158.69105091356781
157.56637498564396
136.81247657190215
120.21503607630092
119.25830236111290
102.46826578187752
86.75566151577596
77.20369423183696
87.57569129734841
100.61252372211045
112.67950550688597
117.86551825529682
100.83553782963000
83.85899147992450
85.69952076228853
92.21392836046854
95.14978441012252
103.93708930145081
110.44625591299766
115.29130583297919
116.22839210003650
123.59543517810441
119.85816980627889
126.86537210592608
134.73473753262533
117.60245644631260
122.39926000328032
130.52022504334445
132.50109548351620
133.22622779858662
137.87144019669466
141.23194551949388
142.89749842985282
129.62080024698409
136.03365514308970
137.03723134043881
144.70190393253935
128.99730712314698
139.98681209350525
150.14892573116566
155.81005786850358
162.23603443958038
156.29645494973204
156.06169050776791
161.53430902922850
144.21949468081715
151.61203943866906
153.60851470717830
156.75224045004890
166.58094327139202
152.77958682478518
132.23949837465818
136.96618464068416
140.15474612390966
124.48854507277645
130.31203334108829
116.99478692633083
124.66214609727157
131.99378385857261
133.21608601357062
133.30396499224213
139.14720275418554
126.97510973945944
140.72126734706507
137.95757388730601
127.60287121211314
137.47466855480718
140.27346490177101
147.80980512049643
150.93466279213604
156.26232566842552
156.65917840994831
157.39830265267625
155.01126845587078
155.49090816445988
136.32157576275617
136.00034681616830
140.03326796594015
148.08786181757637
133.08856645680720
139.97759465574961
128.16720971159020
136.70945992833830
118.76409118127714
122.47468026620166
110.63151452471108
122.08044680079807
112.64500988092381
120.97368577616109
129.23066895956572
134.50889861586671
138.66276072508452
140.92700313791366
128.43166913699932
112.54091567653397
120.26003166527383
108.24545484840954
118.37259192229442
127.31294756927818
113.46434676062289
121.77909911171787
131.91025254599907
136.51502222900746
122.97210355094397
130.62714426355129
135.53989413260828
137.44906048980747
142.20557422662193
126.17835363934171
135.25787023452568
145.67445459401696
151.89513390135389
158.00714195603001
170.31732197642944
172.52253906969494
181.32056298507715
165.72182200912829
161.58916668206194
166.08813601880459
176.62059535102279
181.80213960722412
189.91909140748970
183.88457795998190
183.07487423793967
168.12476080832110
180.29388926436175
188.97546434561059
195.05536841967020
189.51640960887934
185.93655409555217
187.96090227836396
180.63210019757480
174.86373687048220
180.67516976958410
180.17851321507351
187.99396513499119
190.23429178785520
193.20402593942322
193.91987321695748
195.96380901494740
188.50287176984045
187.38346888452523
189.94576290260585
166.30189924762522
130.57489309364439
136.17687443556014
114.63345402204338
125.03576031642140
132.91347442417654
118.47596097024230
125.82599437023356
127.36592996677197
134.28946392515394
138.38501750276103
150.37653098549768
152.53671082854697
139.11651181666670
148.64806560050366
148.95164105099761
166.12500586244261
159.41791229210972
167.58263567565496
170.14807748897283
158.57660561904800
142.84639067203943
146.64071203046635
132.09602834510650
122.01444795146277
111.43118431939604
129.45499895235935
120.51456614778053
131.69187628849323
120.77907723031576
127.78998310560067
116.80252414410172
110.43927095968047
126.75441313421817
118.29885898987568
111.90792104362698
127.23940622160856
117.39046137166632
112.03192731454368
127.51886814853233
116.74779470177944
128.48912667423818
143.09768835997650
154.73257826633494
161.89200019608006
151.47588927271323
135.77681019884594
149.27070721003355
157.27536224308668
167.24786909090784
173.10272788222488
158.58129604931443
162.57980351341362
145.58904877915970
150.51772280181331
156.31891255368745
167.40686942377772
179.67775874103819
184.94421411123352
169.94682043309768
177.39287231195988
177.09207166341974
185.54497590530812
194.38831454139756
202.97774930026179
203.05609941908455
206.27287788589575
189.11690933093760
183.83142760468940
164.68444259341851
175.07072253415822
180.17372001759026
188.42422549869264
186.85977782116154
182.14339438045988
190.26492045788225
184.84306709905186
192.55342802997612
171.38266774079162
175.09267490351527
159.00774258875194
167.42321133004225
171.25850457261996
180.98619063599563
172.84638005461667
178.14942768978216
181.65021552130679
181.03445373542155
190.37795537469475
171.85392005470254
156.06904000855764
135.96699804064119
121.62739520622995
125.59339188433952
138.07237370169321
143.45487387360424
134.61847418862604
117.82594811426304
123.26770921984215
112.69987233012586
121.45180407643039
133.65692645038882
141.81536690515651
130.12716683147346
118.99906039448132
139.31652419348177
151.39032246842712
159.28051892458345
167.05111317392164
170.76158167933349
175.32003495924266
153.15981148325835
160.76519824310404
139.99579357747589
123.47023541267237
107.59897527936384
94.11273835642935
109.30576038627510
126.45997838828080
110.72027931568685
100.10867860874784
83.83562994363407
97.39042960774073
86.09279515778668
102.44367314163298
115.78573879646011
127.01029984196549
115.30737437704678
104.13563595606600
119.35954737331309
132.54494334069378
122.02023169863891
131.99972560494501
139.82826759446900
152.89131741070383
136.19997930760960
147.10724166083543
134.87002193230771
151.63511254614539
156.92334313662977
161.26397687647267
171.07019268817848
182.25707723697582
161.14037653422821
141.77138131302564
158.19205834920271
144.63783314167301
132.31832872821025
142.38378026809841
125.87190199990283
138.17823757391190
149.87667500194675
134.13549637900201
122.26051959440193
113.32368014739723
103.02729481082936
118.51102669889350
105.44605939052842
92.13080629963285
83.66705430078800
84.34302611931523
101.79841484723005
93.92555436198447
86.12272965102564
92.00672657748248
85.23941021613139
79.13062989743591
68.20082288433213
61.35590255988375
84.01838438392092
99.49061378552764
93.59436215552282
84.11308172637956
74.72540731740678
90.30839322385174
104.73297057268925
123.03130017597817
109.05287197262788
121.60560345245162
130.00568957096124
115.01569796715707
105.95144143240822
98.82933934872537
113.59470221391453
123.31002997405425
138.84880316431244
152.08906505093123
138.67230704045437
126.77388417786347
119.76416406170883
111.17077767991660
123.15398672753437
138.33004806003839
145.55958408761185
132.54525974148436
119.73714497190012
106.90217460303259
120.27538872214755
112.12295484449608
121.71658147013213
109.16086334221730
122.53225892353257
139.33776440115733
146.49751579513688
133.22948909819391
154.68613024471736
170.21861735965552
157.18163935547787
147.24271378636033
131.63359837465615
120.00561536861147
137.77638734528898
125.45918579245925
109.62616426041245
138.83272902953303
155.22512716310959
177.03352205445759
159.32406167520702
150.15160770457140
161.74403385382482
163.56303793183872
173.08853244312098
178.93347214793334
181.55892065249290
184.52000783868462
183.88082193443802
169.82969008687661
174.99365111908401
159.26577602343531
144.91943760043810
147.54936004791293
114.53522191716313
108.94469056697218
96.29749883982859
89.83307181218780
101.03760160410154
95.42037905364973
76.84426186197446
91.64532410164036
84.45853558418102
76.51163533920730
89.10572285183432
108.39474674994997
100.84815656170272
113.07990672867855
128.45756446108666
146.13497929330757
131.85773442857359
149.58489957703685
156.47723312643529
152.49084091676210
134.45006124119647
139.40099543571247
125.55064586060514
118.59491973628140
106.58787961938484
98.65822907100640
118.94253468509477
133.07353334918599
122.74708629929333
134.73898544890636
135.23492086590994
123.57894040900143
124.49432601072954
113.22604479798257
115.09958443855759
127.79764671203765
114.90148959926358
111.89426055145819
106.36516903239557
98.90792266042780
88.82334220468375
102.54525975860979
115.87309115919703
114.11656181022468
106.04452107326958
121.67308456642978
131.05340451157502
119.73010747138724
128.76941037757331
122.45498090444387
113.84104254189113
103.98622679530300
87.24924761888235
83.12488743137666
106.31330545346785
94.73241296956293
108.72247261075000
98.90640861564336
107.97323513117634
125.43597918243935
115.89812694659882
118.29577467287056
106.64097509744524
102.82868292678270
109.09520743578506
123.09974856464025
112.94812079782869
132.38944045119950
141.05440565294373
150.31144230542245
155.01304142972492
138.91063829609053
125.38631680546787
110.00910661492662
126.32660998389093
115.96456855475904
99.82215328586668
93.92756488443918
112.32572912802449
103.93905867925125
122.78718373546479
111.15185599200007
107.08040344566739
108.10030771613577
96.58268865399891
86.57697315952954
105.56118826263832
118.77861804939040
133.14515810469956
141.11699093677228
142.06848529857942
146.48431337673063
124.32384244336710
139.83714629477538
123.70297084304042
140.75952548899721
123.25414158844322
132.07128649144357
146.75777773253103
126.24041242574445
132.16606203359225
132.20329053159915
134.38928110075551
123.57869066493365
138.80852905110254
128.71316300919938
115.64174293473907
105.43437703883077
94.23582506023646
106.01045973467872
116.88661943597242
130.43044629912816
138.16025584830936
156.69837877729401
160.99316126820148
167.53860170105906
174.24863448674054
179.44212088993675
192.12174075759859
169.84479527332462
178.09922626796987
187.38860492029613
167.33202340810848
149.34745585240941
147.40206255555717
129.02879535098270
132.43133084943966
146.31349943910487
154.59197190910325
168.88457928990053
148.03519738541868
147.86327597520065
161.21392290837457
141.90495910749476
134.24000698785156
131.71691663836987
147.12247230334074
154.43459969936401
160.55942825073103
144.85516906580446
133.20536149900539
107.28805723891425
101.10086474375814
84.73233354138266
55.03608901064543
68.03598914308708
90.30426177555019
98.53515309111806
108.65232711089348
98.39850180873651
116.52677930442879
107.95927358999018
98.85142411783350
115.67844225343927
105.80352326391511
94.91212346023507
107.20541173599280
71.71863952956205
62.07847629522099
73.88763431674647
97.39535530114951
76.89631393014980
97.16121588823135
84.32016442369105
96.31936285799750
102.50176758896826
63.86826545729600
80.99475610140577
81.65546614183069
79.47853349402861
93.73198227026631
69.24618655595252
40.36970544278874
13.28989247767044
29.90822130826949
2.15923605580865
-31.99156013721513
-7.18859473112668
-38.40301753640657
-2.85496980343495
-1.74126325829366
-1.15694539958434
-37.80471453215505
-70.89242771298967
-46.00372197359127
-44.33694210832779
-40.04901367813239
-14.77359263923284
-19.39233430189360
-41.41178229329151
-18.20928651838210
-17.78824063424493
2.64598994495593
-16.58666511234809
-10.19366007925863
-20.33889249758725
-22.45548685678884
-39.73576609327760
-37.28841013883473
-17.32015651770006
-36.29339886623347
-31.93607217341957
-8.97843831933992
-26.33124355169776
-26.89049683109774
-28.65224399250563
-29.94102044221233
-49.04643903560603
-20.65226314500063
-1.91258288742641
-16.66976379706076
-17.89851008986581
-27.51601446202267
-5.02471077236799
9.32045102245301
24.93206996875034
15.12552832071579
11.73047641352750
14.77789678937036
32.77883725485886
48.22266786823084
41.66633699337630
70.09941756606344
53.39996890021889
41.83617631692435
34.45682208671295
32.92984100715336
15.61044397406681
7.19854196368481
-14.67786106332729
2.37337513053671
2.02579988867951
-1.47646639893125
-7.43591002954136
18.49111100579168
11.64218871852619
23.94612599973746
43.38481017103916
65.95939817549294
76.97173494328430
59.17309144640340
70.31699367602269
38.87231676262257
22.94569048256831
41.07949136073283
34.70654532372696
27.58275267401462
17.30776516892374
32.06062465379645
25.61650907888606
42.44347519552834
57.98747372905028
46.12010578716366
37.67737709886891
29.10186349455846
9.91892520491339
5.04871689756378
-2.08158758237150
-2.35056333655795
21.21435408995114
39.52844452893614
58.01927678915896
74.16738781615234
89.96268061305980
79.51030782814647
66.74616940033681
48.74910667307844
63.13744617148131
75.31828687885297
67.72491924473779
74.61515879501636
65.34859875125761
59.54023600931022
70.46378009104143
80.60847756047650
93.85579316994701
107.07114081521911
113.80074462425181
102.50633033717631
108.20154516580948
124.62435631583483
138.83350236954095
144.64986856776386
129.95401538240665
111.09095689568652
103.11137988477809
89.18830437267199
80.30778861701594
96.24816458927728
105.32524658530022
91.81199940279086
115.68183360087673
103.56071055811368
116.77495075754150
131.58298570133371
147.60977039307437
157.38202931906289
161.16475056946044
162.15523680917954
169.75243896245001
171.78192597790718
160.29524144095276
166.97217595131795
179.19873631844112
164.90066949483077
152.97884449564989
136.66675034213509
150.29749699861597
138.29136496312438
143.30042949137669
130.23086930102073
144.05082179160607
130.95896399896958
146.41972519690324
134.37421608354992
135.62657459761971
145.88258453020097
154.78707569160983
140.00331365211892
126.86104416106883
139.44098404300317
148.86539241573828
123.89068243152380
132.04913710876218
118.68935228796940
131.20823508529730
150.82078211264337
142.95994237037550
128.21548271452053
120.19450639667421
108.37796868577651
124.48846231447030
112.20236394076993
128.90133296203499
137.50775275096916
122.61928884450872
106.61552210912416
93.25184011890985
79.83975952889126
84.57542699334320
97.88368089158192
109.51412049343534
124.07646427109249
133.43220477543954
123.70907282632335
139.27540845671285
127.13653192202405
126.36238131990623
114.03128461804641
96.72615979379283
111.39141074897130
128.26920960209421
142.92206954648211
150.52227557890848
165.93769981380973
178.19144646923519
166.62517132325985
170.28996565899479
154.37752944064442
139.96055354399880
145.62935240237297
150.95741108862774
162.78795502799585
175.25716029400965
187.48604356691999
174.75741217006504
163.43559877626217
151.94446068040833
154.18325930130067
169.85202153991267
153.60522043709585
139.35368387215630
124.26125225462673
133.04710246748078
147.56005739580684
132.91868401359730
122.83580298654498
129.92740985968842
140.43375896092422
152.46349746803133
162.11393694512776
149.47530631135439
156.12634755113061
145.10298639211314
156.63869952851624
162.57377922577103
139.09030982345300
124.36179154884802
135.80778355487354
153.08901762849194
161.46629309180562
148.61849118924792
165.55499295453470
170.91281140134794
177.88054741089098
185.46223950383740
173.46731690316614
158.47513364585140
170.12816595293737
178.10791626200071
186.90690354134654
178.41932272210866
185.99892513238203
183.73757197999126
189.52268634846962
181.34647572525026
170.06983368467692
173.33441252254534
176.23733755099087
162.04651230476892
146.02808511712576
128.51670179001550
111.43593467733791
110.07074936840594
124.86278411397264
134.55744274370693
146.37096844003833
139.39992022790312
148.18665042877839
154.62519713371387
165.76036271837572
164.93774863461306
167.46752253806162
171.67602083519600
178.38796113332654
188.35824443039701
191.53682317433902
202.83765498454994
173.17420344541708
179.26478308825560
186.87179306580509
198.94350227487257
201.28051371379740
200.21897926918518
198.58189400491995
190.23249544121794
202.26719732983210
205.82389238037291
209.48830191164134
213.50249870307562
216.17041059649807
189.60033013464505
189.83023678626392
176.47148608507200
175.00686999285475
182.94567601809482
171.07497633522078
173.79314241535624
185.51958562952672
170.68905998363485
172.29571736898396
191.11029549026330
193.05929512859515
191.72678811200785
189.08418286229031
167.78626703212771
146.74797801673449
168.40829885818354
156.65005508186945
141.40553391016175
141.76638047018963
128.42509465289351
138.99738573513451
128.29856164338310
137.29342903937828
152.96509557204234
159.37389576828792
164.12555467669966
173.09486943354653
181.74656146095629
198.16200596380287
190.32005753753447
197.57178525239647
176.11576623735380
187.72426575088335
195.90254913409228
204.69694201289059
206.68087732206530
210.75351052838599
201.81852440193376
180.45092129306778
182.73416070553907
165.44265747631098
173.58500098050871
