-103.70279110437109
-81.29851566021441
-85.09855728215214
-82.55462250781238
-80.44888953489559
-71.89068575083861
-66.11748163779363
-65.47121821198945
-52.31430295588464
-51.50838121994627
-49.37809691194797
-45.76746531162628
-39.16559835804885
-33.85383040961860
-28.34882276963532
-24.96222056198975
-22.07730580581119
-19.53365280624335
-17.95087052251480
-15.60902338237721
-13.90700015879408
-12.29301117673175
-11.22544064777259
-10.41275466724369
-9.35585313465083
-8.30884439130681
-7.48088106710861
-6.63852278603297
-5.73414528776996
-5.11245496395407
-4.55663673871636
-4.08808442017451
-3.65499174074151
-3.34161772660211
-2.93478246500041
-2.62584112771782
-2.34523287818560
-2.11373671636404
-1.90472454634972
-1.70457942555267
-1.50949336985342
-1.34496791193004
-1.16670449509792
-1.06239004215127
-0.96569404148202
-0.86006413564817
-0.74814754354551
-0.66452528953890
-0.66148680938962
-0.61969994633834
-0.57610552692518
-0.47655461227799
-0.43290308153178
-0.40343557779919
-0.37187100426068
-0.33503488291965
-0.29221651078130
-0.27763887689982
-0.24399364561995
-0.22510736130758
-0.20347981068394
-0.17419736172566
-0.17532664784410
-0.21080929950160
-0.21210121404911
-0.16837375400898
-0.13604617097747
-0.13182816936800
-0.13509274763540
-0.13289799383588
-0.11900670548944
-0.13201476130878
-0.12197806377511
-0.15932094953351
-0.18762219863493
-0.19026120934229
-0.21027185871570
-0.22223547927331
-0.18902955995575
-0.17073224515192
-0.14215176113052
-0.15001795834222
-0.13876018461620
-0.14012876476588
-0.11443389249295
-0.08853204735619
-0.08966462945326
-0.08364921231584
-1693.68523263806810
-3465.07554056014351
-2214.64021394894235
-5500.81357366962857
-5499.54704789416155
-2472.05108817972450
-2473.22830359438831
-1248.13422819074253
-418.48927440678835
-5816.80572682840921
-5817.89744162973329
-5855.39795485731429
