-106.08522699776964
-146.65461834133546
-143.96138699005812
-157.16091068240428
-181.84325110133477
-201.76384200091667
-458.82204265794115
-475.59381668426641
-487.07867338828612
-470.52096272511579
-476.61039540868137
-495.04610699316584
-578.18968652053672
-779.60105588258568
-764.31727429760201
-789.72033748163699
-782.40430758444438
-873.22884384655026
-852.76084002446385
-813.70283937927593
-785.04119502117032
-765.67535760836677
-728.22852461371701
-719.76824304947104
-834.00746855422824
-807.78099532655278
-799.43014863760322
-785.75059022120445
-765.02661435293146
-757.37946349309095
-754.99917400921640
-739.55353146234961
-781.58308126178304
-778.45453747565227
-790.51880582743161
-758.44270494383431
-743.32636054225225
-711.74644112971271
-675.53502341508897
-682.23263225115340
-668.86008119235260
-677.67018190074691
-672.80590310896514
-690.29673556432715
-659.47065518118870
-630.80060266314331
-641.58203029542642
-756.30501038478076
-734.24139794698601
-736.67386933236014
-710.32567453608317
-681.05794315078651
-671.17734985640061
-674.71640663261894
-671.41649607277043
-667.78601155085562
-658.99891542231899
-791.52319215311854
-787.36487995824518
-774.91018696666811
-738.81626077663668
-739.56191199001887
-697.10006595848165
-684.02120419426217
-773.95197071410257
-739.83249587688238
-720.40756209923177
-718.98761437334940
-710.68210240436258
-756.16651925397673
-720.16566120579307
-688.71906759151398
-710.69502915027124
-671.21877864958753
-652.95898555288602
-653.31322964222318
-611.67041704814721
-579.88639288460229
-540.75580667835607
-538.37218245394365
-496.03528278710331
-496.50355611061531
-476.90077944128257
-443.88266284630220
-437.78055227496895
-517.26594651192249
-533.69515302322225
-509.24901494477172
-500.11314649795395
-471.30356556700156
-466.73534143955538
-467.85943581692021
-476.62014491579521
-463.69145996162018
-479.21740570442904
-527.58800767390949
-507.74159830968102
-495.08271386857734
-486.40585739387359
-484.17671699316497
-464.90707853470070
-447.45227609957766
-507.66001465806721
-534.88902248230715
-542.06988218706374
-549.62079203092276
-550.99535950664915
-504.28389082872070
-510.41187066672285
-496.08934501967178
-486.88401895073827
-460.38181853174689
-456.95504745566490
-432.94766988497361
-418.90441473361221
-422.17948433734341
-437.36415549987817
-404.40778278507975
-453.65046465493231
-474.03422896193860
-486.32367984101114
-494.79286466293394
-497.73159327580811
-514.60524989950454
-523.48959823503731
-536.29139571960343
-548.77280895462491
-545.63857724593197
-519.56476354544930
-523.43353539213194
-536.78450718114868
-534.15687352971565
-552.23062561772122
-553.99838585986572
-570.45224508786089
-554.68919809105171
-555.02607108028519
-555.13415499471876
-570.51122627170366
-570.07412652444486
-573.12945634006860
-569.53943307451982
-576.52875100282313
-574.18834416930611
-569.48217015252146
-559.04989074138609
-548.39757685764914
-556.76812239285118
-554.59367928190272
-555.44369228226708
-550.52315677327010
-541.81526119584578
-548.79780464972009
-559.66175485393399
-546.79827653632867
-545.59967657878099
-533.55030860929833
-532.01543241001571
-536.25437973522969
-549.18503712119468
-548.64466752671842
-532.35409134354143
-540.02719895872224
-550.51106199922742
-544.21046939635949
-529.04928425576031
-526.36113312487134
-531.19861240874968
-545.08491485959166
-557.31223248311903
-561.21212590875848
-559.14232757182390
-570.03361916510312
-575.78253028730057
-554.93840476673768
-556.84785854081326
-556.93257450068802
-568.90252318317994
-561.52183372767718
-566.21168712304143
-575.90207207021058
-578.58362959521526
-585.26649384141501
-570.87902759904205
-559.11667346389470
-560.52497620795043
-556.33595957361410
-557.35262009554583
-549.97502630122142
-556.83654856800024
-539.43094286407540
-537.01312077205353
-528.88380445904772
-540.83654954685665
-547.19104673336744
-548.88685814021096
-569.30187304650258
-590.03719948186188
-594.63711852416111
-577.25304287170343
-579.46243521058466
-569.77907978817984
-579.96294683835652
-594.52658914397671
-581.43308749134701
-586.63332390647622
-575.06087975813080
-539.12251779917710
-551.98955784543728
-570.89183833319066
-575.18955643831760
-575.79823904891964
-582.34366907106823
-570.86926574829454
-565.06712927727506
-581.15010527984566
-594.55730020115618
-580.72547231128681
-573.40033925775469
-580.20902767488178
-584.41964846546193
-583.35111214295614
-588.97172512290535
-583.79829365225430
-575.49474737305206
-575.46647603878012
-580.65108117003945
-574.99210504149687
-549.87168490052568
-554.47867676967110
-553.73777692566580
-550.85792324817282
-557.02577680389993
-563.48450813432953
-571.95002557417047
-572.69472101431234
-577.61581589577554
-558.82020841452504
-539.33817136896619
-549.09597148313298
-533.98278773204413
-539.21633651356899
-537.59481678752400
-516.76525789253776
-507.00438978065233
-508.19561204937304
-519.17038999387864
-501.74689296325869
-507.30860512458264
-486.16755883227586
-487.59795904669318
-489.93559314990563
-438.02892340523687
-439.26807084335940
-464.11698147889626
-481.42696256027887
-490.45049074795281
-507.82794416266080
-518.50135126601549
-515.41138828161286
-502.68152828242251
-494.25290452241825
-479.77430711405452
-460.48901101087364
-453.74434650146929
-462.32592692963362
-464.72540911018655
-486.41917632534086
-483.58728100428806
-494.07757096003041
-516.19702058856899
-521.10357931741328
-495.32060117597831
-496.96925469775022
-507.38685674151162
-519.98580974303036
-526.37252550196035
-541.26547475133486
-540.87097714130596
-560.83266846312688
-569.92332732889008
-560.08502740026483
-563.47886851692579
-572.84451189912147
-575.06511892184449
-588.52224440741497
-595.07433113244292
-599.27305869076281
-598.49615005224632
-596.85820463880373
-573.14310876957791
-563.95434386366537
-575.57149920114193
-554.30569268673139
-555.95619661979924
-569.25995192724065
-567.06977166130594
-566.02442995254978
-574.14066642801140
-570.89759714906336
-584.36211595050463
-571.57104552404883
-557.93423003001533
-558.60249518030832
-566.85245924629317
-552.28101412417288
-556.18294562642961
-553.50255353000932
-545.09362556754581
-532.75961855343735
-548.85229638386704
-552.67466163918255
-566.85933775261401
-571.71399755072730
-565.45644209862724
-545.01052345979792
-560.66340655865747
-570.54233599166002
-547.22315361253004
-541.93544923573688
-546.11107657082607
-535.99084290033613
-538.41127387232291
-501.46985349832283
-517.05711143866711
-497.92717224925588
-520.66549531657324
-531.99328805990990
-534.07204678226640
-503.95301280870297
-496.67642090867656
-486.65248495667470
-485.41357586864007
-499.57192079334391
-516.60597672649897
-521.69022178227078
-533.02180695815582
-543.78165408013979
-527.30420090903056
-524.75944714330262
-520.24426088009113
-515.29837546078409
-519.79778879138507
-496.27604695490862
-490.40748000527395
-484.63763096037189
-478.32600379760021
-450.69709174788852
-446.26151523898517
-466.79670197249368
-444.10356333122161
-442.76624313788892
-459.02847910030857
-464.07679130325715
-472.42203385159655
-469.35705546890165
-472.25101817137227
-432.70401951791564
-438.84595907293317
-448.05689207060828
-432.04749385363573
-442.43676464031637
-433.69786931117505
-418.35337647708144
-443.63250384931115
-431.49158034439807
-442.21838841966195
-421.90428569512534
-403.54687126571105
-370.25077161428464
-400.46964435834138
-412.72034241415963
-404.94557957551979
-396.96267348666214
-395.31033969813086
-395.42153493410746
-402.47493706291522
-411.31499534340583
-431.03057335852691
-448.22210532510991
-460.57027030351634
-471.45704212130994
-430.43867267867392
-433.69313107627465
-395.47987015994443
-421.58139897778949
-387.22432531011998
-355.20757171205724
-326.63273697333148
-355.01822662734173
-333.81850470321285
-300.70701695654816
-274.41779052461573
-254.76325261406717
-243.08781734004756
-236.39749987419572
-219.16180428079900
-260.04339934872075
-288.50142663990135
-270.01943603078610
-304.59274394547703
-319.53328972919167
-303.85568487303181
-297.62026802783521
-286.41773907673479
-316.56363430920794
-329.86967974513232
-365.65257882414710
-393.49100477733327
-409.87449237745369
-411.87491588318602
-392.92974879489680
-367.28502176327186
-350.79865770009690
-359.26685326829733
-347.21236810271296
-370.26916846572067
-361.62708705008464
-389.91111262417877
-386.68192901542966
-402.66234569095423
-407.92763924965607
-384.82879980557232
-372.42772773764318
-405.00769816756650
-391.87547190541972
-383.93572745150027
-405.11498710928458
-387.29343135547407
-375.32219015137048
-371.25386041835753
-362.50064052127141
-339.50034130449558
-319.23630524515141
-293.30419636511158
-291.00421376678486
-261.14720240798289
-246.15765982458626
-231.50657319045246
-218.50886127834241
-204.12056139534690
-194.18181581297060
-185.03717964141842
-170.64625254023386
-159.12884700707102
-159.11320208926628
-153.67124246783152
-147.19410802220145
-147.34060637484845
-144.09634155454239
-135.65421674250831
-137.62434829009965
-131.93573929268732
-164.65004857420206
-155.59472145707042
-148.63976247525952
-140.54414251723492
-129.11522136877267
-129.15482862421732
-129.49829546430715
-119.44510724090711
-157.75747953658475
-147.34579294644664
-140.71870513716007
-125.53746395691213
-130.50778500645305
-132.90239122638431
-132.32281346648813
-130.11167357458388
-129.04379092914070
-119.20949399356026
-187.71119446518810
-180.51943400099955
-192.83453027396234
-203.65692156488126
-205.38128463965899
-189.97154119209299
-177.75062557485626
-186.63470602270854
-180.61548696636001
-167.94794827598454
-154.12568698035770
-157.00024581653719
-143.87397335614725
-138.50884884044061
-127.23538581242798
-115.26981835194108
-110.42464113613912
-101.05885502869589
-98.10962006255288
-111.33726674863033
-117.91717710557441
-136.67791139158442
-143.60827064217898
-162.25436010391826
-172.02723832353055
-172.21731794089862
-140.52129758004543
-137.07947951407294
-131.55343204254740
-122.96219215707410
-108.84973738048220
-104.84940634596920
-82.67650185911562
-87.82106783578847
-90.14417507590854
-66.59030509605230
-57.23241511914154
-52.73271409175654
-49.25374418865670
-48.63162754987691
-51.64995285072857
-57.75746164701860
-55.80083033898072
-55.78066927419137
-56.34186762975052
-64.02845941842651
-38.99195201665678
-7.57577102727050
18.82196555061294
39.29840168712537
59.93888416357727
74.85563325359155
70.66524710196674
89.51120932528863
81.12883606109479
95.31483793794396
110.55965452546998
96.91130258855188
84.30881694160452
69.68827860166761
63.36483666865617
75.39645110214011
65.85009957324810
72.65681637804171
47.01840560885274
24.86986319488620
9.63831148435585
1.31580421451426
16.35401794959294
31.92546815206668
43.91059650604060
35.38135179781910
57.77861741939327
74.03999181840456
95.41236431039728
112.90164546521387
127.13977584496193
141.08772982686438
156.06878065113142
170.34176994657903
181.70719079809203
192.09537082577023
198.96220821518412
180.19349005647740
188.97248459870298
195.66202039115223
201.72565428711758
203.93769383085544
