-86.92559658023211
-111.17451054451188
-109.23516146568114
-139.16778782434736
-151.51842080467773
-148.55363781501495
-137.72731199671028
-134.28236708845594
-121.25938962385513
-153.12929554745921
-158.96685346931895
-168.08194446860870
-165.65983096301056
-163.68474671295309
-156.62222407700213
-154.78737832579870
-143.45033239519816
-147.76426178072919
-154.72314720385873
-195.05892110763338
-187.59019653017015
-179.49902034433984
-194.37952814151595
-205.72455917111401
-225.30361036103102
-233.69931178034042
-216.56104047891853
-231.31134733471640
-217.52143502570121
-205.55420282116785
-196.50377598897808
-207.27841371127187
-197.23121711388200
-189.04685715901564
-175.82253917402400
-165.77703173473068
-165.54552003702869
-163.94162355305738
-155.56333786909687
-149.48762723282391
-168.54638754539985
-179.65582567175306
-175.35125468933580
-173.03927111507221
-193.42688247529037
-184.02292246264602
-223.39684376985210
-250.81345286419102
-221.05080814225221
-217.65488114015122
-222.16095704037423
-213.12504214671691
-218.51570640141324
-206.12971388842300
-196.96659051655067
-176.84626450627195
-166.26405822648707
-166.33547716343401
-154.87017178164027
-143.13797498610285
-150.86494866651915
-136.89643622260286
-127.77874125806534
-120.67244826377309
-122.69817009960063
-118.65799552990916
-111.94281663582842
-120.57126736336365
-115.34193272945872
-145.37085036580527
-154.94616183147437
-149.11671048210701
-142.72733888493818
-140.12157331549275
-143.07687873081125
-141.37101117222932
-133.92416185666221
-161.33093947701809
-152.24941017068022
-156.71572184441465
-143.64110718698396
-161.99093621503019
-187.30793145257763
-170.91219224024258
-176.03602055570764
-206.34909751884905
-235.74887135797337
-218.67244873137849
-200.37037409541568
-184.29274662656908
-174.28662601462111
-164.49556131848107
-171.01920980525728
-158.25205149226281
-166.42210720868653
-158.64994652927706
-144.28393633657592
-142.83057492536744
-144.67556579977159
-152.19886347014682
-148.32889456042508
-175.05979372244553
-156.74977741206899
-144.82134508511129
-170.64063404113608
-157.70100353405397
-162.60237793324234
-149.44704630442578
-140.11106933825485
-130.27372731038915
-125.92334260217866
-147.57672845883133
-197.69991210972444
-239.45384638023813
-233.94598336776545
-223.04155015204552
-221.16701536578995
-195.45611646847223
-191.21807029697038
-177.71366476062184
-166.33569780686506
-159.81144985775211
-161.48089828351769
-197.64766345187698
-199.27180809634132
-212.74531752365530
-245.04596524317961
-259.73134834356347
-245.30171100535603
-249.37226914742192
-273.33831937727945
-264.26247160351471
-255.76979414998991
-256.32679038364688
-246.76291412448646
-241.34453114174559
-285.09503709845717
-284.77678795200683
-280.07354898494680
-278.35468964262071
-292.76753684423221
-309.27998599323269
-300.69828669912880
-307.68489639624408
-329.73087846887120
-340.93685474412422
-316.32062451524274
-342.42502710434968
-353.03625125566390
-363.59521946561767
-373.23399338963344
-363.07988613370401
-368.73115281632158
-373.22017679859613
-337.48169788833638
-319.34420353119322
-307.12618046452627
-296.31050001515774
-284.52191600072865
-274.04703878263581
-292.12522068900284
-284.29648379095397
-277.79850399576480
-252.76531270651242
-244.29084342806678
-226.08751722030760
-208.45763026264925
-206.84490957066737
-199.46245599087624
-198.10341879377171
-187.50939631059745
-170.92923784203708
-156.53023652199087
-155.96429659008783
-139.21439935269999
-129.30597374420250
-123.49451697732542
-124.88158936750754
-120.03877716450255
-113.03185921227934
-103.98646231109993
-98.90684305290175
-99.37168451906894
-103.03686258821737
-129.09000028177596
-118.79718172115236
-116.83204222384828
-121.89861424368682
-113.17239823152563
-116.35653397538901
-111.66814001657366
-106.29788000713671
-97.49663248753832
-97.35256508641542
-95.64197315392205
-93.36546379706314
-86.85083945979437
-85.75374798801560
-81.15772159153842
-89.48814135965155
-86.31102583601147
-86.17684966256058
-91.04092072155774
-88.86647692801068
-82.71827962863316
-76.59118046217004
-76.25296260577932
-79.56837750856704
-80.14405260600331
-76.77778706966824
-78.44257286103628
-70.75791819403260
-88.87614615338208
-81.88620519302532
-112.31062668710990
-127.06515209126988
-116.61219261303899
-103.11134565939324
-100.52528562660855
-99.12179479007527
-111.30499281334535
-105.90036733214049
-116.51434467186226
-105.53883816930555
-103.76831427032471
-93.55355358152798
-86.78503856592455
-88.97079647561524
-101.23481136490688
-103.23726876689430
-101.44487994679191
-88.44752288287718
-85.22269726577645
-83.60904852211524
-102.62751876773386
-133.82667941356880
-126.72598964614774
-121.78702378755072
-122.67981490280904
-148.77960277558063
-142.96070722813667
-148.19127184907225
-145.37049982540611
-163.32442667449649
-153.10510795525508
-162.49359408460572
-153.64013182086586
-147.18875418392187
-135.60728818803963
-129.16081184333819
-118.04831303478326
-109.06777472608192
-112.64151409866952
-105.54898650888779
-125.74880482910119
-149.09308803139083
-141.81539354640080
-138.11315725082142
-137.77697185946275
-131.19429035652223
-141.71725588213243
-149.22655437684048
-132.56943932236197
-120.93513720756251
-115.83294316244658
-108.44619256312795
-108.99676355433209
-116.42788212627750
-113.34717611423102
-112.15288438118290
-109.44708288563703
-105.16774234571423
-100.87439827485363
-98.24416126432942
-96.82548477371472
-94.55082977979895
-94.12351963694755
-91.49422062349517
-89.86522731137845
-86.09474462908123
-91.99236019083372
-89.56949076236292
-85.40428877742970
-88.68176471944481
-86.87666790324330
-92.82125424387388
-93.36375508941032
-91.80685323930787
-86.78179514986846
-75.41563318125299
-75.42619702022253
-69.22138987955407
-70.31113722864215
-62.97098218016751
-59.56188283144725
-74.91817217613540
-72.66865605926458
-67.52087210052484
-67.81344876936987
-69.74998041806899
-66.71720418492916
-64.38450466165777
-64.93807948232346
-66.17725584951461
-67.33724391428271
-70.51870826798171
-65.97964250826793
-64.08704224549844
-59.27146057361584
-54.69433461559718
-53.55208978706397
-55.70497263440673
-49.78365384644051
-44.31889653916244
-50.96046848103306
-49.86415321505222
-45.81491462139820
-46.96464002285149
-67.76212383124700
-66.21997445999378
-63.56397851770160
-60.89781412607827
-66.69776771806687
-58.34863216737942
-61.04304650422068
-59.24534949227211
-55.49176677288742
-57.52264324920630
-57.37959692493660
-61.98030424746302
-65.47019760200574
-64.58102811326059
-62.18805584281434
-59.04106349229749
-64.24852193465559
-60.31770961205701
-62.82427685421348
-60.82032952337062
-61.99349633617121
-57.30502046047120
-50.91932507625931
-53.10626301016597
-58.70668991966688
-54.78335188473388
-52.27850311354305
-48.64582501392660
-52.82612834496094
-52.88799784991179
-48.16568349258414
-49.66982220451936
-73.75540633732744
-70.35090874385330
-68.48591195455279
-65.09567841583920
-72.24469884180718
-65.82264077688102
-58.14067296632822
-47.94897966379119
-49.79752862023852
-108.21123322976209
-93.71353032325723
-95.17637148966351
-120.52263090249406
-141.86668841223093
-142.50695754744285
-162.60838811296352
-137.33769796049549
-130.39709269497359
-117.26720806392396
-118.31706156907065
-102.07764722431125
-90.83806065102097
-88.56137918867485
-79.81228337101271
-83.42109838085160
-76.04347817288019
-75.87515252383012
-89.65876718352735
-91.76229564978664
-105.37336963313656
-142.61454284128959
-146.28487106992856
-140.10875930920304
-124.36594454218556
-145.31090446100444
-137.27411878218354
-125.25586267179374
-152.84263168404669
-152.00777664065512
-173.56817060952332
-162.51324561461766
-202.08985128678702
-192.78196084352649
-189.61582055093211
-208.31463306478571
-201.47207884475716
-192.93335241263031
-198.57104797565813
-201.79401274382400
-180.75339454497879
-190.50612071230898
-193.87490724042487
-196.52687736599751
-245.84932645756481
-227.48962148893506
-207.74866439701648
-224.04446858391486
-204.66917867338313
-188.31241689849892
-168.58693809079901
-154.93841550381106
-156.29834903669993
-137.68964897270061
-127.24434858694899
-117.17388557917931
-104.85048453700078
-94.54174888018323
-136.76910749072448
-123.31623878312018
-106.87322198201691
-92.11840957853279
-100.16969765855946
-93.74515135127626
-125.07463838674465
-137.87195394983885
-126.26674780964650
-116.66468606140535
-129.17880781547751
-119.48603750085577
-126.79225150194644
-112.61965072172218
-98.30851158769985
-92.55884780015560
-88.05806511296439
-77.89495616545635
-71.95350646180108
-86.75768190400174
-75.92678353159984
-68.02516308811485
-60.39686031243085
-69.29465827103895
-61.42568248798555
-55.66026965290692
-52.35883257836236
-48.55970070545278
-156.63885249354269
-138.30012128316829
-125.88483535969017
-113.61198271002387
-109.02818382128883
-100.31290359063172
-103.55316940174254
-100.25805937463009
-105.12653567561016
-103.04569864887424
-100.96941656623737
-92.89527178410860
-81.04626443740058
-82.32804351880741
-85.24134709289328
-76.20182322356648
-68.33287154737398
-79.82011239042583
-86.15284220713679
-72.24246326277769
-71.18336866520136
-80.37141748396181
-75.93093858912734
-91.37542497017142
-106.96148836703711
-121.34719062160498
-120.05396918864996
-123.70093670161640
-108.63834458997998
-107.50740491890336
-101.22036757134542
-95.16164879493959
-88.42380658694938
-88.34311615131848
-85.81326999565255
-74.28949073020253
-65.67641829945431
-72.00386295388998
-72.35470611475698
-72.55724697602682
-64.55513484713859
-66.05887835583732
-66.38859507546555
-74.05061437272266
-80.60931635110607
-87.32799062084158
-98.23661951988379
-109.73417676679045
-110.95803479295452
-106.79356734725239
-106.32793279453651
-110.34834113670831
-106.71038195841966
-109.05938476908673
-97.67095306632483
-87.14614104955081
-94.27579874920775
-99.00898764073975
-104.86805547510190
-104.91134276817098
-102.57236070570886
-110.15185169681460
-116.08436036871018
-111.55653686856242
-123.23965632600402
-130.15048622851538
-115.84801920925230
-111.52388565627010
-114.71741004221852
-101.00032708323546
-94.01297028682761
-102.10365702001485
-105.83151790015783
-106.23236271243549
-103.17077646205165
-102.39890305782900
-98.97661716735787
-96.91668046081492
-108.80701520474400
-98.35719523714869
-85.63154505193563
-81.65582723749102
-80.99061829802613
-88.97871471462383
-78.79333898292290
-72.92081779130216
-72.59199866314569
-66.80917456937131
-65.89656548221751
-56.07274059858315
-55.12399477817417
-46.16630134240658
-38.15937626627326
-42.75917233476336
-58.13010857014045
-53.56963063133453
-46.60877111686618
-46.71427201766083
-43.59533499600848
-42.58576898514335
-45.52155375215447
-47.47797353111383
-43.65909169863415
-36.46595353961202
-38.71199319273678
-37.23908395546301
-38.08323524547988
-36.24890756142717
-33.08760197765406
-29.40084618513140
-34.06382491120701
-41.96659016029902
-50.67907668847538
-50.81925570060015
-52.41179834241311
-48.68804539694793
-52.13443614742905
-52.47045197733627
-50.97097343472304
-50.37955844277317
-48.22072281312657
-42.23458882975554
-46.44425764094682
-55.00070741460122
-56.28671340675012
-50.09536906725693
-58.72688766902017
-77.42927908944519
-83.25818408372540
-82.94346771227131
-73.74714465464854
-97.46657162372854
-96.31125690154163
-100.78322918314625
-104.44096229102556
-97.52542684375493
-87.16566123678503
-93.55713466692194
-80.96983639546401
-74.38897810321025
-70.12142895825026
-61.12502300118066
-52.02874413029438
-44.66325328462842
-43.70159621240830
-36.19776639616438
-41.74968254564862
-34.29531326900725
-26.46964595000478
-28.89641916858700
-26.64856972200060
-57.84071591689010
-58.57990172871880
-60.05237550969728
-76.15447109238647
-86.26752088810586
-89.80270778131032
-83.25222132406935
-77.45202092114579
-74.51990912843408
-72.31133910659183
-60.58601130030287
-59.36936231087444
-49.72820092116406
-51.69149102476961
-47.14525506636139
-44.46651321085410
-53.86192631801921
-51.66163035847890
-43.87167853048358
-38.86687338493500
-37.83242333959964
-33.34117448468258
-23.95458786365235
-20.87364578377011
-18.24403732999196
-16.59196322600723
-13.18246685882954
-5.60394981968189
-8.21931558159499
-2.42234523431921
-7.61228244554526
-10.31466507799060
-9.42422815845722
-8.07105395167369
-3.08006995853836
-8.95232130472579
-1.76853763411462
0.77006620949164
1.37093812729106
-1.86311875113060
-0.04418687015604
-6.36452503554320
-1.05302185042674
-1.70694146367664
20.74006331096777
20.37768470108616
25.38530231128256
18.49060504295572
10.88208797316097
5.63549057238406
5.72848945912146
7.35442827949884
7.93378847135543
4.45311084549343
1.83983455409565
5.91121145442393
-2.95246069741416
5.82147093549253
-0.95389334473103
0.15393545448130
3.07344488588380
6.90471181877183
-5.33725800432953
-6.73602273739124
-18.49271768540133
-27.63918632508165
-24.30340660188768
-17.99294691214729
-20.94630077920264
-18.78040443730172
-15.53666926960074
-13.05071541506355
-23.12229201124820
-40.13807325549060
-53.15477355647900
-45.73187329992419
-41.48351606698340
-39.15753064953392
-33.82751394211775
-43.98355363618359
-38.59417650996343
-32.73343935909765
-41.57003632634623
-20.56928147196809
-31.04180120399982
-28.76507370526448
-25.39725484279712
-23.50579207752949
-41.00094505316845
-35.12766103378644
-35.53795891575159
-27.04310214552291
-7.93296410745341
-23.61608879804828
-42.61943693280999
-38.60816015298700
-43.26968234395066
-15.22517113969584
-5.84638876155664
-1.74539763323439
-14.95822672872920
-15.36483874956456
-15.18971897730935
-17.77655857914687
-26.63766618677854
-27.71583446386260
-22.60245340560634
-13.32728147019520
-14.00789212247551
-13.53274358272484
-2.37268539088545
3.40110516747084
-0.08371075177312
9.26880124005644
4.09499734248538
-2.04834244234954
-0.47163622580816
8.99898796248521
11.18032041654691
2.19005663856892
0.20769343415219
22.33931201611906
26.13685064753951
16.86208172054171
14.33580271838417
-5.15606135526781
-11.95538875671497
-17.21194201905438
-7.62968240365585
0.31195094970130
-15.61395639579566
-15.08032470207493
-8.80981340720433
-21.94763171824285
-34.79393070442087
-51.34665635316470
-30.89379882298735
-29.46038912605468
-20.69870555882963
-20.82175814557923
-24.62704626962438
-13.69928121696917
-15.55399463081142
-13.20271536223636
9.90643546000735
6.50997358578589
0.81327044907140
-0.96338711585915
-7.40480756404122
-14.32627173856846
-15.30728402584034
-26.73644161456532
-27.77556341946319
-24.27015748055189
-23.89212832955012
-23.30386242361589
-3.24702003322943
-0.44786390238637
-2.69246776578031
-1.31305004436015
-6.35190187089736
-6.87506079451283
-14.72666775824740
-16.19113148664039
-21.55397030291035
-21.46297054003162
-24.08283388132002
-20.67851386652625
-22.26098198521714
-24.22307413898170
-21.44107381722219
-41.98857207668036
-42.01858932503659
-39.78617632455840
-43.12066294419030
-44.88474446557707
-39.53994737300272
-49.00326400464068
-55.32432129199566
-63.49124239527659
-65.64072036415068
-58.80294868238602
-54.53621534396022
-52.56464344408532
-41.07246006436930
-22.30317813181494
-2.89295303818951
-2.15966798240792
4.27963569038494
6.66691283424640
2.95168337605249
2.34314853779187
3.38341504096095
6.33226916159131
6.29979843026250
3.21872267399483
-2.55271678679597
-0.14576179060145
3.08338007963513
1.39053287287991
2.15606200717781
0.34110943864394
16.00613848325869
19.02702254867328
20.88725326509149
16.57666896396640
12.88274682841483
15.09828451197049
13.58495332172403
9.22353454930309
8.74825686647857
9.48714149374617
5.35704483529867
7.05522414761529
18.47588382123634
22.91850909442872
21.70549524988502
15.31267419560450
6.74182431718046
0.67781697073007
3.77951333356276
0.73985587970933
-5.05241435445530
-7.29935975838390
-6.32750051882626
-4.40890264183931
1.31579308454980
9.03901335947793
20.84339500089648
18.41975860289846
21.14639166578729
9.34946903394526
6.50827749008359
8.81142816119652
17.66269085546219
5.83063454949155
28.84174319840574
24.23677951128144
11.98208938158317
17.40293026801190
24.48808531848776
41.81357764713570
37.78363283851736
38.25567702333599
41.61032402719017
15.51048561541107
22.76583208722903
4.87120285809730
18.80015728215573
3.02645749201959
-13.37091337528570
-6.62942814793067
-0.19266302462362
-12.38840691956094
-3.56878633279954
4.99790014200572
10.62991392276832
18.29841282373403
14.81851886900371
1.55316623874485
12.51335360510289
9.84648442262314
20.49808617582944
35.14026926614589
22.02950100004300
10.75098479517825
4.69346208358481
2.50936172996818
8.24784458949278
-0.76139624111518
-5.07463700567747
-14.46308498482620
8.63663587478483
4.87485704461179
29.29088343945053
26.20185608923465
21.30152765330768
14.00054948784736
7.31004778483473
6.48186375464134
5.87384119291585
7.43235541265758
4.92981390846292
7.57641242843973
0.05825729210806
17.95196167260127
16.74042360136644
35.69485651234866
34.44420632486364
29.91261390630986
24.88025664049786
33.50473599414690
18.98833803510556
8.19121822397726
-3.76516053084519
14.04239138093705
11.29728402329985
3.17386407980687
-5.63615342700568
-10.65041382643986
-12.47665884174497
2.38418001114107
-4.26887081365833
8.41124706925119
17.44668940421156
12.48384046015974
1.01869964784867
-10.91361400486960
2.37682930047010
14.75013599740657
14.74627798636155
15.13113491960558
22.43538582105732
30.06570534579044
27.53304453803317
25.54615497116180
33.63499712520364
32.44189177636621
13.42525827237024
28.47271619824399
43.97382903662439
38.09341255258939
46.04590132606505
48.13235005984912
45.43398661279630
53.77033161494434
47.73570325421510
50.35504357985210
43.22342378672518
41.70940511490970
33.53889894085310
44.12002241172169
41.45435311115212
52.74150951969914
48.77658612705926
46.21712009390743
37.54102671246986
31.02790528352661
31.74916125501036
38.34266905906833
46.31590439624607
40.95734570908103
49.21745336258899
56.56955211703733
73.56029405940745
89.29102946773146
80.33803112916127
94.96995784037685
88.63258070124326
83.07871300782855
87.48514589598486
90.09222136247026
61.33075340990317
55.75512718265389
51.06219049273152
54.65395139184585
60.53338498842430
75.21001609650432
67.73857126327789
62.57054032946622
63.51630900891583
61.58402611288398
61.21168604585706
42.90671392031813
48.83557085419223
33.34092626265314
20.50045992278050
19.38494355713189
29.79704714155530
40.63491157132744
27.04818747496241
19.96798841340767
26.22736795187055
9.69961203177834
19.80487464076557
21.41614759485699
15.50841762319350
10.80858565523691
3.27567874071388
1.25492915634390
-2.20548805395702
-8.14456975301979
11.51176735805558
11.09035262216273
21.35410404618507
18.33678101248725
38.22852599651738
41.67050356062497
48.05014401223690
23.49789810304256
23.09861301154173
22.48492781286973
19.34718883736857
16.28883237375945
12.57507232573669
11.27560682251864
15.23675997409936
20.23433570989628
17.35800410544480
42.37946287217112
32.84008494642067
28.88975749654850
27.25497500298968
34.01627904243500
27.71531950962042
27.77374098891082
27.31385999111070
24.46857970854854
18.38510359099974
42.77134983109110
42.99589602443485
37.23513534619511
33.97761041246590
37.29231089827105
38.01165135343059
37.83498965960850
32.25515007718407
39.73574769960641
36.82805991821898
44.54770143384814
35.69411328780387
52.37404986596171
46.93608194869524
44.18269337052129
52.28528181379932
68.81825702950164
85.05847489133798
91.96667197262704
90.87972575911031
105.18561316259134
95.19084465458513
109.79949640365540
97.82424954571042
92.26095841146206
83.39906082655024
78.53552875031039
73.09634234246444
72.00922410083110
43.47918176702896
45.72745972444142
40.70325909717141
45.97726139441194
46.12844426247647
48.85042822374304
69.97568211724047
72.82983142708764
83.22795345636075
73.06978790529219
90.15421053249979
96.55151478423521
108.88250118474053
103.87614236912172
95.27432727686015
105.93057084371691
97.35831286073910
111.44504497101660
98.00998635148881
97.97146381148542
108.90630651479881
116.16550150855009
124.90499895830717
134.02054250697509
149.13080082890428
146.50880781249654
146.90894507525965
132.04827406828898
123.94270341515603
127.44595135460465
139.27452134790630
125.13001152996816
136.91035938386634
144.12681818825996
134.43121164366386
142.28380154813573
118.32250961243260
131.89661048482822
138.57779852668395
125.17516651962029
112.61615855344583
92.10150666759149
79.32291961730714
67.13526225585903
61.50993349638378
51.90798450562274
73.31061313004784
87.57142361629964
76.22844077991397
65.10149730596950
43.83010889833807
37.69083313249127
35.31596906492918
30.49300589134122
50.16965808766226
41.15357810708775
15.64424591727173
6.40992540414137
20.26118193761529
34.77349193700134
33.52632078867952
55.19523799828379
45.54022779245011
26.53964349347752
12.29120856395282
29.67629783694736
45.35325492605083
63.50571888457898
77.05391568451725
37.59211188916645
21.33948881884372
40.77971842945902
18.83299173508446
31.95522498748533
30.73728351466705
41.63753564793442
23.13305603050593
34.79356982748827
51.97590522111509
34.86406003834245
51.66659832820419
36.36647415834451
53.60448231439379
73.12215065610765
86.17118660787399
80.66878186947874
78.30466931525845
54.46741232306387
54.59821674325785
58.37462490836751
54.44895806435544
60.53724284879367
55.99172680174136
47.76430337868968
47.27631022018829
46.71960221402035
43.64374061929043
43.08851385743490
42.21006407763394
42.07788930754260
42.14184779230083
38.01995912740030
44.71065242074712
50.75279629871505
46.68690206924210
52.34278674643372
45.14494246943918
60.07344674907429
60.41962035457814
62.78757718652014
73.49670096459752
64.79442316069314
61.31657349687548
61.10347344075123
60.25865031522592
57.32443959039365
55.24918608490009
49.00383697518656
41.43174502577429
32.44730966311666
24.63664724522239
23.94879943056689
22.00277046228689
17.33112195324498
15.43417614428805
15.62573240584993
-9.45534362924913
-11.05097892446548
-14.54218363788810
-17.47501869680153
-20.26998255690480
-15.93212787437970
-47.75209738143622
-43.85514217435504
-38.84112414219339
-28.56282481803377
-24.81083641992576
-24.45084176488534
-23.91819745214081
-21.22040858717941
-24.65919946609471
-25.47200754247269
-30.46976465567987
-31.03997125434067
-26.02840518336828
-26.27347990326458
-44.80686741917940
-39.18299697489315
-34.94761705556881
-32.11482823148727
-31.03064546427923
-28.89817413676389
-27.57824951181516
-27.72959309067166
-23.03511786394947
-21.07723903229670
-18.17205573489677
-18.34928866995823
-17.91869362664765
-21.93537974528123
-22.61102664736071
-22.07973972174946
-24.66483200574407
-2.86783824660468
-5.58687344464248
-3.77181651712455
-8.97774189063823
-12.75806982346664
-11.45338186861632
-15.79251141714141
-17.44971663840580
-14.98797725015790
-16.01925600606129
-17.45048994643412
-21.60376684902004
-21.13027796521133
-26.64931339808692
-28.03804165103699
-28.71864681762528
-29.17506930663556
-30.30062894375616
-28.61061843551806
-31.01644532842241
-29.20025865124398
-27.04380280619058
-27.00546760923105
-29.48502824638958
-32.53827185633941
-34.85098870403037
-27.69579652480418
-26.72107832120896
-29.16578541578149
-26.51984695211556
-25.83319483371979
-23.30023852790499
-25.94772313447147
-29.92205514861253
-26.06121145539716
-24.91324591552168
-19.89704020589103
-20.27235553667408
-17.05369356764205
-14.93589110798770
-14.39132952018154
-13.78555902282469
-14.95522206845982
-19.05310848992876
-14.86817318222568
-12.37973541998215
-13.89132323330683
-11.73610162320101
-10.15433639298823
-7.47637699883798
-4.12117155800550
0.01838058250312
11.09764781135153
14.36855632311518
14.89036467968279
10.86292821296379
11.26218648240430
13.28168050823903
9.59294920267698
7.48454459432859
9.50726756970860
5.83083004275744
-0.80132219333293
2.61688203876695
1.20126109890517
-6.48734508197575
-3.48697506475086
0.43010712580276
0.71697891116726
-4.06087449352204
1.39301840801956
3.62913953999149
-0.88808769970189
1.92579364161707
0.88420320908943
0.73364891527947
-5.85593701476291
-3.89468683366468
-9.85230046676658
-11.40509855895535
-13.90180179894053
-7.81322602680926
-16.88335078174241
-4.75593685084404
-7.30092178319931
-6.97881869446488
-2.40250260812115
-1.16355510584231
-1.51316687844033
2.62167352113796
-6.83634143347499
-10.63124788344896
-14.60292236021952
-11.32775190707867
-5.61906543410566
-0.37634481949016
-3.31501996213843
-6.15601368305202
-9.84869005198409
-10.66594945895418
-11.42643227326415
6.23480390355493
-0.81095944364556
17.98058776559482
18.73236486214958
12.55523798079679
22.31037202807434
18.03647014977249
10.50168693601692
14.15053815222928
16.03572752573219
16.50839622187295
29.02582229949352
22.47556033582691
41.15332200768566
32.82354665353279
40.55878439282874
31.25373409293689
24.83801742736299
12.19937075009880
11.97734075607259
9.80214525392707
3.27368012795112
10.52066403184453
7.73305759785223
-0.39508900867325
1.76123557418359
-5.36836608769510
-15.12467180226804
-21.30519754899479
-17.04961823749600
-10.94761197132121
6.73371258250953
4.58165248038996
19.64456764262422
12.34181737531730
24.04292307725887
8.80995999307247
22.21921351762609
12.75653353259974
12.52725557886668
5.27636584985928
2.75098340234602
6.16064925789860
10.57465256762769
3.85998684717393
15.67501240329976
30.26803490534079
22.00232956593046
35.12762847543170
45.17014743354447
35.02010446947975
39.10438495115666
31.32835029127849
46.79943579530446
53.68545803812484
47.02702951535264
41.30829557449649
33.73816169747847
28.80701606678315
40.71472576313326
34.67895608349166
23.93886290969538
16.50956513278472
25.76010767311177
19.33121264286419
17.25932619214714
11.53636967179672
25.12804950725065
20.49198123173213
16.31727716143925
36.61292544597811
33.26929433541950
32.20306642509048
27.64551155606697
25.03132434239881
42.79793963327548
48.00666329876922
46.77531709396364
50.79695664654470
57.84723131501208
48.52909670611192
54.70251038337571
70.50844598450172
59.45060026544836
57.11999367115793
67.34997627135876
66.07997305442005
59.60413283040084
61.49498120054841
54.29199002706753
51.09066698134024
58.43378214863716
53.18800258430853
60.42813041597865
62.20411160286460
65.70116438714281
81.68184667433235
86.47286942747586
89.69232721983127
100.83502680722026
101.21144877343576
102.93039421262313
86.80097716186049
83.41609776592665
75.92012170322442
91.52206592271025
88.66446132231899
81.15209220879788
82.78833590005087
80.87743300956306
74.82756881676382
75.69960906661191
80.68726483110311
72.18613332477243
67.90775834073042
71.31403440324428
64.50992126301196
62.45204741026539
70.43272633587389
62.36354527723076
59.25412574015532
59.86083054890950
57.70455635261192
73.19847558574149
67.84512438685121
82.38006133861116
76.73509790454166
82.03620755273565
72.26777193756088
67.29476635240566
60.98220939197477
74.30758355052507
65.94377206502591
55.91661200272570
70.80293831183405
86.53776975640085
79.70328033918368
74.27887337782497
79.31837617306016
68.75752057264101
56.49483698264755
63.24627215463310
81.77353711393536
63.30606368687927
55.66621079416413
56.54511675441147
48.09388224423063
58.69078496383534
45.39343530628535
59.04934166773118
78.93488745997830
63.79565662458432
60.25029678149983
74.76098256996323
85.96036979257624
80.30815517634764
75.28534556390105
64.77182786977062
58.25889205985911
52.96481143345275
72.79824037472504
58.14187801249012
65.92634376734425
57.60141055967200
61.81921389255513
76.10580549648517
67.53062090943925
61.76427699634480
51.42242756711653
61.04914807636763
66.65808933209789
61.18317245414997
56.09992376775762
45.84765838074699
52.16132010280833
50.35300422444760
55.28078306151573
66.74076497853193
74.16763551610705
80.17760232531447
83.72714416364558
83.66327453062807
93.72512420946990
81.44338734936031
93.88406839185339
100.64751358758284
103.54485173716715
106.58003339675382
115.36385546819025
114.73808413105125
118.65991883323197
107.44887363566234
115.65465467664906
102.62463197220896
87.35812178210773
80.46518466850424
91.39625004477121
93.66149688818034
92.41180199550725
84.09025977255817
70.13024248995281
74.61347905924595
59.79072900511415
47.18325897485965
51.05126053794320
34.76212920060762
53.91795734298025
60.76447414435543
78.92209664285249
92.01192080110383
101.99331832690601
112.54551423787227
115.43893005882008
77.75447078982380
89.44502456763067
104.22939777083747
92.54524390053186
94.86838974437654
80.98117573083030
75.33744033881261
67.99251027623544
61.10761791308423
60.61764649855816
65.27775126539224
54.62540853844870
53.21287438322840
47.70077090123047
54.39071107640632
46.24104032680626
42.37654117503749
35.94305061026320
35.97302959279785
34.15488363393345
48.60014610174230
58.46781502632634
65.96957612215040
54.42789071661025
62.94330953913059
56.12858004261470
53.21209456483275
53.74009329137743
51.04715283342764
47.19985911001499
60.60885958503230
57.10055143743126
64.08457507459694
73.93572438385728
66.87550441268392
72.50765931555921
77.10221880913920
80.87866105240691
75.23409613743590
75.15368061727767
76.93170231583177
85.10887595542377
89.81290159965103
93.83598815023915
97.22537888505674
97.81193897845532
99.76335753686297
99.34073761957555
97.21796555875243
98.35614175456112
90.62781465344816
96.02315999396841
112.23440833610569
111.46733045675673
115.42491218886397
118.34302625862944
132.68654166703448
115.93956865781496
118.96626046928220
123.49013559882779
111.34567345330584
95.89812859669111
81.93353014546784
91.65766544939373
102.30700457106472
113.02984701878484
122.74597128841658
118.89058583589252
103.93721988434173
113.73599316882229
106.17578312538311
105.09700090107420
110.00421915055874
112.11759615937710
114.42818652694893
99.27944818475397
87.91511471573838
91.02019500052381
81.38102082985222
89.67871386153202
76.66760726124997
69.63217430020393
61.58415922852716
73.74349857781141
64.70380158250985
72.13087987046630
80.61600451787169
51.52208841032613
36.93274698238659
28.98044528040985
36.61682208926783
30.62925329114179
26.03066419386549
2.86027340188628
6.04431433439706
-9.04493286204405
5.40045694183840
7.37087877507848
23.00758722845819
37.68365873665054
-21.10133667290832
-4.79952004258422
-11.08043363946081
13.36439342747541
10.50818866733556
4.23215085388832
4.21551939036394
15.13099518390714
25.10746662055399
38.79111958319603
35.81776862675235
42.16808574420877
47.53387439590244
47.08282441529475
51.77776596807147
58.30461786567492
49.81153356549769
65.94218091015996
76.67956919432748
64.67436257727358
60.07985728614639
65.88437216972881
64.64859966071431
40.03373503456068
38.23734417386365
48.53431657863353
71.72361563621634
83.61972278668082
84.04707526673518
65.14107901849553
52.64470020758247
48.13814097590956
32.11838522053733
46.06887480362082
54.87305656454222
70.75208539297518
83.77190457245247
95.76847193732695
97.26021490432521
95.93387101931653
99.95066340996770
97.22323017238760
83.16243114701116
73.18913178413376
66.12610604777559
74.99574385440660
66.12774148316257
71.70429802576270
77.72356148804623
82.42075165593828
18.64887638998491
13.76128563166718
5.97431877320373
20.18518426136337
15.62668880981406
28.57005662399908
23.19861283788843
33.69950464748116
48.64359290023355
59.51913720157200
52.46852407541851
43.41795100146554
34.46811350162989
26.81150643478776
34.95007352352213
26.87494256463220
28.57116430462827
36.57588758286845
51.00308769290989
54.56811123345830
67.50109275632889
58.34540709931557
50.68898915178876
39.72150373313617
47.79116450488769
37.60014040968197
30.88248240355950
27.90863579112062
34.76722094357832
39.47323462445380
50.80211635420922
47.17755917670787
44.44915279075896
39.58552239634766
45.95089333321106
55.14060527838055
60.06448948203473
68.84562855028547
76.31258950987700
86.30053599448698
89.87565151045889
94.89654539673285
98.74243362850670
105.73187219874492
104.25536837142749
103.56168437561809
102.81926159090273
93.73597569110204
94.84871929958992
96.07272500513911
90.37614898368854
79.90547987501913
82.75747460117316
88.79771431732074
97.13385831749150
100.23036799755002
104.01763198721189
96.50400844687255
80.60490386933452
77.55811893022214
70.93541963876868
62.73815333611361
83.51739353742903
45.35498767009172
51.07720767077141
60.83629046450292
70.18911913946364
80.61622281735040
86.30714733471859
88.54129055622576
93.36916535650741
97.67565907389485
79.69379729067906
80.19452641365272
75.88138185317483
91.02001911829197
89.92617530685544
97.45539060200649
96.56330721784498
96.83226593661371
85.54299032768070
91.95321543180738
98.69675249656353
100.91958412240211
89.03692089420034
95.49454864777407
89.36052052070308
99.93245152517224
103.21558693620732
105.82590249025395
106.18073931735962
106.22850550938442
107.24074286396522
105.44069940462214
105.09861844056198
106.86561971726282
98.39021143019018
102.20156586151778
103.73852854430984
99.97907579986480
90.68065631620750
96.01492328617493
97.04196608896834
101.78315886872110
103.38844890096580
104.60449729802704
109.32893847684757
81.81636876560231
88.17938697951584
93.00282304788377
97.81292736216307
83.23173793884294
91.88806127580537
92.96711410961760
96.00674281556756
97.68080974887962
99.88978818434380
102.40499385709319
108.10166577154202
108.38299769854392
102.32797170403178
103.85537352158808
104.56786884134135
105.96285363382404
95.86680306689816
100.54894237934207
95.67770945049381
97.44204523557227
99.88439691656572
106.11126293398890
113.63756984646491
115.19769668882640
122.39443369565804
125.17658847939788
126.81758465196958
127.80724172812006
130.18251607608863
114.37217539157385
104.78072257714098
106.57193602257959
109.81493305894092
110.03814057897597
111.69022498634776
112.91410143943432
111.84857793871444
114.06627883421964
115.94894882332682
116.09418903065517
115.26331927777085
117.24344083284902
122.79427336166235
122.52492181059294
122.39575445787037
119.37467887063910
118.42432811874295
120.90329848901321
118.00429294138691
117.82860345610084
120.46513982686697
123.51762221100525
111.18061046351499
97.74143382129805
100.00107559146302
104.46509370005185
102.09641616818242
94.65961549976197
101.29832662593385
107.46022936289872
108.16593874118831
109.71539796110099
111.94404252051177
117.17260108791096
120.41939278797318
121.84177083571120
120.30195413555094
118.19629186136338
122.03183923845043
124.50195156131889
125.74164462633863
125.67510668813877
125.13839988282356
128.92056497727563
139.99032978202365
128.62364706098512
130.13764531781476
132.15068171407648
118.33429278101019
115.77686472119818
121.60789169418487
122.47311967683987
124.21771909626128
124.01548650392947
112.59016430211085
117.22762155019362
117.19513393273724
122.19725069062984
108.09919074191555
102.00845365319464
92.99491054339281
86.79058678137559
94.79987276104006
97.19142786138090
100.94073399428464
103.98813228390016
107.63996280631693
100.13822034785375
104.00585282263074
104.43926903904141
99.03427380518303
101.13171920924239
103.91429266634373
103.80147554252379
103.85637111295438
101.88437545064166
104.80418145006641
96.44424971064353
101.24043014425519
89.35154932170485
96.56139425623836
85.15877473831479
79.32931101046313
84.95810916184068
88.81629104993364
97.30514015704735
100.86375909970369
105.13069683537954
110.13416074898272
114.09416398209518
112.18633914963520
111.30993042050025
112.66460686474161
99.33492840494438
102.31839241485650
108.03640456977243
110.21458017809672
96.52125261010114
84.04758778673981
74.49298194002407
81.08313753004589
83.17976118575284
78.48044474923748
88.93497583049860
94.93920907298504
87.40850619004060
92.52255559945947
98.49855696032478
104.43147509687593
105.70795193118042
106.27936215049482
112.81389244894733
114.01462669063319
114.44643612768664
116.90232393987739
120.10430870593781
123.53020995924838
122.57255939459459
125.32048741127797
129.34673493402735
130.91780983596988
129.22907674628297
121.92304963219129
119.33099330597588
110.14852870140858
112.50337371619764
113.07782788502188
120.98633494437925
124.10589216387851
126.79021438950642
135.69705463348265
135.47294137927065
136.57573082753098
140.42669384065994
125.70678714462900
127.11618784622313
116.36008101119188
104.66194390517803
91.65099316723848
94.59126461323714
80.39258678145625
68.00876721525772
60.09506326629851
49.29511832358367
42.45773740028724
42.30532858466947
34.02580376251277
44.15068183196053
41.67392777644756
42.18421409816752
42.40943910818194
36.73821128176142
34.75985993930009
35.12052821635359
27.68725414229380
24.37450231511762
21.01657753588760
19.87383104952569
15.54158310551863
13.81120939970228
24.57819057013700
25.80690811474908
23.26174920934603
22.37487407303405
25.13186241858013
25.58543528937287
20.41114088302112
22.98609663173811
33.45682014626222
32.59124401690774
30.09561241499252
31.78933665219802
30.30476374284883
41.42833240094743
41.46637397754625
37.33257140257679
49.26103449896044
46.16132597334035
65.40403606697915
57.72175477871917
55.26160989471514
61.47028759238498
59.42517945057992
52.43067954436869
47.13762610628127
41.87695790276465
39.26993321504997
37.50846065371803
47.80791395135304
43.20587337252599
40.81092037885269
37.87932751639077
33.43625987980838
46.21121069198767
53.75090950333631
51.01209244979785
47.66081577223459
53.93635940876785
64.98430975557297
71.12213182925348
64.49158306029184
67.43950778466618
65.30530021040774
70.89780286629784
75.55362404485966
83.84764919899634
90.94274767064957
104.81875552963430
95.69738633093456
99.24829379057567
96.24359997469151
89.41235607636895
77.87598740712129
66.76932795975092
76.11505906398038
71.47099294478639
61.37294865620424
51.18500764891034
57.98578258932874
46.97686085780272
44.70808660445362
37.69174866711009
33.67716210920604
33.12743771300922
32.51468713416804
31.22254207061807
33.03554172769624
32.44564766456974
32.20890085641447
35.29271794461521
31.76021106568053
32.38097671468265
33.26532039953439
42.90009739694629
40.73938267561943
42.24085657610969
40.70520232257255
40.94828984423715
41.84309213160028
39.15191330238667
37.88452131332671
24.37847109897110
37.90657144042126
35.92440213549664
39.41202558062240
39.57543252195268
50.33878212504394
50.10835525598579
44.30304054351681
43.77780340017519
42.18353566844704
33.06762319796414
31.92568031096999
31.12376651797970
32.55121076066946
31.96434565519938
39.09097560551761
48.30872590616581
41.75001635968763
40.29696217667018
47.30399003271810
55.62037833358862
47.29557656042430
53.62517076635956
54.04110392904688
51.00137198491385
61.06442188217159
52.60976129157618
47.93883702851912
41.58217440020611
46.65551977914964
44.84717211643217
40.67775811787568
54.98171537414940
64.08802536508620
70.68742666392043
58.79324714826200
54.83622937623237
50.78936584945289
59.10177702340275
75.80154286977788
68.24096286737863
47.94450977164448
45.86960045335360
39.99253134819385
39.89903612919452
52.33790085818259
49.17869341467757
47.74775670541912
47.17988484837868
39.86338868035043
34.43227553478814
32.06354315148106
31.50677636253179
28.01557374664624
28.61379328477102
38.81327572750978
49.01235595131850
45.79655199957856
43.07598291916456
38.67787706092236
32.17121175959455
26.29170415419630
34.07709293792588
29.02285693327283
41.70196346722219
34.28975128584906
41.42401640301099
34.88775777697927
41.81043686794929
37.50022118372182
45.58498934406312
56.68175726032724
62.99727160127247
58.95395789201436
80.75320239948755
70.34625804320734
73.61114467247322
79.99435816062365
72.95566054984987
78.59624470409119
82.36658025243338
84.05649844826046
89.86037800802697
82.76661424627342
76.03674692472239
73.46420098610164
65.48613611800639
70.29232754815703
88.81976203145058
91.94626956427423
82.58826717535489
86.50789659716136
80.89483838850697
86.88228022247380
79.29390563285607
74.10093430366405
70.42430653544579
61.84528919837742
52.07075842795386
46.64350901561879
40.37835378166343
49.62607776576888
44.58657745904567
37.64884557527729
48.18536452969767
47.64863166516781
55.25140068602833
50.68614389735427
61.59718745338247
71.50582531051516
80.04197828906510
86.85724229399617
90.87851914223918
107.98646638288409
94.64798219405496
99.37955995758352
104.85399783523684
109.00515263104489
112.12216392852569
101.99458639069944
103.92981462497349
110.81039253868400
103.62174584745092
110.97602876077387
112.13163128764329
121.72720897641737
107.74017177395525
110.51901470198315
117.32110629724880
107.21113242415140
99.58282965331009
105.93814397204331
112.24956210376607
116.69101295293613
103.37264076294552
92.92495771151857
104.76505527624154
108.15981860771372
114.46247917249109
118.53282833849804
123.45969027507195
120.07527442988631
122.19722905592889
127.22393412648375
112.19632919753506
116.27839578352156
120.33251132912324
107.80574632744548
94.05323532919755
95.04035129051319
100.24964208014470
89.71074226080582
92.23178043545190
76.49797508655884
83.29713700826167
90.46908049467514
95.31408469434871
97.15769638287799
100.98971685401538
105.31752148474214
108.53247217861649
111.26238617793707
99.66326831058289
101.27450662845791
71.67233816721537
80.06060610525850
88.41357897633668
90.73904814356422
93.58740103126955
96.43672436883584
97.46985625897813
97.55091133517735
99.70299447993457
101.40050964668283
105.89644473266631
106.64559221000059
110.09502250952130
110.39990653751529
111.13763641235606
99.20469584846354
102.84780822009910
108.87599407210595
112.27891117352627
117.85878386469747
121.70343204646080
124.20722113744829
123.96943705359986
122.60245966811627
119.14488731286413
103.02160837866822
108.48625612996975
110.05157786421788
113.42879714480465
116.65034947086443
107.07887005174254
94.62207696261649
95.56169917392779
101.78192161712002
104.10305352840999
105.57170073193335
95.44302651590043
100.96167366597136
106.55056190342005
108.67944942372017
98.33523918038026
87.38411215152861
93.11755302201463
99.36149938531156
90.81053431845737
95.88955658104985
86.42233422005864
93.26001559327796
102.36059858166779
104.86422770572227
93.76761736379427
94.95189156282034
99.21052350981711
104.21755664909986
107.40463037613014
112.71905277336577
115.52748404547636
121.33160305157701
122.81670964479214
127.96996521371175
127.79974736170907
126.72877272616191
127.37903220941615
115.20196093939899
106.16335572276745
93.13524712806448
84.99208208811888
76.72207999677751
68.34940242396605
72.09690294149770
79.45004886880112
72.13942196926992
66.17361296406055
57.46041160092432
67.41892235688695
75.34612560794872
82.78306029608113
74.08467774358662
83.25835826244662
75.25018753565890
80.83944998283174
87.17062233568656
80.64249359342516
87.56132128382419
92.12735691189718
84.48795138468158
90.98082722763937
87.69111810933811
90.25192213982740
81.20349743345803
90.43614936566263
99.25122662587826
101.41041203427260
88.52068571100480
89.05008291830202
96.71708095341307
100.25604529653354
102.50860833905594
106.46963233941923
88.40432659007615
91.32819799530198
95.79391682889332
97.26796821844735
86.39465242221343
94.79104795934118
95.64285094656130
81.39846767177622
86.56713594571755
91.61281165574007
99.62174264875493
105.28671316007427
108.49898776384065
113.56120899968649
102.12516844363938
115.98852578972222
121.47242624401885
106.55245809705607
109.15771103966104
112.07218792678432
113.34795606360341
119.48284082329792
120.77947989572316
120.73710957264180
122.98734684752671
111.10555706435490
110.52013744278737
112.54755419603202
111.28107687782108
104.08057175199379
96.55498997817617
99.76706906821890
89.42114023177888
94.22317606921892
86.33319188380892
95.32173543142483
99.00297866818921
88.89645358595982
83.61045684740341
75.59628568449716
68.74126307663045
77.38841180904511
69.67240331596983
73.06162955345584
65.46128937977986
71.33947331873573
68.76206834527378
74.73745327633328
70.40266047915266
61.51002440294311
55.23129343270799
53.87728457618674
50.87245577663110
61.30504553432154
70.48338140186726
76.40648266086389
78.96612795732827
86.08355965017888
99.76621887075555
92.60128781949739
95.84871241909539
106.33244583809997
104.01387557714648
92.74507939151350
94.19384205846893
100.42082972991594
101.00955054596423
109.88465005533575
99.70660107925222
90.01529993134605
92.25594324068551
84.93016488272092
76.81071426959281
90.44834181535006
95.52832851485054
101.10367294328685
93.19186814496568
104.30024550304351
104.22734254042311
110.22549157360984
112.80578845918355
101.96560995373123
103.88987523701246
116.40820567452145
123.73324813724109
133.88830692498081
129.42459999230260
117.36750043361441
119.44997446380171
122.59149941330536
125.81456011754076
127.86857316406218
127.88792204808924
126.44329708356295
123.38911879656258
127.23718874891347
113.60541567472129
113.48746448755833
120.07596230740599
121.49134138153458
121.09916581517740
123.34526046234332
126.41858200317554
124.11602600146337
126.97957914153629
136.52364442184347
136.40566793236809
139.55987023371713
140.41904762645376
145.32544206635023
143.81139468049335
144.90488372072787
145.30760661220359
142.48365827904027
144.08724607931987
142.59229744348735
131.53453076327480
133.03458269736672
137.01191069924874
137.03617183877660
147.06720346213390
145.75763220522109
144.73131435452007
147.17680053502841
147.68692602462593
147.25536534813804
148.94629419657969
146.46384178224329
145.28221250757500
148.21852814955372
148.68456324824226
132.19983264745329
134.41171628345342
132.24171824277056
129.82383010678461
128.93770526651591
129.30007605430302
132.16245569207069
131.83665195244856
129.96367942186214
129.75465251328194
133.79975645457466
132.33211238772077
131.45700582873860
129.65747418760409
127.26090360645505
127.13966991294706
116.17972309239873
116.33722111726956
121.01308880871780
122.98555422720284
127.16319594640512
132.67817113234844
132.13405684868681
114.90422139401157
116.45632072059010
118.16740925206491
120.58751381236532
119.44422522760350
118.21554587313092
120.56267567398885
121.87283710099237
129.50637489213975
130.63750622277354
134.60075700308684
135.36771364265053
135.97574910150720
135.97289566537142
133.21502792812106
135.85158273305754
121.93804683724525
122.93156486060559
119.80241313180048
119.21535732877425
115.70514527297539
116.78984945790877
118.08527968284901
118.11011891661437
120.95901103020816
124.21172153962998
126.58883735866407
125.86114217734665
122.50677688261601
119.41204961039408
118.61755603500103
123.70491562711004
127.52198702373094
132.73256009548666
123.09848228325652
125.29200468146482
122.23169143902551
125.15124140641065
123.20613536955879
125.27699488910396
125.75816885823932
129.37110176296375
129.03789648919809
125.18179870575661
125.24530485354073
124.09133273447048
126.91451074644790
131.15278705280073
133.29879700960228
134.12963205735269
132.37249102053894
133.16548534058415
129.75469442605316
132.92530364518242
130.45120954397129
132.45685368519759
146.62276668213408
149.29716906708251
149.65387317027353
146.23712524472603
149.01795326153101
150.59384898629017
148.98166626306883
149.38048455005983
145.35638547185280
124.28409115216319
124.97886058154047
127.99937455057936
128.40692451903695
132.34370433122086
136.88259564215323
138.23405124186627
139.71127288915196
141.99533450964526
139.29488149021427
130.36153800779215
135.82663561529728
135.96449988899010
134.24119396952813
137.70795244568600
138.06965753943385
128.53115326044940
126.70412892323249
125.36008268802493
123.80533994647803
111.65519729401220
111.87706258675901
110.99893969335761
111.18358357209306
100.03422699648972
101.26737614369830
113.26623897710994
111.04140769248407
100.52082848506537
102.07313364870940
103.85657320522537
107.56287318409889
106.12121857984648
110.76829400432456
101.94357215411077
107.39775662210596
112.27404051868106
115.09607051821578
120.48284465210921
122.91198375702729
120.90283443657242
122.60124489586616
123.13781716340340
119.15242558111875
120.53391461640115
124.26335169569504
121.50268169732658
121.31324121075019
118.76093111099431
122.23234913312027
125.10382495273197
127.81433043232995
127.44502309436641
126.79976751932493
123.31338882528277
126.39631172116233
126.74410621453190
126.56140823338896
129.88623374213424
132.59111209082732
132.25195233503496
130.87976573135069
132.86437875154814
134.82445381782460
135.18930013455977
136.72510283397739
123.89962185579543
126.39238351715416
130.92603459624655
126.10040016405682
125.60510025784066
128.01250349862627
127.16005689407878
125.85235111590794
125.42728266887242
124.42536632050309
125.81004218907789
130.16121384224004
129.20683204091478
128.83585785921929
127.82704557690136
124.64338552266759
126.67719213007632
129.83049711443596
131.97050929545966
130.08046566390465
130.24055199231626
134.67389124429062
134.71055231273749
134.58005990724092
135.38318104155888
125.29736186151258
127.07801858807960
124.17642832358368
121.67812589274463
122.64602152283236
121.74981685572003
122.30979246761949
122.51071451302342
126.39457974940109
129.47107855036663
128.00398137140846
127.55076743946555
122.30322894135841
122.39751275471009
121.93873642123665
120.44444126948949
122.58531390898624
119.05839185106949
116.45282663252648
107.37136578987102
110.89770067707954
101.32714907476566
102.90959663720250
93.41515750519682
99.40224229249883
101.53618220396301
105.09744790980021
109.44781225849614
112.58330628923014
115.71371697330804
118.60242332500169
120.55048154744271
120.83465646397472
124.92264050259044
122.56803258284549
126.74806185443198
130.78948910176675
131.25147198668037
133.21060839027746
129.76146110287874
130.71597675494499
131.92795014732417
133.74963866535086
137.06852426589907
150.83294850914695
150.79493194576352
144.76769258740956
142.04742353265772
145.80645705974516
146.41648019683993
140.03358848376416
136.55940209328122
136.97798373766230
131.97561967053775
135.50763039040609
137.24009241123866
136.79713307823161
133.60028659733845
130.23949622328644
132.95239880756594
131.96132506816352
134.68599696765693
135.82841130267866
136.51034562968539
139.35947683566354
138.28731913203910
138.11402342051693
138.65821086324661
138.73870790123047
134.88015912207976
133.11583894344110
135.67297232914325
135.19826717632310
137.96010245574087
134.69469969226336
133.99092490491222
133.17214543816834
130.63562890902449
130.55160215312807
131.75702381835703
140.59471168465518
136.13788620489333
134.96989877211178
134.11433895140749
132.13779831028540
133.95303997279444
131.05508531240528
131.84046608609421
128.50030954693267
129.69949797253824
129.52018187914726
127.40619942714270
128.88012020162728
131.32715868502891
133.76554101559128
134.96283748902638
134.02961513187401
120.60573960066263
121.02766485788733
125.42882817496852
121.18082666000613
124.99161099832479
127.49026199701464
127.45227574031613
125.78989760522006
124.59567347089586
130.70644877947234
131.00403666654941
126.48338558828397
127.37807765894908
130.21268817016050
129.47776071455687
131.14448006787899
123.95946620297178
123.14283686375337
120.77714822964869
125.23100555120617
127.38730414633797
124.55556757933462
126.46864451013289
125.11181219128784
129.74362238823232
134.02628825991431
137.21297130527913
128.66226907724553
129.77409955157592
132.81495181698330
135.63474714854101
139.16235787047304
119.11396969790289
122.78551756952912
123.93127358308809
125.08463735522388
125.43509495693783
130.81217685281433
122.04367003738555
112.56073539218619
118.12030425422019
119.17758467060962
120.32722196898953
121.75107366476126
128.08047205069846
128.82405196476955
117.40337581364084
120.01729539654363
121.02956432400380
123.20585461115303
111.51085383549156
114.41060132940032
119.91193502832233
122.27595598874103
124.25971566772851
136.88742410984528
138.13659241969268
142.16665686400566
130.90677018816694
133.51576311338059
133.70138974663706
134.91123986298629
125.51738966797909
129.30359937553013
132.36062507969430
131.12929075491601
135.20715215699829
137.60645732197955
136.23066489047378
136.83890016522372
136.02465897588667
121.89550139609165
121.70716367929913
134.12189596838442
137.14796272210950
139.99707927891367
129.34182930504969
135.10513402096001
122.33279944059549
126.06807255636204
123.59474488796283
128.79054113143769
130.30565874045851
131.11028037868022
135.46143552877575
133.07331822926074
136.60648960913514
141.52997884950625
153.01570217372966
142.06778246420410
138.01993237061404
137.50161735297240
139.93333356611791
138.69016298104458
138.18379134358750
139.26025203983829
139.53159585558873
141.36629161721399
137.45486103038320
139.29313155451842
136.73872741724645
137.12144461931675
138.75651090014148
141.61429082597488
149.18261608430552
148.75453465648516
138.64753936396718
142.77071561437961
144.44617955519860
144.99614013797401
145.40465771178307
134.21851522295893
133.02370626794706
134.82833863863570
125.94210359920996
112.91490683646819
116.65497296816761
110.46350127035774
102.31256715064256
109.46904458042894
113.12861443428081
116.69932057553029
120.55274443384096
124.19782479367773
114.36214523484837
116.98414209145164
121.62838297556534
112.62690811338628
103.50905420068864
105.89462097481351
113.36090897067479
100.59698885697055
102.92779850364992
97.71014646157640
106.15343071369082
111.80485050981834
119.43728757517835
121.37784679222193
127.96552192850243
118.88244395900301
122.79660669960290
117.46549512820258
116.36148489333334
122.43860256974237
110.35848497410055
116.81213606835580
121.36463667886126
124.28722747310162
124.04349327847194
123.87112042150763
116.76859444895436
120.64686762187321
109.69599649677023
115.98275816568551
123.18176041949562
129.07557315498772
133.46669567197040
135.36867253853785
117.91686736343641
109.50238280994084
97.06370936555965
104.96084062109938
111.94775349267336
100.33623659303893
106.77881086766320
112.88466471495312
79.25611924553417
86.84086801156798
89.72058037264391
93.39245223777907
98.83153446535653
100.13644939429818
90.88985769346981
58.10431262758119
77.95412747559283
62.40151420112532
69.71995358028224
76.63022249806724
80.78540371682163
47.06814238015735
53.32227522206293
65.87811705056004
59.12802414598310
49.66564935153163
60.17102963833445
19.88444440023111
33.62396818171564
43.68525744161116
43.22238577179063
43.18058199412628
49.64787906360947
38.59202194107902
6.78435013787871
8.94255035603228
12.56147656569512
28.40119490857441
21.77489952588666
33.55586690653299
41.66096084371812
35.10135310258672
45.76797740128683
38.27077016292633
48.26237631927562
47.95830493725334
43.64605002709254
53.89701243704003
46.88555389749708
57.22901867583754
32.26810723593338
47.29812770636707
67.02878465349525
64.85550030257167
74.38193502289332
69.38706529607427
75.88025545668297
36.30891752784895
44.42765805228854
52.03331291190881
49.63770745163094
44.86994414320285
33.90717918181605
31.33767274980332
5.74483271201169
1.59104605149441
-2.68870468237402
13.48525624954337
3.79316631050682
18.58302332652307
17.50317668980689
5.38222607471961
21.78039176600886
36.33543837113822
23.57518450387223
15.66156434306506
21.57472453969185
31.60301055920491
42.39889310062231
25.12508004644417
22.79985691365066
35.48864394812480
28.43428542530914
19.14024625418040
14.14981677941297
25.22594911740333
36.68201845521615
37.40626042363352
31.00081323153534
44.28802845380804
39.00588863650839
34.78733125829265
11.01500982984660
12.03816016868533
24.45092440750822
37.69548061951578
33.45570733928047
28.74967373963974
37.35196576259139
35.54436895446599
30.06051606042925
39.62328174102255
34.13032550219200
43.56318187796473
52.55658165798214
44.88468718314196
40.98079313925140
49.25260734594335
59.22117451112346
70.31116987095902
63.23146407185411
70.00035656718441
64.93483221505575
63.54022635587348
71.77208509809026
81.76219085191940
76.91228367409363
83.51444603399351
77.50277178637015
75.10648599990859
83.70842388511258
76.10479562847510
82.65705078343795
90.36797741952356
85.72452526508386
90.71735926092843
85.84634218649819
91.24139449307528
95.97481660320869
101.69167615456567
94.86668452093991
86.51389385051893
91.11327411726363
96.78261142538058
105.22230238401187
105.44751415616425
96.39315916885644
100.27232458089543
92.07465559293263
87.34509555775229
94.09122456113288
101.06480140722640
86.17448830974790
93.54469486051642
86.34958650719749
80.77344626463440
88.24212235266963
76.42859221934879
85.11990649983647
70.76827325809836
75.93470796190923
71.93871658443047
79.34337192596271
83.36315357618869
74.55383100704628
81.33010120729941
66.87403683023553
61.42820764541020
69.18607583643386
77.73642002304487
85.81342269648181
73.33186835092118
64.96933088774779
75.31060471857195
80.03132641287623
68.03737055543236
76.84327946387712
85.33888291865765
75.29497090297640
71.72279921831813
75.74383530540165
72.75900832899350
77.93871437246449
83.21228595600502
75.42444346641574
81.33814753354979
89.72918810035721
80.09671979646785
67.41063607114714
77.12705926233954
82.76848868791868
76.76108946717869
66.49070660430803
61.75669482119898
71.13729360728865
63.83360780686870
55.77020169703211
54.88232350257714
49.46211118014357
44.98611620455532
40.97480358308326
41.93128151268586
33.33291972858805
30.87483277555651
43.98932857298614
43.49641240328332
42.84297250349871
39.88803193765317
39.11180414479298
38.31624024669870
30.57236799756271
43.28848450520971
53.39825696760034
45.37561245330110
56.54472933691086
55.00436762909008
48.03260681570920
48.72992370847271
36.59825403727541
35.01521760190909
21.34977024002539
33.25898662539495
47.03523105541494
42.07313193851496
48.75915816848183
59.89059907017582
51.24581441486431
61.89063045156198
70.39833663179776
75.90235971575825
69.25261331271106
59.85896015127536
68.00507453411288
60.12953988880256
75.90886505725621
81.99348432987738
90.71859809960334
80.99109142028829
73.51467750124418
68.91949043805576
67.84869957953653
72.74209015781248
79.99985731808746
87.82440013653724
80.23433044535392
83.65953096034481
75.86679224864622
64.88194768275233
72.69288878551943
59.91058922627608
68.43709321098578
77.25799103675277
63.12921863040518
62.34462530792612
71.61168398348525
68.29700725972282
62.01910583184229
68.61648957293404
73.60670309683528
79.40028149448059
88.03998696357749
100.99182699847799
97.64631738843880
85.71045451988955
74.04223555880380
81.33663267089747
76.87252935307554
85.13891451231301
88.65369348521637
77.18037217822194
66.63378998472116
72.30968708356323
67.47371624571501
74.60186133374161
80.23089121956642
84.89027738895800
87.30496575763408
82.30133616686395
63.64926482085860
71.79716748002437
61.71515953958725
66.40249366495986
62.44305850423601
70.34159780250945
76.66050209519463
62.60013454754470
71.79704424208245
75.09396215467419
79.52653945376838
84.11874014614523
88.76095379646584
90.22513616718548
94.12753321788635
99.70487085416528
105.17157318726741
108.13467334624754
99.13354716790360
105.80050879220394
112.88668666152989
116.14514596653507
100.98798687238251
100.42840797559322
91.84849756789058
98.36913341083972
102.43644501432865
107.21902855952047
88.84913184757282
93.31233916843749
98.05012283201505
103.25982064764197
106.65470609842795
113.74950457729258
104.94808508762800
112.49320495547927
112.69606033094882
116.84776990059798
118.21419575800927
122.28054452006650
121.95308168623131
124.81835325743208
127.94108373187109
118.07119639716682
123.14015682253435
121.79584714428023
121.46208296989515
121.70734486578623
136.35276921954437
133.10670262248573
132.28690737570960
122.75749687015839
123.11274585605803
124.31313483290072
122.03082116163986
111.31238798839777
113.33354281116824
113.93032824896926
110.66901967964517
111.09377446110463
85.81944394118851
90.41072574676730
99.00430800926003
103.85493447443908
107.19534224839668
105.23425604260164
107.93794308145716
108.81014082330319
113.80435547882095
104.17265525762038
97.34122062680795
98.55508212242657
100.08686676162093
100.59242774330100
103.49068533159409
103.85220484705590
110.31961022488568
110.44139809490517
110.71995069273362
111.41380994301856
117.24653727236019
108.80210331191824
109.40525802608728
111.66759913691382
111.31784271160713
114.81448244781866
105.38806894705588
109.64002467900264
112.66952685152316
118.75412326126225
118.88563524496615
119.12000950662225
124.52975655006124
125.01058685679696
125.54512043239278
117.40835705204209
117.89870568215989
119.85771138698104
122.67159884754899
124.75698957867596
124.50362533914648
127.28799151468472
127.40624176313345
132.49499291244700
131.44818120305271
121.73892116062656
120.66659438348432
122.99276446365435
114.57611559579941
102.27201338156588
107.08464295370180
85.51831670775090
78.97156674235958
84.69192811667365
93.26069649192605
105.93740648364746
97.72002499199083
99.67770796237173
104.46843530705202
106.66046655235131
113.07502430280887
119.86281067661918
113.46477713734529
112.98570515472629
121.49938663424244
123.67751229146600
125.33574346811557
127.08016352116307
125.51150343225167
128.36354105599733
126.98483677715323
130.35218147727289
133.66234187387329
137.39320170513082
139.33316077546240
142.53823029257572
149.16492742767429
146.86040095439287
143.69888597883147
145.69366839711535
122.24240920424394
126.39679240456127
124.60700222201443
124.55687035661897
126.34846524984883
114.48766862261149
113.51853445453818
118.81785920279512
120.45187912605968
120.09698912410492
122.79638652111096
124.30173433086597
124.18308839657622
128.85591240940738
132.87215470867565
131.66102512855218
134.59867236863235
122.09568129245397
122.29927683885487
123.97634270167907
133.29462395292822
134.17682484970911
137.34777958880579
128.15126111440139
131.17021772944111
121.96733494318300
126.94810456927046
127.82584523863447
128.87770175939670
130.70162893096770
128.94597940779505
131.65657400841795
128.87237056371251
129.45380469306929
133.27630638318976
135.48931296737084
139.87869279705004
140.04586504050613
140.89788367782361
141.04327986476162
140.49598367719005
140.82292667104153
142.23004984171516
147.89203930462642
131.32572077813657
132.28567736296395
123.49813832881327
124.99056390935232
122.90646033825134
125.87480002656758
127.73371690477583
114.56532706574396
114.47185571567867
120.06354096197498
120.48551185168870
115.89324499863902
114.60783676343009
117.66217857214171
118.16367159472595
132.84938284965824
123.95284294698531
135.98219015882091
150.89590642924770
154.95554155351405
154.18898777954880
165.45358550401684
173.14495087412106
178.74610192510954
186.46555397464317
196.00971548904280
206.38736732304912
212.47988279581298
218.12482655278552
223.23898748457637
228.17042587900164
209.91014135458352
215.84550921486300
198.33996680148084
205.46531154835571
210.33045028338148
182.24496463597629
192.18550216444993
178.53946540977248
188.08759380954567
