-11.00000000000000
-9.20000000000000
-5.98000000000000
-5.98200000000000
-5.98380000000000
-5.78542000000000
-2.60687800000000
-2.14619020000000
-2.83157118000000
2.35158593800000
1.71642734420000
2.44478460978000
2.20030614880200
3.18027553392180
5.06224798052962
4.45602318247666
3.21042086422899
1.88937877780609
0.90044090002548
0.91039681002294
0.61935712902064
0.25742141611858
-0.96832072549328
0.02851134705605
0.32566021235044
-0.10690580888460
0.70378477200386
1.33340629480347
0.60006566532313
-0.05994090120919
-1.05394681108827
0.65144787002056
-0.31369691698150
-0.58232722528335
-0.12409450275501
-0.71168505247951
-1.24051654723156
-1.11646489250840
-1.60481840325756
-1.34433656293181
-1.90990290663863
2.48108738402524
3.13297864562271
3.11968078106044
4.90771270295440
4.51694143265896
3.96524728939306
5.76872256045376
4.39185030440838
3.15266527396754
1.83739874657079
0.25365887191371
1.42829298472234
1.28546368625010
0.45691731762509
0.71122558586258
2.44010302727633
1.29609272454869
0.36648345209382
5.52983510688444
5.57685159619600
4.41916643657640
3.77724979291876
2.59952481362688
1.73957233226419
0.76561509903778
1.28905358913400
0.36014823022060
-0.67586659280146
-1.60827993352132
2.05254805983082
2.14729325384773
2.03256392846296
1.12930753561666
1.11637678205500
2.50473910384950
1.45426519346455
2.60883867411809
2.64795480670629
1.58315932603566
4.12484339343209
3.81235905408888
4.13112314867999
5.51801083381199
6.56620975043080
4.90958877538772
3.21862989784894
4.89676690806405
3.90709021725764
3.11638119553188
4.60474307597869
4.04426876838082
3.03984189154274
2.93585770238847
8.74227193214962
7.46804473893466
5.32124026504119
4.28911623853707
4.06020461468337
2.75418415321503
1.67876573789353
0.91088916410417
2.11980024769376
0.70782022292438
-0.16296179936806
-0.24666561943125
0.97800094251187
0.88020084826069
2.69218076343462
3.12296268709116
5.01066641838204
4.90959977654384
6.01863979888945
7.81677581900051
8.13509823710046
8.52158841339041
7.66942957205137
7.90248661484624
10.11223795336161
9.20101415802545
13.88091274222291
14.99282146800062
14.49353932120056
13.94418538908050
11.54976685017245
12.69479016515521
14.02531114863969
18.02278003377572
22.32050203039815
19.98845182735833
19.18960664462250
23.17064598016025
20.35358138214423
23.61822324392980
23.25640091953683
21.73076082758314
25.35768474482483
28.52191627034235
30.46972464330812
26.42275217897730
27.98047696107957
29.88242926497162
29.99418633847446
30.19476770462701
28.77529093416431
29.49776184074788
35.74798565667309
33.87318709100579
35.28586838190521
32.75728154371469
33.98155338934322
33.38339805040890
39.34505824536801
36.31055242083121
35.27949717874809
34.85154746087328
37.86639271478595
37.97975344330735
36.18177809897661
37.56360028907896
41.00724026017107
39.60651623415396
45.14586461073857
42.03127814966471
44.12815033469825
56.61533530122843
70.95380177110559
69.95842159399503
64.46257943459553
66.61632149113598
64.25468934202239
63.12922040782016
66.11629836703814
64.80466853033433
67.92420167730089
69.33178150957080
68.29860335861373
65.16874302275237
67.95186872047714
67.85668184842942
66.27101366358647
73.64391229722783
80.87952106750504
89.29156896075453
83.56241206467908
90.40617085821118
106.06555377239007
110.05899839515106
