-11.00000000000000
-9.20000000000000
-5.98000000000000
-5.98200000000000
-5.98380000000000
-5.78542000000000
-2.60687800000000
-2.14619020000000
-2.83157118000000
2.35158593800000
1.71642734420000
2.44478460978000
2.20030614880200
3.18027553392180
5.06224798052962
4.45602318247666
3.21042086422899
1.88937877780609
0.90044090002548
0.91039681002294
0.61935712902064
0.25742141611858
-0.96832072549328
0.02851134705605
0.32566021235044
-0.10690580888460
0.70378477200386
1.33340629480347
0.60006566532313
-0.05994090120919
-1.05394681108827
0.65144787002056
-0.31369691698150
-0.58232722528335
-0.12409450275501
-0.71168505247951
-1.24051654723156
-1.11646489250840
-1.60481840325756
-1.34433656293181
-1.90990290663863
2.48108738402524
3.13297864562271
3.11968078106044
4.90771270295440
4.51694143265896
3.96524728939306
5.76872256045376
4.39185030440838
3.15266527396754
1.83739874657079
0.25365887191371
1.42829298472234
1.28546368625010
0.45691731762509
0.71122558586258
2.44010302727633
1.29609272454869
0.36648345209382
5.52983510688444
5.57685159619600
4.41916643657640
3.77724979291876
2.59952481362688
1.73957233226419
0.76561509903778
1.28905358913400
0.36014823022060
-0.67586659280146
-1.60827993352132
2.05254805983082
2.14729325384773
2.03256392846296
1.12930753561666
1.11637678205500
2.50473910384950
1.45426519346455
2.60883867411809
2.64795480670629
1.58315932603566
4.12484339343209
3.81235905408888
4.13112314867999
5.51801083381199
6.56620975043080
4.90958877538772
3.21862989784894
4.89676690806405
3.90709021725764
3.11638119553188
4.60474307597869
4.04426876838082
3.03984189154274
2.93585770238847
8.74227193214962
7.46804473893466
5.32124026504119
4.28911623853707
4.06020461468337
2.75418415321503
1.67876573789353
0.91088916410417
2.11980024769376
0.70782022292438
-0.16296179936806
-0.24666561943125
0.97800094251187
0.88020084826069
2.69218076343462
3.12296268709116
5.01066641838204
4.90959977654384
6.01863979888945
7.81677581900051
8.13509823710046
8.52158841339041
7.66942957205137
7.90248661484624
10.11223795336161
9.20101415802545
13.88091274222291
14.99282146800062
14.49353932120056
13.94418538908050
11.54976685017245
12.69479016515521
14.02531114863969
18.02278003377572
22.32050203039815
19.98845182735833
19.18960664462250
23.17064598016025
20.35358138214423
23.61822324392980
23.25640091953683
21.73076082758314
25.35768474482483
28.52191627034235
30.46972464330812
26.42275217897730
27.98047696107957
29.88242926497162
29.99418633847446
30.19476770462701
28.77529093416431
29.49776184074788
35.74798565667309
33.87318709100579
35.28586838190521
32.75728154371469
33.98155338934322
33.38339805040890
39.34505824536801
36.31055242083121
35.27949717874809
34.85154746087328
37.86639271478595
37.97975344330735
36.18177809897661
37.56360028907896
41.00724026017107
39.60651623415396
45.14586461073857
42.03127814966471
44.12815033469825
56.61533530122843
70.95380177110559
69.95842159399503
64.46257943459553
66.61632149113598
64.15468934202238
63.03922040782014
74.23529836703813
87.21176853033433
92.69059167730090
92.92153250957081
87.32937925861373
86.89644133275236
85.40679719947713
79.06611747952942
82.55950573157649
85.20355515841885
84.88319964257697
87.39487967831927
91.65539171048735
95.98985253943862
105.19086728549475
112.37178055694528
112.33460250125076
109.50114225112569
101.25102802601312
92.52592522341182
84.37333270107064
85.53599943096359
88.38239948786723
89.44415953908052
91.89974358517247
93.30976922665522
94.27879230398970
97.05091307359073
98.44582176623166
91.40123958960849
90.96111563064765
91.76500406758289
93.38850366082460
96.64965329474214
96.88468796526793
97.89621916874114
98.30659725186703
98.67593752668033
101.90834377401231
101.61750939661108
106.75575845694998
110.98018261125499
110.68216435012948
117.91394791511654
121.52255312360489
123.47029781124442
129.72326803011998
160.85094122710800
170.66584710439722
176.09926239395750
176.28933615456177
168.96040253910562
162.96436228519505
160.66792605667555
155.70113345100799
151.53102010590720
145.27791809531649
139.55012628578487
133.09511365720638
124.48560229148575
113.63704206233717
109.27333785610345
109.74600407049311
107.77140366344381
106.29426329709942
106.86483696738948
105.37835327065054
104.84051794358548
106.35646614922693
105.72081953430424
112.04873758087382
114.04386382278645
115.73947744050781
114.26552969645704
113.23897672681134
110.71507905413021
108.84357114871720
108.45921403384548
108.31329263046094
101.68196336741485
102.51376703067336
101.66239032760603
100.99615129484543
102.29653616536089
101.86688254882480
100.78019429394232
101.30217486454808
101.77195737809328
102.39476164028395
101.75528547625555
106.77975692863001
108.60178123576701
109.34160311219031
111.80744280097129
111.12669852087416
110.61402866878674
112.45262580190808
114.20736322171727
118.88662689954555
125.69796420959099
128.02816778863189
138.62535100976871
138.06281590879183
133.95653431791266
135.06088088612140
133.95479279750927
129.85931351775835
133.57338216598251
133.41604394938426
136.17443955444583
172.55699559900125
