-106.08522699776964
-149.09388169315949
-137.02590943118463
-163.06511851151623
-174.84353270621523
-164.53325639506483
-158.10825108897538
-149.84063125892357
-148.27312169623937
-150.31275927023154
-150.23798032704386
-149.07587576323829
-170.96759092491948
-180.31263892792984
-176.31334094712116
-169.62553885118123
-165.87754547033583
-192.80552469338215
-191.18883646504838
-194.18175703262352
-187.74054244329906
-188.44093369691711
-189.06600660620160
-192.62545930140081
-178.91150287600831
-178.38517492578404
-171.75484806905089
-166.04268697288197
-166.72922041851177
-164.57675450451103
-151.62351727629351
-152.36909588006344
-144.89237596131420
-148.90133261076949
-148.73795018831808
-146.34965444097099
-136.35817838818062
-133.91820377939734
-128.45619207939387
-114.10780443956649
-106.16529732878219
-105.34246578566601
-118.09476858902828
-120.07199477708329
-119.60181783412014
-121.57665523731069
-116.01719855317707
-113.48583157338342
-117.38349779019184
-109.66691395380508
-107.20335111076344
-113.20251491248851
-108.59166021739627
-115.36462629639580
-127.45725438324247
-146.38676809962459
-157.09173206248173
-168.80849116305765
-179.60990762211077
-186.21409837142477
-186.59003377119208
-180.21422683095031
-183.15070617288200
-196.44352328672906
-184.43245270829169
-176.41243902225415
-158.69105089381338
-152.51931533591019
-151.50069492046177
-154.04314484160923
-150.04067260083340
-147.05323409836313
-140.51374769620745
-140.57206102746088
-138.93639484682600
-137.16375830932375
-135.22289377316406
-128.10936875313269
-127.63173073417802
-123.72582761421415
-126.18788295644224
-129.66913182033824
-130.71441189324403
-131.88980053720866
-133.64310070200420
-130.45895409489086
-127.40958004312472
-126.82185010113524
-126.68685558351490
-126.18605080057793
-123.33393684307889
-125.11871654618477
-122.59602945797330
-115.82653287738957
-114.68024527557742
-117.00005185167333
-116.83430024551757
-114.19020983359584
-107.19772908758407
-116.58200515818886
-116.79011520572408
-111.42666792166591
-109.51874989853522
-111.51827038925825
-108.50032146320498
-110.13880316158263
-109.85773121057986
-104.32580098017496
-115.17225164590651
-112.88290737543124
-105.75628869571464
-112.39973028441564
-110.93019366455766
-111.60090556112246
-120.13064253588011
-135.88381551921879
-132.72241288758593
-145.87661134076254
-133.70821465292107
-131.08342938437539
-119.94927861961506
-116.97324277623791
-112.65722380696953
-131.46092270810499
-129.01380617094642
-123.05681638725265
-119.74240412439434
-118.36850353350439
-117.27106812068854
-119.95557679355073
-130.31339641847441
-177.82015557872970
-163.27140154145366
-176.08677076855693
-175.16284670684965
-160.03958619184800
-146.28908629123825
-162.03983490713276
-156.86397997872376
-157.68155556931143
-168.27213460177498
-159.26609615170432
-159.42061561155799
-164.66842912574697
-164.96921712257728
-161.68011274039392
-149.92265525692264
-139.58477721549431
-133.01024597659065
-134.51867088279562
-141.74454514398789
-129.08435106218971
-121.52974698685729
-126.31715994398719
-117.28445402771462
-131.24552063507556
-120.60010628134464
-117.69395126053382
-111.49453923445226
-104.25549903776805
-101.77958018198852
-90.54226248461457
-83.17502983315534
-95.37213754176166
-88.34201993162915
-84.81966833030658
-99.10275839503403
-112.84632825370390
-106.64706620041693
-98.18738692981452
-101.40512812393024
-98.27287168180595
-109.66496611504779
-102.31814663181302
-99.24590126116847
-91.51534915211145
-90.23780512334322
-90.89488019139573
-78.93188821212827
-80.94494319585884
-74.85716563718806
-98.99363746034113
-131.24311530808865
-147.71476458352424
-174.01025626127881
-179.28323493882189
-182.27445675304921
-188.83042181552119
-167.88817216358561
-177.17473610526457
-158.42667064997198
-143.88564943168143
-154.74657008697125
-179.26007307343261
-199.21136100590735
-222.94061990865237
-229.34058486190244
-216.82831856443539
-236.10183175697398
-241.57333631717870
-249.62359330792540
-265.59226538884451
-240.20672707155404
-213.97666057563202
-217.92832604257205
-195.81203151772218
-174.88266203427810
-158.10421583644251
-144.40489092700702
-125.48394296802441
-116.88839844047421
-105.29469579322877
-98.66803452293695
-95.29036840815344
-86.36088847420112
-75.64614887672292
-73.62931317054121
-112.45108436779853
-99.61060966203372
-89.72545353474105
-80.21522704223507
-82.53770168980114
-79.25602249714721
-114.58244935235172
-104.78822936999644
-116.04858911169762
-153.36295162018493
-147.88737314351627
-141.43989649712310
-140.62812792134108
-139.97513937611052
-133.50577011762840
-128.72919916901043
-129.07862634973910
-139.71899806820790
-124.48422860789270
-122.84064190264652
-128.86535124601704
-130.30946965175511
-125.70903460294205
-118.14873424716527
-114.83919439707824
-112.64211627508878
-103.87973717003244
-98.47761266519015
-95.94222503807747
-96.93518636829855
-94.63476460839023
-91.68809699753471
-94.72452213682820
-116.20396328338506
-104.76055427511996
-94.24550501278019
-87.01014058329210
-72.42628635959733
-101.19886330625874
-110.56630221160401
-126.63507079224597
-142.55660789677034
-139.56507919363918
-129.70113061713951
-186.07250762667513
-184.94271888020486
-198.89621038096212
-222.73114675200219
-240.22834147026487
-260.59041285099079
-271.47626002857669
-246.48548878948503
-256.58660821620106
-235.02779412273483
-264.27700238401781
-239.52659170024316
-217.96592287504424
-223.40279510494980
-205.08089236393241
-228.01998059387088
-204.32438700849059
-190.53651844535619
-199.83182761214869
-208.32916360936858
-187.95925356925855
-215.75843900865146
-222.37596879636612
-225.72034516466942
-214.10286233119393
-194.75662728330266
-183.11901876372869
-173.23131127135534
-196.46107684275773
-188.77891902704309
-173.34888186956496
-161.72787498171692
-153.33464368655498
-170.49167154324186
-183.37035202918346
-205.84531017845592
-214.39601431859339
-196.07616701845208
-196.19149481142841
-186.87640146353422
-191.83444078698633
-173.72058566995540
-150.40524356269572
-139.64414880792469
-125.97505812588423
-114.33185740903555
-100.40947226842540
-91.85794744109545
-83.57879052758220
-77.56029103704600
-68.75612707931204
-59.65179070585383
-52.32323000023434
-47.06402697365851
-40.69875539301539
-38.99256531930850
-37.63805061233124
-32.87981255779244
-31.32294139048248
-29.27406790177555
-31.41079066063178
-28.96075642171197
-26.36023507542589
-21.26616112361803
-23.49533224867875
-18.67017546321393
-19.33338274400172
-21.04122682488597
-21.17647864454336
-19.09152754825485
-20.91862631307745
-16.43768108856616
-14.59917176119952
-11.33288500526569
-12.15687006066154
-4.92010306859506
-2.66903026576183
-5.87553728612814
-14.73812789237560
-20.05116749038853
8.78235068425127
17.12699244124929
-5.68853957796838
-2.97095441675243
-1.30514691764838
21.97602575716000
13.97900437523264
6.42356418711749
-6.38259839898271
-13.38416342611893
-18.35877408392949
-7.88191752583869
-8.84106309919395
-12.09721447532079
-1.74461481647000
2.04582449608886
6.36540418915745
-0.50010231275559
0.83571570775079
5.92333329806663
-1.74468121771624
-4.52491625621906
-2.70695596553880
-3.26150805537060
2.33913760618023
11.14768290823997
20.27065010603965
18.46247744329737
18.74669213674812
18.92049760941829
14.02653880943708
10.27087974539831
9.22638201181841
9.75221086332611
11.88166467180556
12.63074213774848
21.35858575707178
18.45908048137004
13.57707921513969
7.94857099729235
8.48784987999489
3.25668249351067
-0.83887275774303
-2.91867565902178
4.71271650546159
1.73778589150279
-0.48746231689051
-2.96287513530518
-7.30303543999906
-1.23225819209781
-7.16553099036739
-6.85431182184799
-2.07534548698689
-4.85874362620209
-7.55617617917316
-17.55187254854351
-21.32358746341325
-16.25474570775152
-14.58501078465044
-10.07198235307429
-12.66194500873580
-11.28005118438465
-27.06695977392482
-24.83297442770193
-20.62631197114317
-19.75034975772020
-18.18944101933780
-17.25703939102877
-19.51281122366789
-13.73672794875926
-11.95779788827855
-8.85888414888130
-13.14737064756827
-3.79710199718383
8.17033070849268
7.30642224927605
2.64944928880936
7.53822125293759
10.96576794896809
10.66640197196786
13.90522903553488
13.75199427104842
27.13544920175298
36.37383819754838
28.75792382744980
36.25731015605768
25.91036934869114
18.46648621757891
14.90932639688495
13.67062393696611
22.60859359370427
21.82956717513772
13.42349299511408
22.72687507408995
41.20372434072281
45.21915581161794
40.09095288627746
47.34712361527638
59.90074749216728
68.58670144938158
70.66278123890130
83.98621300029829
82.33827899220610
77.08721783444302
62.98014299044707
71.80733494770575
58.01927823804440
71.00627607009071
54.74288945167915
41.68542847095114
58.19634601559434
52.62397474525923
50.32335826364614
73.72744700356725
79.74059580140806
87.18400616562718
79.80713197035467
70.74957405685518
80.97701004739716
70.84428633714182
66.85137736249256
85.75232047398796
77.70242197399661
73.03060338520338
64.63892252963336
61.06771322335673
51.49635864605323
69.40083862801045
62.70727281892735
58.07761006340547
52.52066059745163
49.60747644922881
47.95325747294990
42.96688640245136
57.71201034646789
65.23600702939720
58.59571286731198
52.97526393502071
48.27199701128176
44.02926717588598
37.65018319365441
32.95294211120027
46.15981559212959
41.01552843199119
37.94709645837134
36.01802821336761
37.19337797348945
32.06101244343774
36.48193560804969
56.65047953266910
55.23311913909274
79.50938495262693
71.76259600655320
79.76418151050743
67.28162686606920
61.55469925553383
53.12947464205215
64.57183349796036
55.21330374795642
27.45082369899836
27.45622458955475
21.33116645843938
19.23315021004901
14.18946087769683
9.30288808002047
4.30551309546569
-5.91095694593780
20.16008237336002
7.12433101854811
3.00962595975978
-21.59361678602844
-23.51441658343627
-18.92606553793765
13.42791704560029
9.84027653352380
30.73251061905312
48.63460779614067
31.41009381905194
52.55285851489634
29.88668938807361
21.89052220288238
18.09560985797892
32.12476227864657
29.44064177387573
20.24372178494301
44.64386839467379
71.18354275435830
54.88801176302729
72.51024745746147
64.92379654297122
44.23105273318700
62.95101063039952
56.29360236443181
72.78760396065860
59.86157477498000
78.48680898698164
61.56480752729305
58.13687347356203
52.79156091140258
75.21164418268521
72.41166038654845
65.43025890662636
62.21073274549303
50.68776045485225
72.72842707591010
69.05640143037094
56.80258141708860
55.79769309570440
47.75238174087777
45.05155028122627
44.47184609891010
59.76804142683905
55.28311789930812
48.52466860792958
44.39125160962273
38.56672130168740
33.77148006762584
34.18388599447767
33.41822264446296
30.83645670752563
23.29538932307737
47.29344060815514
44.07129557585269
44.83470826734129
26.43180846929015
24.55212981801314
41.44212413737080
38.09289092255273
35.77394450280634
35.41911657753415
35.65257924555085
33.29261584734878
31.01770195928222
32.01142412265686
32.54064032081155
27.46654773035293
20.98395586536129
23.05143638357301
46.41428686697495
42.15493963070102
62.94500208465539
61.16481377755260
55.97793308458730
51.64995631401182
74.79392910015756
65.95612232002273
80.92825701499558
80.60988429113632
101.01567040601476
91.21507145692101
109.17297953808503
98.10998811830336
89.60778489966829
83.42515623928522
103.41371220085816
120.50907324056665
106.92736118755573
98.21885838187089
90.97187598358127
109.05448749972985
100.34172273985811
90.16133668429217
81.05317800549834
76.30221906629676
71.23561128429718
90.23913000340954
108.73006474973137
117.94010905760786
108.91758080877469
96.15956258464374
89.29741147438270
76.58962037634220
91.01907202183139
86.11313815710373
98.01826527535839
87.92596397055404
106.82346435629489
116.17880789003907
126.52003727096123
116.94534623228060
105.67114201544581
97.16371974146905
93.65966654688295
81.14969831355114
97.77607423702688
82.76913886724390
98.00585133789899
115.51019548697374
128.03165328039327
139.51783518325445
151.81710858031937
152.39788770019737
131.14837420508564
120.81583062383578
102.43491287875680
121.73412869661863
112.17868636337063
83.26280257888837
72.31699714961205
66.39277055798644
90.05368803375330
106.54182026494533
122.24823254360614
101.64069828324058
118.54690814154173
132.23129214971951
124.50294008569148
139.72438266253150
123.08584302368247
136.22827431253594
123.71427121594023
131.57577554566745
108.24075485555491
100.71051515585538
110.52594725908807
105.60028508871490
96.07983425243872
89.04050772644973
82.88960260779002
78.39967769910508
70.32650571626552
66.43344689640257
60.26563121468886
40.36908248330805
64.44550810582375
58.67417530581352
54.44337563260656
74.51847296641660
85.29593691371844
98.87690845489838
89.47895767062916
80.30293191904708
75.15438184777510
93.58731879131231
107.61447779013378
96.96398096243423
107.75193379297713
99.00568132937441
84.87704328453520
98.99220553291445
107.39837104041914
122.15917536217880
125.00066312609390
114.95382140402737
126.44246983745661
138.11711637171081
123.37733175236936
113.53926516866946
101.25414576638033
94.04707511223155
80.44141223880777
99.20651650834080
87.50423666336958
78.84890512873721
96.97602610054844
112.82011857462612
123.40966738090788
135.82707206205760
107.45641634375298
93.23152381160750
108.33193296252713
95.26672972057638
110.54186665359805
100.71132300168235
90.40916920011652
83.87577494688468
60.01062233099606
55.64093653654531
55.57435823270670
52.42008270053470
44.74716830604051
66.18474514266119
81.88317037092069
93.27395569570383
82.81146825660487
93.18305748326225
107.77628933657975
100.54448397945802
87.59454980513195
105.59073727506856
119.95022937853210
133.58019083112009
111.73189939757486
123.21698409721668
107.21675714567354
122.88313329143730
112.70247817392345
118.87111742218848
107.84035876023313
125.11297589733979
107.96333094282519
88.96448749560926
107.87200962764442
94.54471162712072
87.87697011689673
77.61507195515831
72.26580702287519
59.71060063661872
55.97148247918083
43.14539919172456
39.60777594099554
33.50028110684242
31.08895950597132
28.56105232112336
52.62467163096289
68.76945937820693
62.55008496580660
52.80731800967838
51.52730104583851
67.77957880175802
57.74412973484870
50.16612260606886
42.64345070430826
40.22421909564907
36.75193851501604
32.54862577353767
13.14488853007272
13.00533006990571
7.72442693878686
3.39005096656186
2.24535869306787
17.94418544116841
11.24306803639276
-22.87310081442957
-39.23685149381666
-45.40181485541980
-41.92217387584074
-10.52204129756391
-67.46652738938084
-62.37683813019776
-27.89630998320745
-26.47696461091779
-24.64194959472621
-25.19476894804912
-46.99515148217664
-20.28342335058812
-3.00584150712326
-14.34987325414108
7.89417292036352
6.65213927510110
2.03633503089086
27.48194952816525
22.31848041783388
17.73279698721314
21.64888075807202
19.58940084656519
22.25686439040951
20.90410828027254
46.24568697960454
38.44788003317543
36.18832749086587
34.07821741903142
31.42591822988392
24.72244150399918
46.42743228367772
48.00108216220225
70.37696490578830
62.74141520227036
79.21982386262863
72.14322857688232
65.76860879388016
78.02763785181591
93.78136653095947
83.82157945033192
75.76292252626453
69.62700816585820
89.82238221271095
104.66058703915026
123.57679734105349
135.02677377115612
124.33859186770290
137.63826268760391
117.16539307514540
96.70651286265888
74.35359061869939
63.69956590486289
60.38370229469175
83.79660905762452
99.69442717419049
111.52047495779399
103.91638096279580
79.38333418325055
102.50345456167209
91.27719401509673
106.61643082652856
123.69618539370509
115.06766010392509
130.49582721383470
116.90436117051577
122.91223412053915
106.96339308837517
90.78423956862436
87.13406907025674
79.97381949555907
96.04095036428367
82.53905669367317
100.92541531270494
91.96512792917922
106.76536965746979
96.36106132802934
89.33492849342882
103.70164245060820
119.90835126502940
108.65210037672175
121.09082691999947
120.61011551742216
105.20797756225475
121.10193442774076
129.84241146932720
144.42194469006282
120.74007768574479
132.61528840955614
142.94329527310791
151.81550743885686
133.93239326272825
139.99402410519980
121.58678538120006
139.40557848839870
148.38149625355038
161.34708068406869
171.21434308935122
155.70571047976026
161.94997044210666
133.71244008862837
148.14652343687877
149.56540062063198
135.90230718199342
147.77253844598292
154.98418999978855
145.16787918637760
153.66316493996285
160.84300390968804
171.39490240977347
181.21267197892453
184.93361192006211
167.51212340532976
177.13139724480456
164.84384725023665
170.92211462129114
158.20307624114537
165.69028918860380
151.22518744668423
132.44712804101530
141.14004196676979
151.87412474911739
162.36521634327744
142.43527912517129
156.46252871623315
160.68364791475651
169.11596172966208
137.50407003138824
147.74775975646310
154.61628448533418
155.84154645611648
155.22837061443536
132.13486435183881
116.47198245473369
126.40629600689306
139.49273104141508
150.88711047541568
163.35035547964111
169.26398862310020
175.19022853774740
155.50427963870266
160.82656931529422
168.62612194429778
151.12363817801184
113.19173763693125
99.48051138804742
87.07250698598230
78.58539588770087
62.75768419967437
78.98645783259863
86.42482164426343
96.12607861170960
107.96222387589323
93.71338107043792
99.27607734308951
77.22713176311981
90.10782287720657
99.12438621176624
110.60755108750438
95.77015526767565
107.34878886312902
115.16636063157461
97.80677313481149
103.72309427918566
91.70066262655766
77.30626412375941
92.92939775099890
75.62070234406181
56.88098858482386
47.02395485218517
32.16855849782650
55.45390876229141
40.14704313242538
35.73194410145135
33.85267994226888
9.45524744619421
22.93908202925995
40.32240453911403
32.20632404066390
52.33626739553179
73.21649592048070
67.76699253493813
78.83205027323697
95.15073418970564
114.17153841586304
120.57665804757829
113.48487020465866
131.56041253145486
145.00613477778850
154.94240529479700
170.24675672186504
180.13637276938067
160.53744012904554
174.59957070859110
184.86104853410623
167.58070105628229
180.51105438375151
161.48826621519083
172.88556510725030
149.90906625440527
162.82593097959213
144.33835735899729
124.48221052260538
138.58619331695283
143.72986441893252
142.22124729615936
123.16686764206599
108.81423620167803
93.72214754069915
85.04870452473442
68.44664284310782
61.64685060225742
55.18312107428953
45.95338634534362
66.60866836697949
57.30583103703939
50.15335769153717
43.60239060843102
36.90189363057781
36.13660344493875
30.47252073888395
21.91154408574292
48.01454079183255
46.93287587782714
47.19290096629209
55.60812326270835
55.45903305874253
73.94615291557662
71.60695505945176
65.68895605176219
88.83419616646125
103.39535437340786
93.06742654909523
104.40882334461018
95.54653667420123
89.25076656289467
74.37589105394861
85.23967943900479
98.07422047979259
89.45137507434684
74.51812189527223
91.48176947729262
86.29375260720344
101.00223595994767
114.56302709470042
125.65992623182703
137.58687314090471
126.80501182492728
134.28147617799166
147.95856879615590
130.33908432605881
143.70838814587972
149.63171047095642
156.86178054994576
143.46748784272853
122.85785728805604
131.05101503090924
140.20324004368450
152.29523475389419
130.68210068053736
145.61291716385875
147.81412276436913
131.03967801593447
129.35371025265022
109.23260609631491
98.35928562416726
105.47392283680509
87.77233553642672
93.94030465948039
81.06258123699904
64.70937168554315
52.95948236810292
42.79057414660222
32.78037461287960
25.52785108551480
37.13487734537819
53.06867278567688
61.33484319857843
41.30324799781831
32.35513045458723
25.92969448493012
36.40425877054007
29.76112654469658
46.52651183735935
32.32825049343210
46.35050762134046
37.08914468444468
48.72525645669740
61.03152854096270
84.52371431094392
105.22881435039878
82.92615829103534
66.56301703709781
78.54182998149712
99.23357243384714
86.68669077672116
100.83150715488061
91.41470110971912
100.21432949677606
91.50925031355897
83.75161109218195
91.09041949385049
112.34141403961274
128.04322729987504
106.67857929646296
92.77082009347171
103.70763818881392
108.17734856818288
99.54067438923097
105.64816611777044
87.81233996260529
66.71156574710845
62.13203790042458
74.11976048335936
67.94206569134082
88.23413558236216
73.86960149491787
65.50315107703354
51.49462429112151
44.06878223269390
54.24123655170234
35.86760053377280
32.25164809078882
49.75505874912733
65.82423182172869
55.47879180109106
68.85373083511318
61.40900911449528
77.53255122671212
57.76261617142721
77.89189038650561
91.31781893578268
104.77271992968116
111.94671060502985
124.60312669556600
110.20818218563066
93.67256299261805
105.40241641490353
90.85174812767694
79.01541980980407
64.65406357936425
52.86486514122886
44.64167853474076
60.86491148106590
49.20842905067310
69.03648348582608
92.25326137962867
99.39607509153599
86.60474998296532
75.71675543863972
89.64542304633950
75.14841258171728
63.65928082729804
57.90085231460974
75.52208283476872
93.59116803152889
79.91828245108218
95.43157415271574
80.59359319545629
90.08939238703253
104.78793715263309
88.72692660954024
103.62428772939981
115.09144642614233
101.47866425931026
115.48742591539664
125.14865933761376
142.83536093874324
156.90211165294610
162.39290892855536
143.77549520008731
145.70181841827630
134.95026942248626
121.53027679360537
106.63190108071235
96.05865990744095
114.29355546102234
105.02922035077574
116.02434404690884
125.80966036108724
139.16035848037612
123.53315479963993
111.01623480250478
123.83807878226754
137.35527558681997
149.35597587962246
163.55774314403050
147.94266364475897
157.56263037486767
171.19194734881805
182.93945888461411
193.10797534348353
194.60355685145333
179.68495763542145
188.33304365891894
193.27128883078569
177.64795269921757
163.78660375668127
172.41370518791516
175.77124022353007
185.92187445304614
170.95393118723229
182.80034615022390
189.43983947803508
195.98395895080802
204.34828646064301
207.66015762508059
213.53275149422007
219.23187897443344
196.57219659871419
179.33165008063636
188.18386881039197
193.44522009813323
173.99589800723760
160.48119432065067
169.62689996514848
154.46706426178429
161.45717750015712
170.70779845029406
155.57278462448738
167.95883864771781
177.59690949444496
166.42698145322464
177.70404739903148
182.16027034711362
189.78737349907362
193.95009104585705
200.06879063469682
199.65910333620965
208.70818788341953
214.27685358469307
219.92948828397940
199.03533997134963
179.18042173313660
164.35461036139677
174.13393074677992
182.26532664027917
181.32807962764340
166.28449025160984
171.46937666454636
151.69660309598018
133.59709027570733
123.84887659197446
100.73816154184591
93.07510413043391
107.88601191090906
119.02518386466409
112.49493155115651
103.31858425851746
93.80899270893519
82.07703995359810
79.35222663965484
76.67480842757571
95.95609077482212
87.92176458558480
103.40941073383226
93.62797199185665
86.03197709300890
81.56214870930431
87.65434702973062
106.53671896123886
101.43652006234552
119.88841202729525
136.32487772763636
147.50173704847123
135.08316889883471
146.68218640971421
157.30480615657478
168.80772935627022
156.51813302400097
159.48995276953488
137.62611040237803
147.33392078611473
133.51873959009336
145.93280450676866
128.85121693781693
136.12945678822527
148.32181160454428
135.82244619432521
120.50696444512423
134.35666717988553
124.96040162520299
113.20860382795507
125.94407619693729
139.92346337893247
126.83727833061479
115.48348029706582
100.73461847485962
118.63810694090785
133.22523447625198
142.37018297803607
131.14103465440215
137.73304871297012
114.87674436994614
127.88262753187355
141.74680688149661
128.79608330557431
143.89746747462635
132.01806135570584
147.66591143303953
159.61990131816370
162.88455578713706
165.48264933898693
173.62357248046527
186.87881301670458
167.22752257811266
178.50676042340316
186.79588783565049
168.01030518391175
179.94480923122836
185.77478868370690
167.75602196808401
151.52904197875711
137.41954474310464
123.42079889845419
136.23551297547618
125.81292345978997
134.37181825363245
148.43038441081256
161.65367670910473
167.28463755598767
175.95497682920541
162.45020114088501
167.13873141371724
149.06656700844977
162.41732279763471
172.02930846050734
158.40322834079149
167.12553864903413
147.31202668074548
158.88478902887638
144.18065942649821
127.11486413604510
132.11804692308402
140.76927304395832
151.09066836147349
161.78678881057220
147.07543120368587
160.21604329603946
147.11333279449025
135.90035956412422
144.94546247773496
131.54024740492304
144.48260504586136
153.25322953563531
159.21098934710389
166.50070223761816
146.33883506102970
156.80977607196894
168.30789316112234
150.38904347185948
123.01313137436995
137.33679505391791
126.13081744280578
96.28492681448623
111.37923745534009
126.41239288937268
140.11996050863689
151.97340391331343
162.74448889654548
144.54191972678638
127.88323621643073
113.97238630110921
125.00460111417667
139.77897233670006
129.11328599300830
136.81657845476440
150.47549357859720
158.88390121052493
165.58753459142272
151.70765944147149
162.50381733296464
171.77738363523841
169.78511981576116
181.82116626187690
188.41171972082896
191.88025691086784
196.19211312231624
204.18741898281721
212.67581342581656
216.59897679350357
223.86876189454449
228.48717939899461
225.49067635422128
227.25773069819948
232.15382605400788
209.31456061530247
215.82975229219105
221.71517711673380
223.99727989699323
231.59435203040323
231.74418342548839
234.45853950037207
235.84635611374443
