-10.00000000000000
-8.90000000000000
-7.71000000000000
-5.43900000000000
-5.29510000000000
-2.76559000000000
-3.38903100000000
-3.75012790000000
-2.47511511000000
-3.02760359900000
-2.12484323910000
-2.31235891519000
-2.08112302367100
-1.77301072130390
-1.49570964917351
-2.54613868425616
-3.39152481583054
-2.15237233424749
-2.03713510082274
-2.53342159074047
-2.28007943166642
-3.15207148849978
-2.23686433964980
-2.81317790568482
-3.33186011511634
-2.89867410360470
-3.20880669324423
-3.98792602391981
-2.88913342152783
-2.10022007937505
-2.59019807143754
-0.43117826429379
-0.68806043786441
-1.01925439407797
-1.41732895467017
-1.87559605920315
-2.08803645328284
-2.87923280795456
-2.69130952715910
-1.82217857444319
-1.33996071699887
-1.30596464529898
-1.57536818076909
-2.31783136269218
-2.78604822642296
-2.90744340378066
0.18330093659740
0.66497084293766
0.49847375864390
-0.25137361722049
-0.12623625549844
-0.11361262994860
0.59774863304626
0.03797376974163
-0.56582360723253
-0.30924124650928
-1.27831712185835
0.04951459032749
1.04456313129474
0.44010681816526
1.49609613634874
3.94648652271386
2.85183787044248
4.26665408339823
3.93998867505841
3.24598980755257
4.52139082679731
2.86925174411758
3.98232656970582
3.38409391273524
3.04568452146172
3.14111606931554
2.12700446238399
1.81430401614559
2.23287361453103
1.20958625307793
0.18862762777014
-0.23023513500688
-1.30721162150619
-2.17649045935557
-3.25884141342001
-2.33295727207801
1.30033845512979
1.07030460961681
2.36327414865513
2.82694673378962
2.44425206041066
2.39982685436959
1.85984416893263
1.37385975203937
0.63647377683543
0.57282639915189
4.91554375923670
3.82398938331303
5.04159044498173
4.53743140048355
3.38368826043520
3.44531943439168
2.70078749095251
4.33070874185726
3.59763786767153
2.53787408090438
5.68408667281394
10.31567800553255
9.38411020497930
10.34569918448137
11.61112926603323
10.75001633942991
9.87501470548692
9.98751323493823
10.38876191144440
11.74988572029996
14.07489714826997
12.66740743344297
11.90066669009867
12.01060002108881
11.60954001897993
14.14858601708194
17.53372741537374
16.38035467383637
17.84231920645273
21.35808728580746
25.12227855722671
27.01005070150404
28.40904563135364
25.06814106821827
23.06132696139645
22.95519426525680
23.25967483873112
25.83370735485801
27.55033661937221
23.99530295743499
34.89577266169150
34.70619539552234
33.83557585597011
34.25201827037309
35.52681644333578
35.17413479900220
43.05672131910198
43.15104918719178
48.53594426847260
44.18234984162535
42.56411485746281
51.00770337171654
76.40693303454489
72.06623973109041
70.65961575798137
75.49365418218323
77.64428876396492
79.27985988756843
102.25187389881160
110.12668650893045
102.01401785803741
103.61261607223366
98.75135446501029
93.47621901850925
86.12859711665833
87.21573740499250
106.09416366449324
124.78474729804391
142.20627256823951
142.18564531141556
163.46708078027399
173.92037270224660
166.82833543202196
182.84550188881980
181.46095169993782
174.81485652994405
184.63337087694967
207.27003378925471
236.54303041032924
