-10.00000000000000
-8.00000000000000
-5.30000000000000
-5.27000000000000
-5.24300000000000
-5.51870000000000
-5.66683000000000
-5.20014700000000
-5.18013230000000
-2.46211907000000
-1.31590716300000
-1.98431644670000
-1.48588480203000
-1.43729632182700
-0.59356668964430
-1.43421002067987
-2.09078901861188
-2.08171011675070
-2.37353910507563
-3.03618519456806
-3.13256667511126
-3.61931000760013
-4.05737900684012
-3.15164110615611
-3.43647699554050
-2.99282929598645
-2.89354636638780
-3.40419172974902
-3.46377255677412
-4.21739530109671
-1.59565577098704
0.16390980611167
-0.65248117449950
-0.38723305704955
-0.54850975134460
-0.49365877621014
-0.04429289858912
-0.43986360873021
-0.99587724785719
-1.79628952307147
-1.71666057076432
-0.24499451368789
0.17950493768090
-0.23844555608719
-0.61460100047847
-0.65314090043063
0.81217318961244
-0.16904412934881
-0.75213971641393
-1.17692574477253
-1.95923317029528
-2.46330985326575
-2.61697886793918
-3.45528098114526
-2.90975288303073
-0.81877759472766
-1.43689983525489
-1.79320985172940
-2.41388886655646
-1.87249997990082
1.01475001808926
0.21327501628034
1.19194751465230
2.37275276318707
1.23547748686837
1.31192973818153
1.68073676436338
4.61266308792704
3.15139677913434
2.03625710122090
2.83263139109881
1.94936825198893
0.75443142679004
1.07898828411103
0.07108945569993
-0.53601948987006
1.81758245911694
0.83582421320525
-0.14775820811528
-0.43298238730375
-1.18968414857337
-2.07071573371604
-1.26364416034443
-1.23727974430999
-0.51355176987899
-0.86219659289109
-0.97597693360198
-0.97837924024178
-1.08054131621761
1.42751281540415
4.98476153386374
3.48628538047737
4.13765684242963
3.32389115818667
3.29150204236800
5.56235183813120
4.60611665431808
3.44550498888627
2.80095448999765
2.42085904099788
1.57877313689809
2.52089582320828
2.26880624088746
1.54192561679871
0.28773305511884
0.35895974960695
-0.17693622535374
0.64075739718163
0.77668165746347
5.19901349171712
5.17911214254541
4.86120092829087
3.27508083546178
3.24757275191560
1.72281547672404
0.95053392905164
1.75548053614648
1.37993248253183
1.14193923427865
0.12774531085078
0.01497077976570
-0.78652629821087
-0.90787366838978
-1.41708630155080
4.62462232860428
4.46216009574385
5.01594408616947
3.51434967755252
5.26291470979727
4.53662323881754
5.58296091493579
3.92466482344221
4.43219834109799
3.68897850698819
2.72008065628937
2.54807259066043
3.49326533159439
5.34393879843495
4.40954491859146
4.16859042673231
4.05173138405908
2.84655824565317
2.56190242108785
4.30571217897907
3.77514096108116
6.19762686497305
4.77786417847574
3.40007776062817
3.26006998456535
8.33406298610882
7.50065668749793
10.75059101874814
9.87553191687333
8.08797872518599
6.67918085266739
5.41126276740065
4.37013649066059
3.63312284159453
3.46981055743508
2.52282950169157
1.57054655152241
1.71349189637017
1.34214270673315
0.40792843605984
2.66713559245386
7.10042203320847
10.39037982988762
8.85134184689886
7.16620766220898
6.74958689598808
5.67462820638927
4.50716538575034
3.55644884717531
5.10080396245778
3.59072356621200
4.33165120959080
2.89848608863172
2.40863747976855
9.66777373179169
10.20099635861252
12.98089672275127
11.68280705047615
9.81452634542853
8.43307371088568
8.88976633979711
7.10078970581740
6.19071073523566
11.17163966171210
11.55447569554089
12.69902812598680
11.02912531338812
13.82621278204931
13.74359150384438
11.36923235345994
9.73230911811395
10.75907820630255
9.28317038567230
10.45485334710507
11.00936801239456
10.10843121115511
9.09758809003960
10.38782928103564
9.84904635293207
14.96414171763887
21.56772754587498
20.91095479128748
19.41985931215874
17.27787338094286
18.35008604284858
16.91507743856372
15.42356969470734
14.98121272523661
13.68309145271295
14.71478230744165
12.84330407669749
12.65897366902774
10.79307630212497
11.21376867191247
11.29239180472122
11.26315262424910
13.73683736182419
13.96315362564177
14.46683826307759
12.72015443676984
11.34813899309285
11.41332509378357
9.77199258440521
11.39479332596469
10.95531399336822
11.85978259403140
13.97380433462826
14.57642390116543
13.11878151104889
11.30690335994400
13.17621302394960
11.75859172155464
12.18273254939918
10.06445929445926
9.25801336501333
8.53221202851200
10.17899082566080
9.76109174309472
10.38498256878525
15.04648431190672
14.64183588071605
16.07765229264445
15.66988706338000
15.80289835704200
14.32260852133780
18.59034766920403
18.63131290228362
16.56818161205526
14.31136345084973
13.08022710576476
15.27220439518829
19.84498395566946
17.26048556010251
22.23443700409226
23.41099330368304
20.16989397331474
18.85290457598326
19.06761411838494
21.16085270654645
21.24476743589180
18.72029069230262
18.44826162307236
18.30343546076513
17.87309191468861
16.08578272321975
23.57720445089777
21.51948400580800
21.76753560522720
21.19078204470448
24.37170384023404
26.53453345621064
25.98108011058957
23.88297209953062
21.39467488957755
18.65520740061979
22.38968666055782
22.25071799450204
21.52564619505183
19.07308157554665
16.36577341799199
16.22919607619279
16.90627646857351
15.41564882171616
17.17408393954454
22.35667554559009
20.02100799103108
22.51890719192798
24.56701647273518
23.91031482546166
20.51928334291550
21.36735500862395
25.73061950776155
23.85755755698540
23.77180180128686
22.09462162115817
20.98515945904236
20.78664351313812
20.90797916182431
22.21718124564187
20.79546312107769
24.31591680896992
25.78432512807293
24.40589261526564
26.66530335373907
23.49877301836517
21.24889571652865
23.12400614487579
21.41160553038821
18.47044497734939
21.42340047961445
21.08106043165301
19.87295438848771
20.98565894963894
22.28709305467505
23.15838374920754
23.64254537428679
23.37829083685811
28.04046175317230
27.33641557785507
25.50277402006957
22.95249661806261
21.35724695625635
22.42152226063072
19.47937003456765
17.13143303111088
18.61828972799979
19.65646075519982
18.89081467967983
17.20173321171185
18.68155989054067
18.61340390148660
23.55206351133794
28.29685716020415
25.76717144418373
24.79045429976536
23.51140886978882
28.86026798280994
25.07424118452895
25.46681706607605
25.72013535946845
23.64812182352161
23.08330964116945
41.97497867705250
37.17748080934725
38.65973272841253
41.89375945557128
37.00438351001415
33.40394515901274
28.86355064311146
27.27719557880032
25.84947602092029
30.86452841882826
29.07807557694543
30.07026801925089
34.96324121732580
31.86691709559322
30.58022538603390
28.42220284743050
26.37998256268746
27.84198430641871
27.45778587577684
28.81200728819916
30.43080655937925
30.48772590344132
28.33895331309719
37.30505798178747
45.57455218360872
46.91709696524785
45.82538726872307
48.54284854185076
48.88856368766569
46.79970731889912
44.21973658700921
42.79776292830829
49.61798663547746
44.25618797192972
41.93056917473675
41.83751225726308
46.05376103153677
46.34838492838310
42.91354643554480
40.22219179199032
45.79997261279129
42.81997535151216
43.53797781636095
42.38418003472486
46.34576203125238
58.51118582812714
59.66006724531443
62.99406052078299
70.19465446870470
81.07518902183423
81.96767011965082
86.67090310768575
84.40381279691718
76.16343151722546
73.14708836550291
69.63237952895261
62.46914157605735
66.52222741845161
60.37000467660645
55.93300420894580
64.73970378805123
71.06573340924611
100.55916006832149
101.20324406148934
94.48291965534041
96.03462768980637
92.53116492082573
99.37804842874317
118.54024358586886
127.48621922728198
124.73759730455379
126.46383757409842
121.91745381668858
117.62570843501973
121.16313759151775
128.84682383236597
131.16214144912936
133.54592730421643
128.59133457379480
134.03220111641534
146.92898100477382
150.33608290429643
149.40247461386679
146.56222715248012
143.40600443723210
147.16540399350887
150.54886359415798
175.29397723474219
173.06457951126799
173.05812156014122
169.95230940412708
181.85707846371437
177.37137061734293
172.43423355560864
171.89081020004778
167.80172918004300
160.72155626203869
165.04940063583484
169.34446057225136
171.31001451502624
172.77901306352362
176.60111175717125
173.84100058145413
201.05690052330871
198.15121047097784
197.13608942388007
192.62248048149206
205.86023243334287
211.77420919000858
227.29678827100770
254.56710944390693
