-10.00000000000000
-8.00000000000000
-6.50000000000000
-6.65000000000000
-6.78500000000000
-6.80650000000000
-4.02585000000000
-4.12326500000000
-2.61093850000000
-2.64984465000000
-2.68486018500000
-0.11637416650000
-1.10473674985000
-1.59426307486500
-1.63483676737850
-2.67135309064065
-3.20421778157659
-3.58379600341893
0.07458359692297
-0.63287476276933
-1.46958728649240
-1.92262855784316
-2.23036570205884
-2.70732913185296
-3.63659621866766
-3.67293659680090
-3.50564293712081
-2.85507864340873
-3.36957077906785
-3.23261370116107
-1.90935233104496
-1.91841709794047
-2.52657538814642
-2.97391784933178
-2.77652606439860
-2.99887345795874
-3.79898611216287
-3.91908750094658
-3.92717875085192
-3.63446087576673
-2.87101478819006
-3.48391330937105
-1.63552197843395
-2.07196978059055
-1.66477280253150
-1.99829552227835
-2.89846597005051
-0.30861937304546
0.52224256425908
0.37001830783318
-0.36698352295014
-1.13028517065513
-0.71725665358961
-0.14553098823065
-0.03097788940759
1.37211989953317
0.23490790957985
-0.28858288137813
-0.75972459324032
-1.38375213391629
-1.54537692052466
0.30916077152781
-0.62175530562497
-0.35957977506248
3.97637820244377
4.47874038219939
3.03086634397946
4.62777970958151
4.06500173862336
3.25850156476102
3.63265140828492
4.16938626745643
3.25244764071079
4.92720287663971
6.43448258897574
5.69103433007816
4.92193089707035
5.72973780736331
4.95676402662698
5.46108762396428
4.01497886156785
2.81348097541107
4.63213287786996
3.56891959008297
2.61202763107467
3.85082486796720
3.06574238117048
2.75916814305343
2.88325132874809
2.99492619587328
1.89543357628595
4.50589021865736
6.75530119679162
5.77977107711246
9.30179396940122
9.77161457246110
9.19445311521499
12.27500780369349
11.44750702332414
13.00275632099173
16.30248068889255
16.37223262000330
14.93500935800297
18.14150842220267
15.42735757998240
13.88462182198416
13.69615963978575
15.02654367580717
14.32388930822646
13.99150037740381
14.09235033966343
14.08311530569709
12.47480377512738
15.32732339761464
20.09459105785318
23.88513195206786
25.99661875686107
24.69695688117497
27.02726119305747
28.32453507375173
26.29208156637656
29.76287340973890
34.98658606876501
40.98792746188852
40.98913471569967
39.69022124412970
41.62119911971674
45.75907920774506
48.08317128697055
49.87485415827350
54.58736874244615
63.22863186820154
69.90576868138139
78.01519181324326
80.81367263191893
88.43230536872704
96.38907483185434
99.35016734866892
96.01515061380202
100.91363555242182
101.32227199717964
96.39004479746168
111.25104031771552
108.42593628594396
123.88334265734956
127.19500839161461
119.87550755245316
112.08795679720785
105.17916111748707
99.86124500573837
105.47512050516454
134.22760845464811
138.00484760918329
165.00436284826498
165.70392656343847
166.03353390709464
168.13018051638517
171.81716246474664
165.73544621827199
161.16190159644481
178.74571143680032
194.77114029312031
195.39402626380829
204.55462363742748
201.69916127368472
201.42924514631625
207.98632063168463
237.18768856851617
